21.89581    
23.70274    
25.79122    
23.34049    
21.95722    
25.68584    
23.83110    
21.91853    
23.80827    
22.33491    
21.40651    
24.13634    
25.27137    
21.87397    
23.24765    
20.86761    
24.28759    
27.58299    
23.75690    
22.84432    
22.73280    
22.51464    
22.91317    
23.89212    
24.72594    
23.85241    
23.38589    
24.63433    
25.74943    
25.18942    
22.35630    
23.83385    
24.29104    
24.77396    
23.37597    
24.69950    
22.01026    
23.81739    
23.84337    
22.23435    
24.21149    
23.47383    
23.31934    
23.68551    
24.69163    
24.30328    
26.16550    
24.29812    
23.43425    
25.76044    
25.27662    
24.75799    
23.45947    
21.00717    
24.67048    
22.90278    
26.60566    
24.33580    
26.14681    
23.79506    
28.15221    
21.47654    
23.72809    
23.70750    
26.06233    
24.16852    
22.38988    
23.83200    
23.71773    
21.78324    
25.14650    
24.82179    
24.76753    
22.32955    
25.12100    
24.75876    
26.06982    
23.36660    
25.13078    
26.16592    
25.80890    
24.29585    
23.21516    
25.49110    
26.13979    
23.73715    
26.09051    
25.52821    
23.71850    
25.24554    
27.18452    
25.69603    
23.66401    
21.23409    
25.68545    
27.07047    
23.24158    
23.28988    
25.24716    
24.28181    
24.32755    
22.37089    
25.69041    
22.86037    
21.99547    
23.20909    
25.75444    
24.75039    
22.33960    
21.84046    
23.82840    
25.42431    
20.05226    
24.82106    
23.82821    
24.43016    
26.54702    
26.20205    
25.15486    
21.99760    
24.23228    
22.88879    
25.20315    
20.31370    
27.20397    
23.86221    
26.70165    
23.79279    
24.33350    
22.47457    
24.91125    
24.87357    
23.90143    
21.36350    
24.79848    
23.69842    
23.20427    
25.16980    
24.24532    
23.90474    
22.53037    
24.74992    
24.34954    
24.71509    
23.16036    
23.35034    
24.85495    
24.37619    
24.22679    
24.25851    
23.77388    
23.73968    
23.16196    
23.26963    
23.35436    
22.79789    
25.27551    
24.16804    
23.18775    
23.27383    
23.35247    
22.80555    
20.34186    
23.62806    
24.87124    
25.66052    
25.37640    
23.20204    
23.79673    
23.78495    
22.75373    
22.84319    
22.96346    
25.11622    
25.93916    
23.85042    
22.39322    
23.85504    
25.27058    
22.90224    
22.81389    
25.28288    
24.22183    
24.71724    
20.51758    
22.36238    
24.40126    
25.86403    
26.24695    
23.33257    
20.00080    
23.77368    
23.28541    
22.32696    
23.80650    
24.26252    
23.30121    
25.19817    
21.48202    
23.72880    
22.30032    
25.27979    
23.76175    
24.71505    
22.73889    
24.67773    
24.78859    
22.86584    
23.27002    
24.23208    
21.31122    
21.83637    
22.35303    
20.84912    
26.75720    
25.15809    
23.21577    
25.27619    
25.21299    
24.26328    
23.74479    
22.82793    
22.74990    
24.33255    
20.96415    
23.34183    
20.88132    
24.63809    
22.39436    
22.80194    
23.22581    
23.81267    
23.31173    
24.26361    
24.21822    
24.70985    
21.46816    
23.74064    
20.40957    
24.80642    
26.66003    
26.29203    
25.07045    
21.94071    
20.94146    
22.71085    
25.33015    
20.88424    
26.72248    
26.15054    
21.82952    
23.80854    
24.11414    
25.65235    
25.67550    
24.28472    
23.23204    
26.63296    
26.87179    
26.62361    
23.84626    
26.07681    
23.35503    
22.74743    
23.31253    
27.13122    
25.32792    
25.26054    
22.36166    
28.17507    
28.05832    
24.20970    
24.34568    
23.26650    
23.29606    
23.77410    
23.81641    
22.47434    
25.07057    
25.27846    
23.43120    
23.86522    
21.88812    
22.30334    
24.25712    
21.53545    
24.21397    
27.48295    
24.90270    
20.29880    
23.78874    
22.30747    
25.75380    
22.82787    
25.28237    
24.03336    
26.55681    
22.86071    
23.24757    
22.47831    
25.69698    
26.26130    
21.84301    
20.93075    
23.21811    
26.55307    
23.81629    
23.85479    
23.67664    
23.36122    
25.79140    
21.87057    
22.51759    
26.05980    
24.23261    
25.81985    
23.76542    
25.70501    
26.60764    
22.42780    
25.28930    
22.77586    
22.78375    
23.87704    
23.85048    
26.07436    
22.92147    
26.21374    
23.36697    
23.20726    
23.76777    
22.87149    
23.30205    
23.35520    
25.22923    
27.07302    
23.32043    
24.82729    
23.29964    
23.85260    
23.83578    
21.90149    
23.72044    
23.30924    
21.34444    
25.83485    
22.29365    
24.80555    
18.95774    
26.19131    
23.19863    
21.44374    
24.71098    
23.86102    
23.83471    
23.77154    
21.87478    
24.26726    
25.28823    
22.37026    
21.99871    
21.96828    
24.75212    
23.78428    
26.69201    
24.61843    
23.32275    
25.62365    
19.48299    
23.80720    
24.24504    
23.40718    
24.80518    
23.18442    
23.29565    
19.43376    
23.35008    
21.77256    
22.84903    
23.33993    
22.88884    
24.66527    
26.64691    
22.88793    
21.43603    
24.74851    
24.69094    
27.77916    
23.88897    
22.41699    
23.88566    
22.83365    
22.97470    
22.79410    
26.76416    
25.25286    
24.33303    
23.75294    
22.39042    
26.09122    
21.86332    
24.27858    
26.29125    
22.36486    
24.26042    
23.80099    
23.89290    
22.79254    
24.70532    
24.75412    
19.98651    
25.56102    
24.16468    
23.59251    
21.84040    
23.33349    
22.95993    
22.30533    
22.33301    
23.71080    
21.84828    
25.34546    
25.07454    
21.44980    
25.57110    
24.90972    
21.92871    
22.93444    
23.29630    
23.91539    
25.16396    
26.25744    
23.34385    
21.89557    
24.65399    
26.10210    
23.23451    
24.80494    
24.36935    
23.82458    
22.29582    
25.73393    
24.20277    
24.92357    
25.75967    
25.02498    
23.28122    
24.63896    
23.30697    
22.30320    
25.75944    
22.00713    
23.74974    
21.32103    
23.78486    
21.92179    
22.45758    
22.26744    
27.22844    
25.29626    
24.63047    
23.28543    
24.28359    
24.29900    
23.74314    
22.38844    
24.28404    
20.46967    
22.43443    
21.96218    
27.13898    
25.66303    
27.01356    
24.23850    
24.77206    
20.90975    
21.77015    
25.19904    
22.79254    
24.82292    
25.70522    
26.32549    
23.91892    
23.42270    
22.31396    
26.25196    
22.00248    
22.79924    
21.36802    
22.73731    
21.34751    
23.76648    
23.33027    
26.58844    
23.19110    
23.79652    
24.29498    
24.28744    
26.68932    
22.83028    
22.79506    
23.74307    
23.80994    
26.12274    
27.05237    
22.40944    
22.31131    
24.39961    
24.28470    
24.65651    
25.71766    
24.51630    
24.27543    
23.21432    
23.68530    
22.33853    
25.22690    
23.16546    
24.74245    
22.38151    
21.48228    
25.76420    
24.32823    
23.76464    
28.10021    
21.77771    
20.89313    
22.82145    
22.34029    
24.82344    
25.18700    
21.79241    
26.10743    
24.78860    
24.28956    
23.75593    
22.54509    
25.23826    
26.19194    
24.21243    
25.29869    
24.84953    
22.91709    
24.36278    
21.35452    
22.77289    
23.74797    
28.49727    
25.41156    
25.25043    
23.82712    
25.57318    
23.26666    
21.86793    
23.30123    
25.14836    
26.60957    
27.08628    
23.30011    
22.24273    
23.23198    
24.21861    
25.15386    
22.40443    
20.87922    
22.36746    
24.26379    
23.68653    
25.17774    
24.73756    
26.58013    
21.91901    
23.73378    
26.21285    
22.79233    
22.77083    
22.33511    
22.83808    
21.90835    
21.35847    
22.82879    
21.85238    
23.82501    
21.90345    
22.40245    
22.71120    
22.41208    
23.79455    
23.78075    
23.91166    
27.24195    
21.40195    
23.76828    
25.18103    
25.65661    
22.80764    
21.87141    
21.33702    
21.35077    
25.25455    
23.41039    
23.35892    
24.34739    
21.94397    
25.79789    
24.32730    
23.23221    
27.16428    
24.37328    
24.19594    
23.43503    
25.12230    
23.27250    
23.75464    
21.80524    
23.87473    
23.37049    
19.92989    
22.95959    
25.19565    
23.68905    
22.33290    
23.88874    
22.46066    
24.72730    
24.28756    
24.69011    
25.74949    
23.85973    
26.08123    
25.65588    
24.24694    
23.84379    
22.43621    
23.90648    
21.84866    
25.66143    
22.73875    
23.36155    
23.72427    
25.72646    
23.36850    
22.37565    
25.18632    
21.95250    
24.24034    
23.75107    
21.51547    
21.77980    
22.33997    
25.17215    
23.20646    
21.43348    
22.29904    
24.74396    
24.38445    
19.97626    
23.29460    
22.39732    
24.75310    
24.76804    
24.68156    
22.41167    
27.08828    
25.30246    
19.97284    
23.68487    
21.87724    
24.24502    
26.66075    
23.73089    
24.35592    
21.85974    
24.74824    
24.34145    
23.24034    
25.67851    
25.63321    
25.75449    
23.93636    
23.86210    
21.37896    
22.51483    
20.98319    
22.76027    
24.22884    
24.30700    
21.36187    
22.72384    
20.03373    
24.79067    
24.71989    
23.94436    
25.24117    
23.34116    
23.76881    
24.72076    
24.40834    
24.78621    
24.27847    
26.59159    
24.79758    
23.34634    
26.06536    
22.45870    
23.73586    
25.21679    
20.91693    
25.35218    
23.40715    
22.32745    
22.39163    
24.26924    
23.92767    
22.76404    
23.78336    
21.31667    
20.90305    
25.63689    
25.23317    
21.35118    
24.28805    
23.71802    
26.10055    
22.37363    
24.30216    
23.88202    
23.36426    
22.42470    
20.78532    
27.09349    
24.70258    
24.74102    
22.92826    
21.36437    
23.35444    
23.26891    
23.31599    
21.85117    
23.31179    
24.34566    
26.56102    
24.74390    
25.77766    
24.77904    
23.18011    
22.38398    
23.28518    
28.62187    
23.85716    
22.78338    
25.22366    
25.11863    
24.36880    
25.60537    
24.71467    
22.44014    
22.38392    
24.73382    
26.11019    
25.80117    
24.78622    
22.27986    
20.92276    
22.77540    
24.65991    
24.72924    
25.65023    
23.78802    
27.20043    
22.35247    
26.61676    
23.03513    
25.02909    
24.84987    
23.80839    
24.76281    
25.31108    
22.95647    
21.00178    
21.00589    
24.17684    
25.27938    
26.19119    
22.87212    
26.99784    
26.07079    
22.89500    
22.75349    
24.10682    
21.42161    
22.88248    
23.87664    
24.28228    
23.76049    
22.53015    
25.23190    
25.35551    
23.83209    
21.84457    
25.87828    
22.51015    
21.41321    
25.28587    
25.37670    
24.72025    
26.22402    
23.69939    
25.07919    
23.32692    
24.23299    
23.97511    
25.69080    
25.15245    
22.79756    
23.78809    
24.74844    
21.33427    
24.24522    
24.64953    
24.80915    
24.77190    
25.60613    
25.72215    
22.83663    
23.84538    
23.86764    
25.80070    
22.29855    
26.13053    
26.18634    
24.69099    
21.87978    
23.82849    
23.75386    
27.29122    
24.29276    
23.73305    
24.28771    
23.29191    
25.58787    
26.16049    
22.35137    
22.84845    
21.44363    
24.80214    
24.79124    
23.29583    
23.34101    
23.77089    
22.24248    
25.60937    
24.01195    
22.76103    
25.68324    
23.76831    
23.75002    
25.19627    
23.74610    
21.82580    
25.20707    
24.34770    
22.43019    
24.66143    
22.80714    
22.87590    
25.62422    
23.80552    
24.80716    
23.25224    
25.13769    
23.73237    
24.31158    
25.29516    
25.27651    
21.66482    
26.71373    
26.08043    
24.05963    
24.15187    
27.60052    
23.36053    
22.35130    
23.97385    
24.63502    
25.26366    
21.35300    
22.49657    
22.22611    
26.18971    
22.89464    
22.41165    
24.74542    
27.10425    
22.36078    
24.70186    
23.23345    
22.42267    
21.80139    
24.17779    
23.81661    
21.89111    
24.29289    
22.38725    
25.16132    
24.31410    
24.68644    
24.27660    
24.79239    
23.30123    
25.72662    
25.73979    
23.34267    
23.35270    
23.74616    
25.53969    
24.29730    
22.37516    
24.25838    
23.70901    
22.35961    
25.68231    
25.58797    
22.38638    
22.29183    
22.40115    
24.76001    
24.38265    
24.59608    
24.24536    
23.20875    
23.76377    
23.66326    
24.64813    
24.30722    
26.74482    
20.37608    
24.64091    
23.81921    
23.35138    
24.80567    
25.24373    
25.32513    
24.19864    
23.86503    
22.18359    
24.32664    
21.96615    
25.67528    
26.33113    
26.26174    
23.38843    
23.76034    
24.78613    
24.74490    
25.11265    
23.34220    
24.26577    
24.24537    
25.19460    
24.64550    
25.17234    
22.34401    
21.88159    
25.77556    
25.60026    
25.35794    
22.78603    
26.05292    
23.30995    
25.02641    
21.29523    
22.84687    
21.94997    
24.72735    
26.07595    
24.70593    
23.39779    
23.40023    
25.19263    
22.37822    
23.90353    
25.75245    
27.68445    
21.93435    
21.29733    
23.79678    
22.87160    
25.74927    
21.33491    
23.34988    
23.74604    
22.81833    
23.54507    
25.91218    
25.25011    
26.63281    
20.87956    
23.73669    
24.35556    
24.83516    
23.25387    
20.45953    
22.25757    
20.53000    
22.43887    
24.30924    
25.33279    
24.30991    
24.34779    
23.36274    
22.81217    
24.79801    
22.49575    
23.30961    
23.29016    
23.33144    
22.47000    
22.81969    
21.30048    
24.30743    
22.25588    
24.60180    
22.33372    
21.86012    
24.77033    
26.18403    
22.86011    
25.27104    
22.84974    
24.19188    
23.43485    
26.78946    
24.27397    
21.90270    
24.69821    
24.24077    
21.84384    
23.31625    
26.17185    
21.96690    
25.10358    
21.91592    
21.28105    
25.19756    
24.26716    
24.80031    
26.13560    
22.76976    
26.13762    
23.78278    
22.88258    
23.20652    
24.71259    
23.30106    
24.35009    
22.85258    
26.21397    
21.85617    
26.27205    
26.10633    
25.25729    
23.40030    
26.08989    
23.72721    
19.32356    
27.11634    
23.69151    
25.70321    
21.37175    
23.26994    
23.74420    
24.23154    
24.63829    
24.36480    
20.99941    
25.71221    
22.94028    
23.88500    
21.86746    
22.29312    
24.20931    
21.08664    
24.22534    
23.05999    
24.74739    
19.52604    
24.30436    
20.28736    
26.06475    
27.17811    
22.85107    
22.24083    
22.42360    
23.77276    
22.73193    
24.69325    
21.44847    
22.30536    
22.35658    
22.28849    
25.20540    
23.31151    
22.26573    
24.41505    
25.29783    
21.88799    
23.26382    
23.26955    
24.80477    
22.24328    
24.77346    
24.37845    
26.16416    
26.67713    
21.44831    
25.28439    
24.22224    
24.21342    
21.27352    
23.26751    
24.24933    
26.13600    
22.85692    
23.26905    
21.79762    
19.83041    
22.87133    
21.90984    
24.23727    
25.15683    
25.23604    
22.89192    
23.39431    
22.81962    
22.32916    
24.70703    
23.31487    
26.11517    
22.13932    
25.29226    
23.20858    
24.77789    
21.81007    
22.81230    
25.19223    
24.79187    
24.13938    
22.80529    
23.80331    
21.35676    
23.18202    
22.81065    
24.42541    
23.87988    
25.25989    
24.80339    
23.17914    
25.23502    
23.69564    
22.91788    
22.44095    
22.82873    
26.64446    
25.82137    
24.37288    
20.51453    
24.24528    
22.84586    
20.91191    
20.86086    
22.40019    
22.82628    
23.41060    
25.23491    
25.25629    
24.28673    
21.93244    
23.75423    
23.74096    
22.74845    
24.62510    
27.12286    
22.84921    
21.86259    
27.59893    
20.94258    
23.40794    
27.08242    
25.79553    
26.62074    
22.29864    
24.29079    
21.49668    
22.81347    
24.33615    
23.17355    
24.31445    
25.83727    
23.27381    
25.68119    
22.80556    
24.27221    
22.73132    
22.87726    
22.86296    
23.83810    
21.39305    
22.42585    
24.29751    
24.26816    
22.80695    
23.84599    
24.31231    
22.78626    
24.70319    
25.33038    
24.63733    
21.37146    
23.67097    
24.27776    
22.84216    
26.17121    
23.78958    
23.27214    
24.43545    
22.86213    
21.31609    
24.72972    
22.83718    
22.38533    
24.27899    
25.75512    
21.91493    
22.78956    
25.28916    
26.23734    
25.76881    
24.72282    
23.79244    
25.26531    
26.59319    
21.83114    
25.24431    
21.78862    
24.75671    
21.87847    
20.92626    
24.31224    
23.87071    
23.42018    
22.50713    
23.74664    
24.35122    
25.25083    
22.80451    
22.86042    
24.74846    
23.32570    
26.55065    
22.43936    
23.76185    
23.28898    
21.33322    
23.82402    
21.81548    
24.32954    
22.99849    
22.31694    
25.39193    
19.93592    
24.71045    
24.30121    
24.73621    
24.63241    
24.40715    
25.30415    
24.22842    
22.25352    
23.79742    
21.42284    
22.74396    
24.67766    
25.17979    
22.31193    
22.32679    
22.17410    
22.35639    
23.88625    
24.78893    
23.16457    
21.83167    
21.88643    
22.79152    
24.69131    
25.27734    
22.78502    
23.78926    
21.87036    
24.34004    
23.83800    
21.39611    
25.67542    
25.75402    
22.77568    
27.08054    
22.67171    
25.45141    
23.37004    
24.22175    
26.15636    
24.74778    
22.84360    
25.16495    
25.61688    
24.26050    
21.89851    
24.23925    
24.25908    
23.74124    
25.27126    
24.76250    
20.91751    
21.84338    
23.81973    
26.19892    
24.21804    
25.69942    
25.34855    
21.07539    
25.73004    
22.49553    
26.22598    
22.87443    
23.76766    
23.79508    
26.62206    
24.21634    
27.17111    
25.21321    
22.78379    
21.74797    
25.14536    
24.71930    
22.88142    
24.74223    
24.37699    
23.27262    
23.39485    
25.74164    
25.27505    
24.20497    
23.94826    
23.20159    
24.75019    
22.92196    
22.28140    
23.28918    
20.59134    
25.27440    
24.30974    
22.28742    
22.30441    
23.38262    
23.28063    
22.84348    
23.25939    
24.79770    
23.88252    
24.78192    
23.30822    
23.30613    
23.20417    
25.66834    
22.30228    
25.33409    
23.65006    
21.77925    
25.76355    
24.75804    
23.35156    
24.26627    
23.76177    
25.73631    
19.98825    
23.34099    
23.38856    
23.37105    
21.94406    
23.29738    
22.73873    
24.73711    
24.23421    
24.81551    
20.00219    
22.87393    
22.93452    
23.79081    
24.19559    
25.24721    
23.79515    
21.41344    
25.11131    
23.19816    
22.86176    
24.21381    
24.28006    
22.86155    
21.79894    
26.66043    
21.07734    
25.30117    
24.65622    
23.28432    
25.62150    
21.39620    
25.07350    
24.17392    
21.98918    
25.72902    
24.32477    
22.80920    
24.68544    
25.16079    
27.02706    
22.94417    
25.17087    
26.17804    
22.35852    
25.73514    
24.26096    
24.37165    
21.40289    
20.36914    
23.32662    
26.07573    
27.17113    
24.27082    
24.80991    
21.44928    
20.89462    
22.87770    
21.94102    
22.89764    
24.34144    
23.68548    
22.83336    
21.86952    
22.73192    
22.33275    
24.27476    
23.51359    
24.24462    
26.21603    
22.82314    
21.89840    
25.16879    
23.21226    
20.41333    
25.32834    
22.48285    
24.61639    
22.82876    
24.71294    
24.34329    
24.25089    
24.85198    
26.63637    
23.75848    
23.32857    
22.48017    
23.21623    
24.19802    
22.28699    
24.73489    
23.84402    
24.24361    
24.76610    
22.36284    
25.63811    
22.31971    
22.76730    
22.43064    
19.98955    
26.20737    
24.19536    
26.32392    
25.70680    
20.95699    
20.83536    
25.16630    
23.30247    
24.66591    
24.76874    
23.45517    
22.80194    
26.06082    
22.87513    
25.08739    
24.77414    
24.39089    
22.75628    
21.83609    
23.88406    
22.80741    
22.49647    
23.82614    
24.79182    
23.37694    
20.83952    
20.52910    
24.65719    
24.76104    
23.84624    
22.32281    
23.78981    
20.53032    
21.89696    
25.22703    
23.66478    
24.21526    
22.78656    
24.79632    
21.43115    
23.69139    
24.73885    
23.27629    
22.28340    
25.83026    
25.31232    
23.32841    
27.59358    
21.78503    
22.33356    
24.77560    
24.78106    
24.26082    
23.23597    
23.87476    
23.71283    
24.73668    
23.32346    
26.12464    
28.62744    
23.38944    
25.19788    
22.86822    
23.82643    
23.33716    
25.26637    
23.03219    
20.48495    
25.22267    
23.85422    
26.11466    
23.74854    
22.86197    
24.82297    
24.72928    
22.45651    
24.92916    
24.24743    
22.79651    
24.65524    
23.23927    
20.93552    
26.20755    
21.79852    
24.66553    
24.68912    
22.90098    
25.73757    
23.78422    
22.91807    
23.76817    
22.43064    
26.71541    
24.81246    
23.41690    
24.84200    
23.80819    
25.07720    
24.33265    
23.21416    
23.28887    
22.77159    
24.63317    
24.62031    
23.76919    
24.22164    
25.14483    
24.27131    
23.82706    
22.85257    
22.41043    
21.92341    
22.90020    
22.31317    
22.29716    
22.85044    
23.25004    
27.16154    
21.88075    
24.58118    
27.16901    
23.73257    
23.89909    
23.84253    
22.93928    
23.32658    
25.77665    
23.78703    
22.75116    
24.81227    
23.80660    
23.24163    
25.65683    
23.83430    
20.39121    
24.77689    
23.93775    
22.26225    
19.83767    
24.28478    
25.23794    
22.38155    
22.79830    
22.82301    
23.85837    
22.76248    
23.80486    
23.85274    
23.71220    
23.39780    
26.54983    
22.46576    
21.87442    
21.74365    
23.86767    
26.63282    
25.76543    
23.76280    
25.68822    
23.76669    
24.25021    
23.78965    
25.77700    
24.29699    
25.18037    
23.82046    
23.71278    
25.66175    
22.50747    
21.46009    
24.25403    
24.23682    
23.72875    
24.74113    
23.73879    
23.20232    
25.69835    
24.23626    
20.38177    
25.77496    
20.94653    
24.23145    
23.80854    
21.42095    
23.42967    
22.75607    
23.11343    
23.88695    
24.37293    
22.79224    
24.70999    
24.68099    
21.44163    
24.24567    
22.80780    
25.17140    
22.33674    
24.72353    
23.77432    
23.86134    
23.27953    
21.40567    
24.24180    
23.30077    
25.74825    
23.82114    
26.16603    
23.40839    
24.70438    
23.82817    
21.04494    
24.15939    
23.75791    
24.92650    
21.89367    
23.29687    
26.59487    
25.72278    
25.75077    
25.79590    
24.77743    
25.68384    
23.80081    
25.67671    
24.20875    
23.81329    
23.75785    
23.93940    
23.25431    
24.33203    
24.19428    
21.37646    
24.18851    
24.21950    
19.56157    
23.71099    
22.40431    
24.75429    
23.80534    
27.91045    
23.27335    
25.71148    
22.40129    
23.26654    
24.21033    
23.87165    
23.89694    
23.40288    
22.82750    
24.64614    
22.86197    
24.85038    
21.83582    
22.22352    
22.87974    
22.27894    
22.79015    
26.25406    
23.85006    
24.83415    
24.00270    
25.26011    
24.17669    
23.20768    
25.34067    
23.27438    
22.79300    
24.19792    
24.78650    
22.77358    
25.48700    
23.82501    
22.36521    
25.26793    
23.35982    
23.35339    
26.68312    
24.80358    
21.86065    
28.54610    
23.16681    
23.70372    
24.69187    
23.71622    
21.34846    
25.13295    
23.74561    
24.77001    
23.77094    
22.89581    
22.42525    
24.85565    
27.53075    
23.20069    
25.64763    
24.74101    
22.26880    
23.31086    
24.75918    
25.60947    
22.26416    
21.70925    
23.83560    
23.44004    
23.40706    
23.78411    
24.74238    
23.75424    
20.04089    
20.87864    
20.85951    
23.41537    
22.34553    
23.68994    
25.77532    
23.88970    
23.85073    
21.85590    
22.02056    
23.85791    
23.35354    
26.69320    
24.26624    
23.38492    
24.71917    
23.91927    
25.66845    
24.21517    
26.13040    
25.76255    
25.19617    
21.84910    
24.28834    
23.24060    
25.62768    
22.71989    
24.21033    
25.63319    
23.50542    
24.35881    
23.30693    
24.33807    
24.28010    
22.38725    
28.42868    
25.32115    
23.32292    
25.71030    
23.67999    
26.71814    
23.25119    
26.78616    
22.31978    
20.99606    
21.33485    
23.89610    
24.36529    
23.83221    
22.21756    
25.62291    
20.96102    
23.21769    
22.81399    
23.36757    
23.31599    
21.96039    
24.70121    
23.41349    
25.22900    
23.77270    
21.82849    
23.80669    
25.13993    
23.28691    
21.89418    
20.79453    
22.37697    
23.74118    
23.25197    
22.93681    
23.73508    
23.73455    
24.72092    
22.89403    
24.70915    
26.52889    
22.24291    
22.73485    
23.28382    
21.02522    
28.46133    
22.81742    
25.73388    
24.96015    
22.90764    
21.01275    
23.81769    
22.35164    
23.69707    
25.15528    
23.76439    
23.25551    
28.07815    
21.80410    
20.92024    
22.71073    
23.74277    
24.20539    
24.06140    
25.17240    
24.29113    
24.79797    
23.74036    
25.25461    
22.88582    
23.73967    
25.68906    
27.70930    
25.67216    
25.60783    
23.34961    
24.71293    
23.43198    
22.28518    
21.46849    
24.27962    
23.60869    
23.75464    
23.76489    
22.27539    
22.88936    
27.57232    
22.77981    
24.21366    
24.74073    
22.48430    
25.06320    
23.39317    
22.90876    
20.50718    
21.46705    
22.84049    
20.49125    
25.80055    
21.30637    
23.37736    
25.17413    
26.17916    
22.69534    
22.76126    
25.16625    
23.69078    
21.86264    
23.22671    
24.77043    
26.13898    
24.80753    
24.72868    
23.29506    
24.67590    
22.24342    
23.33075    
23.28003    
23.27364    
22.43601    
26.19605    
20.95906    
21.92491    
22.35062    
23.79534    
22.40700    
20.01751    
24.75341    
23.73513    
26.12210    
23.86439    
25.19408    
25.24678    
24.28735    
24.22964    
24.69990    
23.78174    
20.32815    
23.81676    
21.94212    
24.66817    
21.79652    
23.22219    
23.79208    
24.83242    
21.36166    
22.32147    
26.17676    
23.28714    
24.77618    
23.30247    
22.33525    
24.36163    
23.81078    
22.47403    
21.92416    
27.64192    
22.32642    
26.71000    
24.35929    
26.23216    
22.37262    
23.81124    
27.02484    
24.78928    
20.95193    
24.35463    
22.84319    
25.35482    
23.75775    
24.83648    
23.76488    
22.89503    
24.21445    
25.16846    
26.66688    
26.29150    
25.68671    
22.38456    
22.00507    
24.86171    
21.46480    
24.69436    
22.35043    
24.74921    
25.77086    
23.81417    
23.81721    
22.78932    
20.91170    
21.32743    
23.82235    
23.87585    
23.74527    
22.68762    
24.17655    
24.27331    
24.15160    
22.79903    
22.79118    
27.14990    
23.40260    
23.30696    
22.88230    
22.87978    
22.28980    
24.30443    
24.77827    
25.49265    
24.64754    
24.26611    
25.64351    
24.84946    
22.92242    
22.81065    
23.31658    
23.32628    
23.80987    
22.60655    
22.77035    
23.77177    
24.17844    
22.27682    
24.58269    
24.27977    
24.68539    
23.71336    
27.62581    
21.83605    
24.76225    
21.01671    
23.26665    
23.77477    
26.15602    
22.85498    
20.52394    
21.33703    
23.81360    
24.83540    
27.11273    
24.33203    
23.75438    
23.42305    
24.73058    
23.86496    
22.36103    
23.80310    
22.85519    
25.82476    
25.64019    
23.75975    
25.71886    
28.04622    
24.71543    
25.17748    
23.73847    
23.75967    
22.34102    
24.80700    
23.35974    
24.17131    
26.50398    
23.22353    
25.23370    
24.23711    
22.29205    
26.84452    
23.71842    
27.58793    
24.34235    
22.84481    
25.17324    
23.43746    
25.39010    
25.25315    
22.29823    
21.43383    
21.02123    
22.87642    
26.74298    
24.28905    
23.26824    
24.77286    
23.77636    
24.72372    
22.72915    
25.31830    
24.85457    
24.70263    
25.68395    
24.77304    
25.58037    
22.35019    
25.22254    
24.83167    
22.88605    
22.86703    
25.75242    
25.18492    
24.73273    
25.21521    
23.31085    
23.61920    
22.77817    
25.23772    
25.68013    
22.77535    
22.29584    
20.94904    
23.86547    
23.40281    
25.15333    
22.87994    
25.80232    
24.71008    
23.90745    
21.46471    
22.30417    
21.90504    
24.28317    
23.25428    
21.85793    
23.23720    
24.19741    
20.94455    
23.74954    
22.34064    
23.35577    
25.70229    
27.10957    
23.02351    
24.31135    
23.23949    
24.76047    
23.85951    
21.34009    
25.85425    
24.73600    
24.22447    
24.77960    
23.73903    
23.72167    
22.27062    
26.13526    
25.18729    
23.15310    
23.29593    
19.42898    
25.40305    
24.72379    
24.22572    
24.77726    
23.52622    
24.39936    
23.31649    
21.40125    
27.60466    
23.30369    
27.31416    
22.94940    
25.31602    
24.77714    
25.78841    
22.48131    
22.28872    
25.76724    
20.87172    
21.55081    
20.86618    
23.81395    
25.69467    
24.78844    
22.44092    
23.81847    
25.14354    
27.64615    
24.23134    
22.32560    
22.99412    
23.40165    
25.32928    
22.83969    
22.30649    
22.80668    
26.11496    
23.28222    
24.75288    
22.36089    
21.88782    
26.11577    
20.97550    
23.33937    
23.01341    
21.29204    
24.74300    
24.25798    
24.27080    
24.23259    
23.90036    
23.81326    
22.84141    
25.22582    
24.68677    
22.29058    
25.26862    
22.81494    
25.61056    
24.66637    
23.81429    
22.37916    
23.38602    
22.38302    
22.40825    
22.36884    
22.46490    
24.59279    
21.82039    
24.15247    
23.80937    
26.19441    
24.35871    
21.78547    
25.31369    
24.19469    
22.37968    
25.66929    
22.35017    
23.68697    
24.24245    
23.88792    
21.82564    
24.24823    
24.83891    
24.78852    
23.28029    
23.82545    
24.74654    
23.80663    
22.80146    
26.70952    
25.72650    
21.88838    
23.19153    
21.87333    
24.71897    
25.17478    
25.17807    
24.30074    
23.32087    
26.21339    
23.74474    
24.28489    
21.38587    
26.17522    
23.40109    
26.16848    
23.31792    
22.35489    
23.73919    
22.78082    
24.70149    
26.23851    
22.33926    
23.25750    
24.84484    
24.32450    
22.79157    
22.31126    
23.65072    
25.63609    
25.18824    
22.02222    
25.76889    
23.36271    
19.53766    
23.30786    
23.78559    
22.88785    
23.88114    
24.64095    
23.73662    
25.69457    
24.70879    
24.75326    
26.61564    
25.29591    
23.81618    
23.30438    
22.26187    
23.81462    
26.18594    
26.55781    
26.68094    
21.39588    
23.33285    
21.91036    
25.20784    
22.26759    
22.69805    
22.85128    
25.72410    
25.28339    
25.69819    
24.25359    
22.95237    
22.91711    
24.75928    
25.22720    
23.92730    
23.20410    
23.27481    
24.81629    
22.84170    
25.28135    
25.30132    
23.24196    
23.29036    
26.64995    
24.23283    
24.78739    
22.39092    
25.23115    
22.88274    
23.37264    
24.72163    
23.75903    
20.02977    
23.87629    
21.81944    
28.00341    
24.81433    
25.33141    
24.67929    
23.29073    
25.61148    
22.90541    
21.41304    
23.28307    
23.81700    
25.65813    
21.29639    
23.30362    
25.22484    
23.27868    
25.23388    
23.70097    
22.84815    
23.32691    
22.26681    
23.82940    
20.89277    
23.27705    
23.18026    
24.36148    
25.67038    
23.24533    
25.77094    
25.72338    
26.23467    
24.73984    
22.57211    
23.30063    
23.40011    
24.69659    
25.22438    
22.25573    
24.32872    
25.29307    
22.81756    
21.87612    
23.17957    
23.84628    
25.20288    
27.64617    
24.35294    
24.72807    
24.76630    
24.32560    
26.40652    
22.85138    
21.91943    
24.65789    
27.58348    
21.75706    
23.27362    
23.73422    
22.95396    
24.41602    
25.26271    
25.12569    
22.89038    
24.19445    
23.34976    
22.92384    
23.88145    
22.87571    
21.27235    
25.62953    
21.96950    
22.83886    
22.77508    
25.20681    
24.85583    
23.40675    
25.67973    
21.43039    
25.30752    
22.74953    
21.38604    
25.28732    
23.78581    
23.74516    
24.73261    
25.24439    
23.33041    
25.14473    
22.81554    
25.16326    
23.81498    
22.87124    
22.89167    
22.91374    
24.17273    
25.20622    
23.27576    
24.31215    
24.66868    
23.77415    
23.24009    
25.25096    
24.79539    
24.27618    
26.09455    
24.70371    
28.49301    
22.85075    
22.70554    
24.82003    
22.24281    
25.31483    
23.31518    
23.27588    
22.88214    
21.87105    
24.81691    
23.24723    
24.70525    
24.27585    
25.72605    
24.68397    
24.68851    
26.90526    
24.67329    
25.15391    
22.84835    
22.27953    
22.39881    
22.89134    
22.81926    
25.21645    
22.40056    
24.25083    
25.60478    
24.67825    
24.90122    
24.19311    
26.67495    
23.30123    
22.33142    
22.87756    
25.26086    
22.78254    
21.89851    
26.65685    
26.22864    
24.30133    
21.44224    
24.66453    
23.37065    
23.31370    
22.42456    
23.87367    
24.69368    
24.74626    
20.96007    
23.83097    
26.07089    
24.28543    
23.82075    
24.81377    
21.94036    
26.15883    
27.13462    
24.42710    
19.99275    
24.30212    
23.26279    
25.12709    
24.23857    
23.79304    
23.35539    
25.63314    
26.07353    
21.31617    
26.20168    
26.71072    
22.81312    
22.16913    
23.25987    
24.36127    
25.27806    
24.28514    
24.76121    
23.27206    
24.14319    
23.36857    
25.65617    
24.22253    
22.73670    
24.05837    
24.26877    
20.00589    
23.75723    
25.28042    
21.29177    
23.30164    
23.23585    
25.25095    
21.82566    
23.27721    
20.91225    
26.12599    
23.80364    
21.86550    
21.89892    
22.83937    
24.19653    
25.17333    
23.27397    
26.09684    
24.82966    
26.14213    
24.45719    
25.18573    
23.42587    
25.21783    
24.74212    
24.75041    
25.26200    
23.85015    
24.20392    
23.76318    
23.33794    
26.19831    
26.19691    
26.72116    
22.88325    
23.27038    
23.78656    
24.75891    
22.34456    
23.67671    
21.85194    
23.83907    
23.72612    
22.87871    
23.38790    
24.08705    
26.96223    
22.26510    
24.27566    
23.76041    
23.86140    
26.52625    
24.74746    
25.74862    
23.84137    
21.83289    
21.39087    
23.88831    
22.35685    
24.27757    
22.86797    
26.21824    
23.31603    
25.30448    
24.63172    
22.84781    
23.73175    
21.35368    
24.38906    
22.28252    
22.95143    
21.76606    
23.82681    
21.77538    
23.22298    
22.45874    
22.36846    
24.80927    
23.19886    
23.26931    
22.74667    
22.86831    
21.91061    
21.30697    
24.26325    
26.10436    
25.17015    
23.85214    
21.46151    
24.77013    
24.83362    
23.88254    
23.27420    
24.74598    
24.63353    
23.41443    
23.27757    
22.77185    
25.81145    
25.69771    
24.85637    
22.87858    
23.77887    
21.50507    
24.25423    
24.24232    
23.69488    
22.80075    
22.72839    
23.79694    
24.23637    
22.33651    
23.31849    
23.36646    
24.36515    
24.70086    
24.31979    
22.83037    
22.92593    
24.39010    
23.23635    
23.88760    
19.47541    
22.94178    
22.87222    
21.80549    
23.81769    
24.34754    
26.30929    
24.87113    
21.86775    
25.25137    
27.16590    
26.24307    
21.81645    
23.67829    
23.27620    
23.68463    
25.38654    
26.05069    
27.10357    
23.70353    
24.96049    
24.76806    
26.72154    
24.83650    
21.48165    
21.83120    
25.72159    
22.42616    
22.46800    
23.75392    
22.41165    
22.42712    
26.17115    
24.33026    
25.69992    
23.28853    
25.31485    
23.16658    
23.82320    
23.74361    
20.50874    
21.83413    
25.12673    
24.38583    
23.74589    
25.17749    
24.32398    
23.35866    
24.71011    
22.88581    
20.98738    
24.24964    
26.18193    
22.28895    
25.66082    
24.26911    
23.70555    
26.23593    
21.90232    
22.66464    
25.64184    
26.74439    
22.36065    
22.91422    
23.22600    
20.86512    
20.88234    
24.33034    
23.18452    
26.23705    
25.63007    
24.69857    
22.72609    
26.20495    
25.69322    
25.03450    
23.72055    
24.24083    
23.34472    
26.62327    
24.76061    
24.95931    
22.87467    
22.51093    
23.28927    
22.36150    
26.83088    
23.82332    
21.78402    
24.38596    
27.09831    
22.41941    
24.80802    
24.76653    
25.67656    
21.97144    
24.78664    
23.77168    
23.38947    
21.29853    
20.97799    
21.89413    
23.25196    
23.71986    
22.85452    
25.23494    
23.82671    
22.91107    
25.24062    
24.79775    
21.39414    
22.82627    
23.66551    
25.16019    
24.39676    
21.79319    
23.31353    
25.72434    
25.13842    
24.18704    
22.45372    
23.08855    
26.58670    
27.14352    
25.18613    
26.07399    
23.34239    
24.66255    
23.69773    
24.40767    
25.14815    
24.28050    
26.10015    
26.10964    
24.75730    
24.69298    
23.80632    
22.36832    
24.77475    
25.66210    
22.87089    
24.71680    
23.74619    
24.11504    
21.29670    
19.98578    
25.66102    
25.75699    
23.39511    
24.66890    
24.85226    
27.47978    
25.24428    
21.81676    
22.90898    
24.75738    
22.88182    
24.75129    
24.84364    
26.68599    
23.26950    
22.30856    
24.85701    
26.19116    
23.45547    
23.85982    
24.22237    
24.76726    
22.26337    
23.29929    
23.28372    
24.78062    
21.91469    
25.19917    
26.04925    
21.39381    
24.32482    
24.31395    
19.98645    
25.28877    
21.33924    
26.17328    
23.74208    
24.28142    
24.68506    
25.75172    
26.24268    
22.22026    
23.68461    
24.20811    
22.76005    
24.42880    
23.97553    
23.23245    
23.25918    
24.18312    
23.88268    
23.82965    
24.18292    
22.84344    
22.45449    
22.82441    
23.40275    
21.87818    
25.61099    
21.84525    
24.74486    
24.88050    
23.81732    
22.80066    
24.86004    
24.21027    
24.31514    
23.24582    
26.72862    
26.19573    
23.40144    
26.22892    
23.67131    
22.32956    
23.85170    
21.86597    
26.69780    
22.38613    
23.80062    
23.80835    
24.68068    
23.87386    
22.29200    
24.77030    
24.25531    
24.25383    
23.72172    
26.51336    
23.73410    
22.77334    
21.74744    
22.41277    
26.21167    
22.91770    
25.34472    
24.79287    
24.21112    
22.26384    
22.88890    
22.84837    
23.79871    
26.20019    
19.87227    
23.27018    
24.63989    
21.84718    
24.85379    
22.89546    
24.68009    
25.73738    
24.35868    
23.29383    
23.19427    
22.77841    
24.70488    
23.45976    
25.59038    
24.79107    
24.25444    
22.77820    
24.69198    
24.29546    
25.22756    
23.78493    
21.90256    
22.76136    
23.35614    
25.57744    
22.81098    
22.95732    
24.66439    
23.25670    
21.82878    
21.92288    
24.77964    
21.78474    
25.67822    
24.77017    
25.67913    
22.35831    
25.01343    
23.71970    
23.80953    
22.78471    
23.86652    
22.35659    
21.87180    
23.65712    
22.79086    
21.76333    
26.64040    
25.71888    
22.37662    
23.23618    
22.80169    
22.80722    
21.37335    
24.23604    
23.32856    
22.29466    
23.25320    
25.38625    
23.40184    
22.50454    
22.39529    
23.37382    
22.24147    
25.26933    
23.50909    
22.84025    
22.93816    
21.97616    
22.43406    
24.73826    
26.58218    
23.54579    
24.76319    
22.23419    
24.28809    
24.21782    
24.76208    
24.21471    
23.31064    
24.70054    
23.30359    
25.60880    
26.70889    
23.24753    
23.21650    
24.29279    
25.25856    
24.69541    
24.73810    
23.71603    
23.77210    
24.86499    
23.80208    
24.76491    
25.19935    
27.14277    
23.14965    
24.25580    
24.22421    
23.74402    
21.81668    
23.89739    
23.68735    
24.19069    
23.34675    
22.88915    
21.40589    
20.51374    
24.26980    
24.75788    
23.35254    
23.79930    
22.81717    
22.83957    
25.32442    
25.67218    
24.83016    
20.94278    
24.20933    
23.75705    
23.26020    
28.19896    
24.19602    
23.83526    
24.20565    
23.81299    
22.52644    
21.46872    
28.46090    
21.84508    
24.74560    
21.87480    
24.29633    
22.85433    
25.66819    
25.12908    
23.71164    
24.69521    
28.07228    
22.78258    
24.19120    
24.28948    
22.83106    
23.70459    
28.52811    
25.35463    
25.21849    
25.31411    
23.67114    
23.87607    
23.75564    
24.75115    
20.92435    
25.19797    
23.34569    
21.91520    
24.35896    
24.83090    
25.25099    
26.73768    
23.15054    
24.74684    
20.48872    
23.80087    
24.32379    
25.82173    
24.38654    
26.72940    
21.41583    
23.71143    
24.66594    
19.46525    
25.75683    
23.34865    
22.55733    
23.44099    
24.74044    
26.15707    
22.80552    
24.35473    
23.87298    
24.73201    
23.41141    
24.25492    
24.67706    
23.35052    
26.81489    
24.16358    
23.83734    
22.35585    
25.17592    
24.72581    
23.80414    
24.37964    
24.26540    
22.91931    
25.21666    
22.40582    
26.14223    
27.30280    
23.80510    
23.60114    
23.98187    
22.27093    
22.39138    
23.16559    
24.26364    
23.93771    
25.21441    
24.68684    
23.27583    
22.77577    
24.22357    
22.36738    
21.83361    
22.84173    
26.28115    
23.34044    
23.80273    
23.87071    
23.87374    
21.87627    
22.49769    
25.22990    
23.30422    
25.22683    
21.29587    
25.21890    
24.28022    
24.27434    
21.89043    
23.78809    
26.99614    
24.30804    
26.09537    
23.32795    
23.40922    
22.32676    
23.25217    
25.22955    
23.33920    
24.32570    
27.14647    
22.73814    
23.77976    
25.75348    
22.30918    
25.25717    
26.65755    
25.24599    
22.82186    
23.22045    
26.71723    
23.84405    
22.75319    
21.76260    
24.77967    
24.26807    
24.76854    
24.79039    
21.75703    
24.58988    
23.50197    
24.17984    
24.64559    
23.25168    
23.19244    
24.77528    
22.81380    
24.31835    
22.24162    
23.27917    
22.78311    
24.75239    
21.86003    
22.93360    
24.78370    
23.18432    
25.68690    
24.24638    
25.22662    
23.33035    
21.91571    
21.02667    
23.77347    
26.12119    
23.35830    
21.80842    
24.84920    
20.35058    
27.27355    
24.23051    
21.37424    
24.20312    
22.86861    
23.29655    
25.30811    
24.29325    
23.88351    
28.52934    
25.03377    
22.39117    
24.88740    
21.87010    
23.29010    
28.06492    
25.69114    
25.77102    
23.80468    
23.26685    
24.71475    
22.84244    
20.96150    
25.71062    
25.64968    
25.80009    
23.00050    
22.89489    
24.24975    
25.23285    
22.26693    
20.44062    
23.81893    
22.80717    
21.88018    
24.84939    
22.34868    
24.18954    
25.75269    
21.97912    
22.34296    
23.27496    
24.38716    
24.78988    
25.23071    
23.72661    
21.87838    
24.36595    
24.80223    
25.66583    
23.19745    
23.31044    
21.40900    
23.70493    
22.90720    
23.28666    
23.51834    
26.19820    
24.89281    
22.85879    
25.69430    
22.87662    
21.42598    
26.21881    
26.62109    
22.42372    
23.75750    
23.33702    
23.33390    
23.92111    
22.83745    
21.89640    
21.46873    
25.10724    
26.27811    
22.77081    
23.65492    
21.83083    
23.85524    
24.21596    
23.41982    
22.07347    
22.69914    
24.28074    
25.19621    
22.02559    
22.36205    
23.29244    
23.76153    
21.86990    
21.86177    
24.18318    
23.35196    
24.30758    
26.17609    
25.72113    
24.23673    
25.73827    
23.69512    
25.65585    
26.20654    
25.10333    
24.81134    
24.19446    
22.80336    
24.60413    
21.33476    
21.93042    
22.49870    
24.32858    
23.40897    
25.38423    
26.09095    
26.80812    
27.04096    
26.18958    
23.83863    
27.15841    
23.28973    
24.09163    
21.83435    
25.82994    
25.34087    
25.17919    
25.84780    
21.32472    
24.26721    
25.65053    
23.80191    
25.13532    
21.86155    
24.32071    
23.96213    
23.74722    
26.52031    
23.88724    
21.86082    
24.78759    
23.86290    
21.35898    
23.80753    
26.68140    
23.82618    
27.12254    
25.71461    
24.15084    
24.27675    
25.08796    
23.29769    
23.38265    
20.37976    
27.10705    
23.71504    
27.15213    
23.23290    
26.22605    
24.31342    
23.26673    
27.10946    
22.83021    
24.27925    
26.57582    
20.96934    
22.32304    
24.71485    
25.64055    
23.82023    
24.70030    
24.81230    
25.83935    
26.76567    
27.06223    
22.33220    
24.28437    
23.34810    
23.79635    
22.95869    
24.84875    
23.76655    
22.38503    
24.24397    
21.90591    
24.30555    
22.71630    
22.33170    
25.21996    
24.32265    
20.36437    
22.33041    
23.82892    
23.34503    
22.91402    
20.84217    
24.80881    
22.80258    
23.81263    
23.71867    
22.78154    
26.75076    
22.66908    
22.92054    
25.20229    
26.27824    
23.83324    
26.11101    
23.81215    
24.38729    
23.22676    
22.37067    
22.31195    
21.40269    
25.59860    
20.82575    
24.71386    
23.71666    
25.60457    
21.86555    
23.73627    
24.25585    
24.79416    
23.41828    
19.02217    
21.97214    
22.39316    
25.25939    
23.22733    
25.62933    
22.29614    
22.80713    
24.34560    
24.25151    
24.32308    
24.24920    
22.83126    
24.13153    
24.76954    
24.33733    
22.22770    
24.75285    
26.26367    
21.91159    
22.46110    
25.73224    
23.32311    
23.26703    
21.85614    
25.25748    
24.32319    
27.29035    
25.32381    
25.60265    
24.29092    
23.41045    
21.30747    
23.74699    
24.79814    
21.84265    
20.99109    
21.90055    
22.83841    
21.83078    
24.78218    
22.91138    
23.85663    
23.25458    
21.83596    
23.16991    
22.29899    
27.15099    
25.73184    
21.41194    
24.20099    
24.82140    
24.37748    
24.33251    
25.29354    
24.00348    
24.17664    
21.92839    
20.31569    
23.71754    
20.91161    
26.20367    
23.82261    
24.31410    
21.75760    
23.80179    
23.76217    
22.83105    
23.34628    
21.93000    
21.88879    
27.02433    
19.90252    
21.90167    
22.79925    
26.25703    
27.54256    
25.19734    
25.78622    
21.31940    
21.86476    
26.57142    
24.28443    
25.68452    
25.67799    
23.63841    
22.83046    
20.80952    
24.17075    
25.09596    
23.71170    
24.80719    
22.49586    
25.90483    
24.80233    
24.79885    
22.40484    
22.34323    
21.77608    
25.23649    
22.88422    
22.79867    
23.72268    
26.26823    
21.89886    
20.95384    
26.20136    
23.47947    
23.77773    
21.45095    
22.22497    
25.32412    
22.86511    
24.82158    
23.77149    
25.13674    
26.12846    
26.25786    
25.61217    
21.40040    
21.93879    
24.32271    
23.90474    
24.15640    
23.28090    
25.32988    
24.83491    
26.29779    
22.01645    
25.76855    
25.84934    
25.76365    
21.77271    
27.13736    
22.84897    
23.41865    
25.73510    
22.88321    
22.85455    
25.22800    
24.63563    
23.82714    
22.30748    
25.21850    
24.20925    
25.26209    
23.82022    
23.31424    
20.87015    
21.37954    
21.99208    
24.21665    
23.80658    
22.75311    
26.16002    
23.29201    
23.23959    
23.76705    
25.74599    
22.84389    
22.34156    
25.71143    
24.31082    
25.17464    
21.34936    
20.43905    
20.39009    
24.28932    
25.18293    
25.21166    
23.24713    
22.80859    
25.20486    
24.90640    
23.36761    
27.22992    
25.68050    
23.86280    
22.28895    
24.60676    
23.38507    
25.73523    
24.21518    
23.30762    
23.28330    
27.12205    
29.57710    
23.23962    
24.40375    
23.66962    
23.26938    
21.34267    
23.32088    
23.38366    
23.35027    
22.77867    
25.29501    
22.21048    
25.35333    
21.40379    
25.79380    
25.15088    
21.92482    
22.80674    
26.08042    
23.80752    
25.17738    
25.75657    
21.92267    
24.29392    
22.84525    
24.78705    
22.29838    
24.81233    
26.27261    
22.90399    
22.83218    
22.35069    
26.53191    
25.34013    
23.83864    
23.46683    
24.18853    
24.31874    
24.31971    
23.70280    
24.38352    
21.84482    
25.31074    
20.44884    
23.36315    
25.37890    
25.72399    
24.78694    
25.41106    
25.23339    
22.75030    
23.34702    
25.24556    
21.80054    
22.85473    
22.40812    
23.72966    
26.19347    
23.98092    
23.65134    
25.21291    
23.80924    
20.92804    
23.29568    
23.27450    
22.40367    
22.41558    
21.36454    
25.80918    
23.92589    
25.26528    
22.75796    
23.26795    
23.76127    
21.94666    
21.91020    
25.71388    
26.27453    
22.34300    
22.85678    
24.23764    
21.95621    
25.16444    
23.88889    
25.24303    
25.20035    
22.29413    
26.14837    
26.13529    
23.87026    
23.79693    
23.38583    
27.16646    
23.28410    
21.92449    
24.71118    
24.21267    
23.76572    
26.66294    
23.32327    
23.81704    
24.76790    
23.73890    
23.83376    
25.60202    
21.74352    
23.27734    
23.28493    
25.16414    
23.24825    
22.48905    
23.75776    
21.94407    
21.37965    
24.80004    
25.70120    
21.95595    
24.99527    
24.24858    
25.11423    
23.81900    
22.28912    
21.39148    
27.05339    
24.80830    
26.04232    
24.71835    
23.75945    
22.01335    
22.29519    
25.62576    
24.86763    
25.30811    
22.27716    
24.79550    
25.79643    
23.85266    
25.06205    
27.21384    
23.35080    
22.88348    
26.19105    
24.69779    
25.14361    
25.30403    
22.95475    
24.15802    
22.31334    
24.35942    
22.26315    
21.42679    
22.76672    
23.86045    
23.73407    
24.24677    
24.32783    
21.83150    
22.38904    
24.24503    
22.55899    
23.83832    
24.30985    
25.22085    
22.86151    
23.26097    
21.84581    
22.78739    
21.87803    
24.17460    
25.20532    
22.75646    
22.32861    
24.20066    
21.44734    
22.28271    
24.73003    
22.95217    
23.77583    
23.26903    
21.85139    
23.71861    
23.29814    
23.79235    
20.87658    
22.27020    
24.18262    
22.49125    
23.74778    
25.56305    
27.18059    
23.26615    
21.01102    
25.73237    
23.77057    
21.83557    
22.42523    
23.36473    
22.46551    
22.89742    
26.29808    
23.81433    
24.26374    
23.29478    
25.20892    
22.80550    
23.26089    
21.87604    
23.39074    
24.81914    
24.75388    
23.70946    
25.27197    
22.37239    
23.77016    
24.81179    
24.84234    
24.33843    
22.39877    
24.44602    
21.71483    
23.72910    
24.59613    
24.42813    
26.12647    
21.41163    
24.58391    
25.28563    
25.37949    
24.20912    
23.71422    
24.80293    
22.36790    
20.81235    
24.90463    
23.33856    
23.71734    
24.81751    
25.79086    
23.33004    
24.19244    
21.37694    
23.30821    
27.13004    
24.17411    
23.35212    
26.25319    
24.84780    
22.29802    
25.30194    
27.67301    
23.26902    
24.32820    
26.57925    
22.88104    
21.89101    
23.23188    
23.41593    
21.90581    
22.31413    
24.75717    
22.30772    
25.72683    
21.14766    
23.36079    
23.36678    
21.35162    
23.86039    
25.17089    
24.69435    
25.11666    
22.24871    
23.28609    
26.30875    
26.29045    
23.75133    
25.23204    
24.34594    
22.76492    
25.28614    
23.88691    
21.55965    
23.26526    
22.34755    
25.27758    
22.77877    
23.36325    
22.85983    
22.80229    
23.69914    
22.38655    
24.30899    
24.71840    
24.19107    
23.80336    
25.69105    
23.75989    
22.78193    
24.17961    
26.29661    
24.27236    
23.75500    
23.77284    
23.91470    
23.91152    
23.44331    
23.32575    
21.44925    
21.42806    
21.85118    
24.20149    
26.05762    
24.28207    
23.72871    
22.38782    
19.40039    
21.90720    
23.67359    
23.86478    
24.24787    
21.36420    
20.40686    
24.66273    
24.28954    
26.94435    
24.74914    
25.24642    
23.75715    
24.71911    
19.46985    
26.17010    
24.29849    
22.02269    
22.88530    
22.84275    
23.28897    
23.77411    
26.19764    
22.05336    
22.81527    
22.32196    
25.70556    
24.15259    
21.93926    
21.48945    
23.29696    
23.91993    
24.39938    
27.33292    
24.28305    
22.75049    
23.35131    
25.26655    
22.77666    
21.63588    
22.34420    
23.19734    
23.92529    
24.78751    
25.78006    
23.73307    
23.72756    
23.19245    
23.20690    
22.78575    
26.14903    
23.76300    
25.28229    
25.70873    
24.22594    
22.83024    
23.83314    
26.55934    
22.89531    
24.18139    
23.29497    
23.77664    
26.05733    
22.77199    
24.19536    
22.45138    
22.88744    
24.28767    
22.79263    
26.66498    
23.33099    
24.61569    
23.36712    
24.33775    
22.41406    
21.79082    
23.21644    
23.21937    
25.71244    
26.27770    
24.25382    
22.75895    
23.88847    
24.30849    
24.34045    
20.32612    
21.86846    
21.94049    
21.91565    
24.36113    
22.32556    
25.74460    
25.32562    
22.85554    
25.08746    
21.81606    
22.39233    
21.50456    
23.76149    
23.28042    
22.65203    
22.33144    
24.36114    
22.83866    
21.95657    
26.15166    
22.91872    
22.70195    
23.77832    
24.75552    
25.13154    
24.70820    
24.27188    
20.00234    
22.78388    
24.18664    
23.44270    
19.50947    
25.18067    
27.15879    
23.32118    
23.38178    
26.59945    
25.36182    
24.71603    
24.75576    
24.63707    
26.16421    
22.36751    
23.80992    
26.13409    
20.31829    
23.37693    
25.22004    
19.97019    
21.41512    
23.22435    
25.28537    
26.20444    
24.26323    
22.36156    
22.85484    
25.16815    
24.77225    
25.08918    
23.74084    
27.18878    
24.25565    
23.39122    
21.83684    
24.25515    
23.32479    
21.95738    
26.21991    
20.61277    
24.12315    
22.24799    
23.34696    
23.83490    
25.19740    
25.83417    
23.78694    
23.72831    
22.83055    
22.30501    
25.66347    
22.05142    
23.31296    
23.87208    
20.88710    
20.96649    
26.21900    
23.40689    
26.16755    
22.71681    
25.04598    
25.12621    
23.74960    
22.89981    
24.38489    
23.27897    
23.74209    
20.39412    
25.25612    
21.43357    
23.45207    
21.38414    
24.31142    
23.81912    
24.74315    
19.95211    
22.36736    
23.15221    
23.32810    
24.28088    
23.87297    
23.20553    
20.04828    
23.82752    
24.75490    
24.70816    
24.70762    
26.64316    
23.87552    
27.09365    
26.22984    
23.29030    
24.36022    
22.90405    
23.32858    
22.37504    
24.82139    
23.86537    
24.13858    
27.08978    
27.02652    
22.84645    
23.22075    
23.38205    
24.68706    
23.29703    
25.29950    
25.18340    
24.74831    
23.76815    
24.26101    
25.24565    
21.92111    
25.68462    
26.25833    
23.28773    
24.77292    
25.10104    
24.85757    
23.37762    
23.72723    
23.31782    
21.35263    
23.80389    
26.54267    
23.74830    
26.74652    
23.34932    
26.64149    
24.24787    
23.41420    
23.77993    
22.37289    
19.98115    
22.82159    
21.90779    
23.43618    
23.30876    
22.36859    
22.42398    
22.16977    
23.23459    
24.81786    
24.77541    
22.86218    
21.39185    
22.43187    
24.34371    
24.24329    
23.93757    
27.60870    
23.30924    
29.58590    
24.90465    
20.28689    
23.33910    
23.67763    
23.68898    
22.28796    
25.23682    
23.99635    
23.31753    
25.13726    
20.44602    
25.19603    
22.37168    
23.80487    
24.79430    
24.20545    
23.76331    
25.16550    
22.49320    
21.96814    
24.69817    
23.70378    
24.31395    
21.88903    
24.78905    
23.35101    
21.40476    
25.22720    
22.83547    
24.22829    
24.25912    
21.95178    
22.29197    
23.33439    
22.26041    
25.12794    
23.86888    
21.75487    
20.58760    
24.72340    
23.71665    
20.88759    
23.68195    
26.53697    
21.97052    
27.25742    
20.85436    
24.80238    
22.72546    
22.91455    
24.76154    
23.30356    
21.86053    
22.83243    
24.26358    
25.27840    
24.33461    
24.22324    
23.30015    
23.48509    
23.79704    
23.77262    
25.08645    
25.66162    
22.40176    
23.17035    
25.61334    
23.76167    
21.90765    
22.60888    
24.25906    
23.68088    
24.83607    
23.32873    
23.68543    
21.87843    
25.58965    
23.24248    
22.90194    
24.33816    
22.80650    
25.24720    
23.67516    
24.14901    
24.30490    
23.30956    
24.72098    
22.41784    
23.77833    
25.72084    
23.79677    
20.86300    
24.14818    
22.48525    
22.38390    
24.20115    
20.26895    
25.28366    
25.24143    
24.31230    
23.23565    
22.81602    
26.22549    
22.79672    
22.24108    
24.85293    
21.84866    
25.19099    
26.26407    
23.39538    
21.85696    
23.34816    
25.23637    
26.61413    
24.31879    
22.87516    
27.00260    
22.28746    
27.55833    
21.94594    
22.77757    
23.28382    
25.23072    
23.86689    
23.28179    
24.77800    
21.92506    
24.70023    
24.82574    
25.75092    
24.63508    
24.35537    
21.88256    
22.74160    
24.79233    
24.28502    
24.29515    
22.29118    
25.25714    
22.91467    
22.81953    
25.40591    
26.12757    
25.28572    
24.69457    
21.38004    
23.22916    
24.28790    
24.22867    
26.14681    
23.29140    
21.31909    
25.20498    
23.29458    
25.18847    
24.22287    
23.41982    
27.17047    
24.20681    
22.81477    
23.21912    
24.26891    
23.80245    
23.76541    
24.14775    
22.25990    
20.30711    
22.32772    
23.30633    
23.70826    
19.97909    
23.86660    
25.62077    
23.87330    
24.26067    
24.12978    
21.81703    
25.74667    
23.78953    
24.21401    
23.26613    
24.89093    
21.84705    
24.33992    
20.50874    
25.19064    
24.78054    
24.30197    
24.23766    
23.73968    
23.32131    
23.22131    
22.39817    
24.41043    
25.69087    
24.78410    
23.83323    
22.84597    
25.64762    
25.07548    
22.80250    
23.47689    
25.77260    
25.20923    
25.27787    
24.31049    
22.45578    
25.69322    
26.34097    
23.36811    
23.28102    
25.13258    
22.84191    
20.36119    
23.78640    
24.28877    
23.32784    
24.26165    
25.63163    
24.36146    
23.38453    
23.77478    
26.80716    
26.26864    
24.79053    
24.71884    
25.26574    
23.71789    
23.30136    
26.78441    
20.23878    
21.85309    
23.69886    
22.42901    
25.16791    
22.92545    
24.76399    
22.88279    
26.68418    
22.90081    
21.35145    
24.76497    
24.83932    
25.57653    
26.19593    
22.02144    
21.30599    
25.22494    
23.28858    
25.22512    
26.71632    
21.87799    
20.98392    
24.28439    
24.74924    
25.72619    
19.88895    
24.71074    
24.32014    
26.68620    
24.23496    
23.17465    
24.20814    
23.86528    
23.79678    
23.33054    
22.91515    
25.63571    
23.74465    
22.99335    
22.66712    
21.74049    
25.73922    
24.14075    
25.27756    
22.85453    
24.78567    
22.32911    
24.75538    
23.77283    
27.26957    
23.74594    
22.76334    
27.14772    
25.26049    
25.66029    
26.17251    
23.26863    
24.26167    
19.48663    
25.17952    
24.17953    
21.95018    
24.20892    
22.80100    
22.75103    
23.29185    
24.24159    
25.24152    
24.69939    
25.66333    
22.27438    
26.82263    
24.23812    
26.69734    
23.35188    
23.71863    
24.84555    
24.76270    
27.18672    
25.66625    
23.36603    
27.10101    
24.78860    
24.31332    
24.33606    
24.36861    
23.83328    
23.77477    
25.70546    
24.83450    
23.89718    
24.34298    
24.73184    
25.60748    
24.17951    
24.15335    
21.81547    
24.28820    
27.49883    
23.77385    
25.85486    
24.87426    
22.85465    
20.90428    
22.87008    
24.76880    
24.80716    
25.69284    
24.72089    
22.91043    
26.12965    
22.32041    
24.04423    
25.73532    
20.40054    
23.68492    
23.86389    
23.38879    
23.41827    
22.36336    
24.69232    
25.16857    
24.20771    
23.25234    
23.80179    
24.26502    
24.84764    
21.86515    
21.35613    
22.27342    
25.24394    
23.25295    
24.72833    
24.77718    
24.76580    
24.12026    
25.18451    
22.84867    
24.31738    
21.85100    
26.11765    
24.34225    
24.28188    
21.82253    
24.62151    
22.89350    
24.68492    
24.30837    
24.19244    
21.83916    
22.88210    
22.95410    
21.99833    
22.23647    
22.42346    
26.71326    
24.30978    
24.34575    
25.78797    
22.99131    
26.63864    
26.11745    
21.47568    
22.81449    
25.18254    
22.84273    
24.59932    
21.77328    
23.80751    
23.83416    
26.33531    
22.76559    
24.76577    
24.24739    
22.28462    
24.75696    
27.15592    
23.79394    
24.29973    
23.40035    
25.03407    
21.88608    
23.70133    
23.26732    
24.78339    
23.38204    
25.75539    
22.95803    
21.91495    
23.23191    
24.26748    
22.79081    
28.61840    
24.70159    
21.41904    
23.31070    
24.83191    
21.81813    
25.24009    
22.35368    
24.19062    
25.55881    
26.23441    
23.64249    
26.20529    
24.80131    
21.88656    
22.34414    
25.65334    
22.81105    
23.78510    
22.50133    
23.21741    
23.49749    
26.18001    
24.32900    
25.11169    
24.24008    
24.71067    
25.14299    
24.21083    
23.79334    
23.77895    
22.33223    
24.80113    
25.66885    
22.86935    
22.44586    
22.36657    
22.05823    
24.26297    
23.66259    
19.93823    
25.21646    
22.34258    
22.46254    
21.93813    
22.88273    
21.41349    
22.94210    
22.74496    
27.65712    
25.28104    
23.94392    
27.15079    
25.09423    
22.73765    
26.74616    
24.22748    
24.84134    
23.42488    
21.38152    
24.71396    
25.19111    
23.72921    
24.35537    
24.79966    
27.07201    
23.28391    
23.80109    
23.69603    
25.24224    
24.23052    
24.75322    
25.81120    
23.75606    
24.25815    
23.41842    
21.43502    
22.86095    
25.66458    
21.85998    
22.00763    
24.24744    
23.86911    
22.41958    
22.36341    
20.84253    
23.31250    
23.74633    
22.47618    
25.24487    
22.35078    
23.27772    
22.03861    
24.33260    
22.34202    
23.74277    
23.30205    
24.58623    
25.21848    
25.37588    
22.97615    
24.74277    
25.59699    
25.82140    
24.76616    
25.17442    
21.74999    
23.76032    
22.88171    
24.16345    
23.77035    
24.61989    
23.82300    
26.49566    
24.30756    
26.69623    
21.88884    
22.21925    
22.36591    
23.90306    
23.28229    
24.84713    
24.66007    
23.33078    
21.87978    
21.79321    
22.83578    
23.86675    
22.76326    
23.81179    
24.18262    
25.66255    
24.44004    
23.43131    
23.72909    
20.82669    
26.30208    
22.84428    
23.25056    
21.81414    
25.26576    
22.26466    
23.44497    
24.80286    
24.74266    
25.76372    
23.79110    
25.24588    
21.81245    
23.76535    
23.73770    
27.11404    
23.32417    
23.78718    
23.78994    
21.94399    
22.67805    
25.71638    
23.87582    
23.37689    
24.70129    
22.87620    
21.92341    
23.35127    
25.14027    
21.83224    
24.76254    
26.17013    
22.22952    
23.42798    
21.87179    
23.80050    
22.75602    
24.33485    
22.84608    
21.36514    
23.20819    
24.17438    
21.85553    
24.73310    
23.38572    
22.88015    
21.79368    
22.27947    
22.82042    
23.83008    
25.77534    
22.90674    
24.88802    
20.90018    
21.85136    
20.35905    
22.28972    
23.78622    
22.22622    
23.77095    
21.89675    
22.27441    
27.05033    
22.87980    
25.26195    
22.20819    
22.37572    
25.15546    
22.30790    
22.83264    
23.39768    
23.38332    
20.49545    
26.10695    
25.35162    
23.75379    
25.16232    
24.24352    
24.31419    
27.04847    
21.72326    
24.22645    
23.81852    
22.39345    
22.78229    
22.24985    
25.25487    
23.25484    
23.72826    
23.38920    
24.33126    
22.82205    
22.91416    
24.77726    
22.33835    
22.68640    
24.26701    
24.79220    
22.30297    
22.36826    
24.32564    
23.86089    
23.79652    
22.77397    
21.96704    
24.16394    
24.25900    
21.37549    
24.30829    
23.75682    
23.18710    
24.75182    
21.79652    
21.85648    
26.67350    
24.67599    
22.76937    
21.76899    
26.62009    
25.27763    
22.28441    
25.26737    
26.03054    
22.45989    
26.16008    
24.77074    
22.49422    
23.77117    
24.72914    
25.15501    
24.34490    
24.22528    
20.48280    
23.35257    
22.66261    
24.21628    
24.37995    
24.78557    
24.68654    
25.19040    
23.38959    
25.64446    
21.43451    
24.75531    
23.22866    
22.82919    
22.77747    
21.95196    
23.45372    
21.88624    
22.28057    
22.36495    
23.78265    
23.83150    
24.31985    
23.90138    
24.13300    
23.40094    
23.29276    
22.85338    
24.77939    
26.18410    
24.21499    
23.66390    
23.30502    
23.39741    
23.73626    
24.23262    
26.09528    
23.33895    
22.75827    
24.19172    
23.81021    
23.39524    
23.36760    
24.18140    
22.35195    
23.82241    
21.46610    
24.61212    
24.71884    
22.82557    
24.36852    
22.76469    
26.20194    
24.70717    
22.36076    
24.21084    
24.87654    
24.73309    
24.79448    
25.76137    
20.97857    
24.67466    
24.35723    
21.90917    
24.86787    
24.28134    
23.23367    
26.13865    
24.26615    
22.75867    
24.39273    
21.90768    
23.28136    
24.77197    
23.86601    
24.27642    
24.64070    
25.23891    
22.99883    
21.24960    
23.85062    
22.90146    
25.18778    
25.28628    
26.25291    
23.32385    
24.63911    
25.78172    
23.84566    
22.82165    
24.78203    
23.76377    
24.76603    
21.39569    
24.62924    
25.68684    
25.59910    
22.79010    
23.76192    
23.81288    
22.30012    
22.34931    
24.33034    
25.63313    
23.80379    
24.32633    
26.62035    
