26.66841    
25.18765    
23.80135    
22.78234    
24.75043    
22.83427    
23.34885    
21.96530    
22.83877    
25.38407    
23.78907    
23.84304    
25.26429    
23.84905    
22.81998    
22.33251    
23.31454    
22.46120    
24.66273    
23.32470    
22.21442    
23.22086    
23.35403    
23.30968    
24.29702    
24.22007    
23.29626    
23.36671    
20.81198    
25.65068    
21.92084    
23.41563    
24.74774    
25.68794    
24.24701    
25.30011    
24.24225    
25.74676    
22.89311    
22.42580    
23.40016    
20.86272    
25.28980    
25.53739    
21.43264    
25.53819    
23.87159    
22.87404    
22.81995    
23.35022    
22.84167    
22.30962    
21.29961    
26.16914    
22.25782    
24.31821    
23.36048    
25.38253    
22.89280    
23.70506    
24.32110    
21.50073    
24.70541    
26.08912    
26.57867    
22.35550    
21.40460    
24.32936    
25.30539    
22.75189    
22.86767    
20.82881    
27.11642    
24.72861    
23.47763    
26.24652    
26.20326    
24.82051    
22.78259    
23.32012    
24.30701    
25.16551    
24.36016    
23.81859    
22.35997    
23.81996    
24.78281    
24.45450    
22.51649    
22.29404    
24.26740    
24.27268    
27.20987    
26.26060    
21.48388    
24.30935    
23.77792    
23.35205    
22.88880    
24.27230    
25.69534    
26.56389    
23.79842    
24.71049    
24.25114    
25.74496    
24.67099    
23.77867    
23.33008    
20.85946    
22.76884    
25.71894    
23.80482    
24.37181    
27.12161    
22.35334    
25.30872    
24.23173    
22.89723    
24.79705    
24.32479    
24.95531    
21.35160    
24.23143    
22.36718    
25.76258    
27.56168    
25.60689    
22.89476    
21.08288    
22.92755    
24.70735    
24.79720    
23.43234    
24.22701    
23.42751    
22.35899    
25.80820    
24.36178    
26.20666    
22.74313    
24.63904    
24.77657    
22.76747    
23.77093    
25.60088    
25.23257    
23.82245    
22.96270    
24.59891    
22.82253    
24.10970    
24.15429    
21.80778    
25.01240    
22.98961    
24.83213    
26.64636    
22.69029    
23.72503    
20.39632    
23.73965    
21.54858    
20.87727    
24.32958    
24.81242    
25.16326    
22.39970    
23.22291    
24.79950    
24.35307    
24.60755    
24.33613    
21.95987    
22.42781    
25.16699    
23.81776    
24.25009    
22.87102    
22.86744    
24.73790    
22.89722    
23.32630    
26.25138    
23.34179    
23.24961    
23.71721    
22.87496    
23.82055    
22.85703    
25.21829    
23.25181    
23.76866    
21.80946    
26.24158    
26.05257    
25.21325    
24.68857    
20.72956    
20.50125    
24.63788    
24.76719    
23.83130    
25.28190    
22.84232    
23.32678    
26.68673    
27.68553    
22.82828    
23.27335    
27.63958    
24.29411    
23.30310    
23.39262    
24.25770    
22.88427    
23.00472    
23.88976    
23.83671    
23.80978    
22.87852    
24.33253    
25.22748    
21.43452    
24.60108    
21.88823    
25.16987    
22.22136    
24.32176    
23.20767    
22.83143    
22.98919    
22.38622    
23.32028    
21.84763    
21.84026    
25.35084    
24.73982    
25.75430    
25.21752    
24.76164    
24.23169    
24.84515    
23.79186    
26.10660    
21.92865    
25.11945    
21.71537    
24.80418    
22.30519    
22.78208    
21.03676    
26.11915    
23.26277    
24.77161    
24.73026    
20.44919    
22.80511    
23.84692    
26.55899    
22.81346    
21.97231    
23.29746    
25.22389    
26.58230    
23.80282    
20.94677    
21.57367    
26.11428    
25.63783    
25.69478    
25.34941    
22.87502    
26.72081    
21.73993    
24.38887    
23.84678    
24.17185    
26.26467    
24.71110    
25.26783    
24.58894    
23.69065    
22.86140    
22.41480    
23.23971    
24.29463    
23.37268    
25.08392    
22.38176    
23.35371    
21.28892    
23.34184    
22.34827    
26.63328    
25.22153    
24.36744    
24.69426    
24.83221    
23.77525    
24.74133    
23.76575    
25.74011    
22.89167    
24.77974    
20.91243    
27.06677    
24.26114    
26.96222    
21.90454    
22.52252    
24.66311    
24.82780    
23.67027    
22.78520    
22.83560    
27.01807    
25.23239    
23.60105    
23.36525    
25.65663    
25.61453    
23.81347    
21.89901    
25.15992    
23.91530    
25.24549    
25.73002    
25.66628    
25.69754    
24.33477    
26.13809    
24.33023    
26.08421    
25.10957    
24.38132    
22.32112    
23.86768    
24.19889    
22.95669    
23.81669    
25.17199    
23.42727    
26.51317    
25.70715    
22.28768    
24.71891    
21.33782    
22.85527    
21.83340    
24.21888    
23.19561    
25.41942    
22.41547    
24.52223    
22.85599    
25.19921    
23.84387    
22.80789    
25.24251    
25.09922    
24.74500    
25.71626    
22.78773    
26.75802    
23.78958    
24.46735    
24.24711    
25.13615    
22.33898    
25.29714    
23.35324    
23.30273    
25.15196    
22.84928    
24.79789    
21.83689    
22.40226    
24.70315    
23.42450    
22.46359    
23.35966    
23.35878    
20.96965    
21.88162    
24.23985    
20.45770    
22.75096    
23.36391    
22.86839    
25.63431    
22.30424    
22.38445    
21.89268    
21.38634    
24.23829    
22.73310    
24.25820    
21.83570    
23.66857    
23.36318    
22.35288    
23.97977    
23.91755    
24.38585    
23.85250    
21.34622    
23.34535    
22.32169    
21.88534    
21.46836    
22.90385    
23.82330    
24.68845    
26.25855    
23.77480    
26.18139    
27.04271    
23.22715    
24.37213    
23.87368    
23.72647    
23.27813    
24.29902    
22.50772    
24.36040    
24.14514    
23.85637    
22.21867    
24.30386    
22.83003    
22.90609    
22.48591    
25.74923    
27.60677    
21.86718    
24.75483    
23.83220    
22.92644    
26.72446    
25.70760    
23.80688    
22.86109    
24.82312    
22.34668    
22.87792    
22.33344    
24.19309    
24.67944    
22.57141    
23.80693    
23.52068    
23.12218    
24.70253    
25.16029    
23.72882    
24.26637    
24.17062    
25.21466    
23.69274    
21.98950    
21.45251    
23.72516    
24.23636    
21.35931    
23.77106    
23.80096    
22.32326    
24.75833    
22.77147    
20.43210    
28.09147    
25.22411    
22.70260    
23.29731    
24.25751    
24.77381    
24.81940    
27.28642    
26.17665    
22.31426    
25.20897    
23.22938    
22.36439    
22.40812    
24.74636    
23.32956    
24.77059    
25.74483    
23.24292    
24.30599    
23.78953    
23.40442    
24.80904    
24.63857    
23.40813    
26.13763    
25.38102    
22.90353    
23.21493    
26.15405    
20.98446    
24.28191    
23.33124    
23.17639    
24.79238    
23.29841    
25.18541    
24.26242    
27.10925    
21.89169    
22.78133    
25.62242    
22.74882    
23.37237    
22.67861    
23.35835    
23.65784    
23.85389    
25.66413    
24.09766    
23.25062    
26.19179    
28.16449    
26.32980    
21.98605    
22.34307    
23.37605    
25.11895    
27.54263    
25.15702    
24.29896    
26.16113    
24.26647    
23.20719    
24.26215    
22.82677    
24.83079    
27.73544    
25.70269    
24.16431    
24.74806    
23.87949    
24.23604    
23.83278    
25.22017    
21.33312    
23.40605    
22.81353    
22.09000    
23.71006    
26.03056    
24.38850    
24.30876    
22.80104    
23.82648    
25.70010    
25.28535    
28.02623    
24.22745    
22.81030    
26.21740    
24.19979    
25.64566    
26.26758    
25.56559    
24.70053    
24.22872    
23.43368    
21.07808    
21.94985    
26.20260    
24.22352    
25.65314    
24.34033    
26.15145    
24.31640    
21.87660    
26.79230    
23.39734    
23.30731    
21.65954    
25.26651    
21.95726    
24.74341    
23.76801    
23.41036    
26.24766    
23.29857    
21.77250    
22.92941    
24.21645    
23.72071    
22.86926    
24.29483    
23.27516    
23.34859    
23.75390    
24.31733    
20.88268    
26.17245    
22.39140    
21.95317    
25.57091    
23.73100    
23.30309    
22.78532    
24.78993    
23.78055    
27.59284    
22.82147    
22.83868    
22.99035    
24.76350    
24.66566    
22.83451    
22.28251    
25.23024    
21.18817    
24.69785    
25.15711    
22.79920    
21.33291    
23.24196    
23.37911    
24.63528    
22.33534    
23.83271    
25.57329    
23.73500    
22.35081    
20.89456    
23.76983    
25.22774    
20.95963    
23.34271    
25.18599    
23.23118    
25.88730    
26.21009    
25.71932    
23.83798    
25.24913    
23.38942    
23.66736    
24.21369    
25.31714    
22.24951    
23.80912    
26.59904    
20.94558    
23.29851    
23.79959    
23.85929    
22.41087    
26.21873    
24.26545    
26.72061    
24.30564    
23.35016    
26.28598    
23.77255    
25.31866    
22.88595    
22.48383    
24.35853    
27.64472    
21.45040    
23.77319    
22.93653    
24.33358    
23.39526    
24.29302    
25.18824    
25.67744    
25.22884    
22.97045    
22.81958    
22.82061    
25.14333    
22.71133    
24.67311    
24.14832    
22.39772    
25.22635    
22.90497    
25.25715    
21.93317    
22.77024    
23.32263    
22.81421    
23.73472    
21.44135    
21.92001    
24.32249    
26.21775    
25.25313    
25.27676    
23.74362    
22.84007    
20.38846    
23.41251    
21.05871    
26.15387    
24.72398    
23.82729    
22.44536    
25.77583    
26.56903    
25.20854    
24.17019    
24.27195    
24.73059    
23.82258    
23.37057    
24.81061    
23.73744    
23.68436    
26.71067    
21.89152    
23.78807    
24.34796    
25.67451    
21.86647    
24.73321    
22.54799    
23.36839    
23.32900    
25.18772    
23.27759    
26.13738    
24.24526    
24.31931    
21.93015    
22.30603    
24.27135    
22.77504    
23.77014    
22.71700    
23.29777    
23.75665    
21.35216    
22.81380    
21.38569    
22.75067    
22.43876    
23.79721    
24.94966    
25.33546    
25.22625    
23.74325    
22.00385    
24.22814    
21.89132    
23.31205    
22.66711    
27.02913    
24.72791    
21.81384    
20.78285    
23.82585    
24.81001    
23.79584    
26.24451    
23.80230    
25.68192    
24.80399    
22.82124    
23.70608    
22.88129    
23.77457    
22.17677    
23.78104    
24.19168    
26.20209    
21.28621    
22.29338    
24.20845    
22.68584    
23.74269    
22.39090    
23.23666    
21.40721    
22.26224    
23.27202    
25.70326    
24.31181    
24.30233    
22.80290    
23.47229    
25.29853    
23.72596    
26.15845    
26.24183    
26.47288    
24.67130    
22.40979    
22.84297    
22.28320    
21.40283    
20.96739    
24.83066    
24.30431    
26.20805    
22.72877    
26.62268    
24.26167    
25.17696    
24.25738    
27.22276    
27.69911    
24.21700    
24.62014    
24.64847    
22.79323    
23.37386    
22.89566    
24.26421    
22.79650    
24.79695    
22.38017    
24.63034    
25.69527    
21.35192    
24.78559    
22.30063    
24.73640    
22.42806    
26.15015    
24.33994    
25.33110    
24.20825    
21.84030    
20.97130    
21.71867    
23.85255    
22.82393    
24.79208    
25.14138    
23.38316    
23.73068    
24.71799    
26.22873    
24.76044    
24.67584    
21.32088    
25.08812    
25.31054    
23.33175    
24.77441    
26.64061    
22.86111    
26.17722    
23.69459    
24.81960    
21.87151    
24.74523    
26.10803    
24.34963    
24.75542    
25.18060    
21.94489    
22.88603    
23.33100    
21.44390    
21.83667    
24.22670    
22.92099    
23.30478    
23.29176    
23.32657    
23.81924    
22.86311    
27.12890    
26.24210    
23.73675    
22.29660    
22.41412    
25.70909    
26.10163    
23.77711    
25.21553    
22.39483    
23.84859    
23.29554    
24.28254    
24.26691    
25.70068    
25.26852    
23.87136    
21.39412    
22.86298    
22.88417    
24.65572    
23.88890    
18.97536    
24.28491    
23.84006    
24.69461    
23.83238    
24.19386    
25.59577    
22.83148    
25.27112    
22.92268    
24.34153    
23.77706    
22.28688    
22.95349    
24.68037    
23.84215    
25.63169    
22.30780    
21.86201    
23.00696    
22.34953    
22.75058    
23.29932    
21.39620    
26.24082    
24.29530    
25.21550    
24.74334    
24.34561    
24.27493    
25.15222    
24.34304    
24.83248    
22.77991    
21.96282    
22.79648    
24.40449    
26.30316    
20.95193    
23.30269    
23.85962    
21.88617    
23.01700    
25.75831    
25.57005    
22.45384    
22.81259    
23.82065    
24.72720    
22.84556    
21.71042    
24.81250    
23.37267    
23.74813    
25.26786    
26.03886    
25.79550    
23.29456    
23.84899    
22.84146    
23.35356    
23.70824    
23.79225    
21.96610    
22.84620    
22.78839    
25.19151    
25.71126    
25.32171    
23.33038    
24.25376    
22.77199    
21.79153    
22.73171    
24.23550    
24.33873    
24.65340    
22.32268    
23.85578    
23.87084    
25.77714    
24.43240    
22.26583    
22.39330    
24.73109    
24.32930    
23.80826    
23.72680    
23.90333    
23.87988    
24.29510    
26.68137    
25.24958    
26.67661    
23.21821    
25.68168    
25.18124    
23.29426    
23.25886    
19.99591    
27.13907    
25.20516    
22.79167    
23.34809    
24.25978    
23.63236    
23.86775    
24.72583    
26.26793    
23.40338    
23.73637    
20.40551    
24.36169    
23.31915    
22.69522    
24.77679    
26.23376    
23.26808    
23.89666    
23.27333    
24.72313    
27.08444    
22.79628    
24.26220    
22.79578    
23.73951    
26.08244    
24.24374    
25.14064    
21.46745    
23.66220    
24.80837    
25.70021    
24.81481    
23.90404    
24.09016    
22.45395    
24.79285    
24.75787    
25.26617    
24.17982    
22.80174    
22.91792    
22.75166    
23.76058    
24.69358    
23.72036    
21.57483    
20.79880    
24.37160    
24.80854    
24.31056    
21.80956    
22.12580    
22.37338    
24.82358    
22.30538    
21.85212    
21.39465    
23.01888    
23.77902    
23.23304    
27.33802    
23.41127    
24.29461    
25.67285    
22.75553    
24.17696    
24.29961    
21.95062    
24.31537    
23.83077    
24.24414    
26.68141    
23.79518    
22.38560    
23.35788    
22.84390    
23.41298    
23.72730    
22.76267    
24.39867    
22.89847    
23.84263    
22.86655    
26.28584    
23.38673    
21.74739    
20.94912    
24.22925    
22.37888    
21.88751    
23.80307    
26.08728    
25.10369    
23.37361    
24.73658    
21.78508    
22.90456    
23.39325    
25.00819    
23.32054    
24.66729    
21.47737    
23.11965    
22.80035    
22.27726    
23.86396    
23.76089    
24.78361    
22.81376    
24.20474    
22.77959    
21.89582    
24.65117    
25.37516    
24.32353    
22.42625    
23.26171    
22.73181    
24.71112    
24.67526    
23.41240    
25.25992    
25.13944    
23.15949    
22.34584    
23.26307    
23.78661    
23.32609    
25.75527    
24.56498    
24.64402    
27.63784    
23.32562    
24.72743    
22.69311    
25.37791    
24.71174    
23.35885    
23.30550    
23.83540    
24.80570    
21.83261    
23.77418    
25.14571    
23.82525    
23.28413    
27.13302    
23.95009    
24.23035    
26.02006    
22.84505    
24.29243    
25.22774    
23.19140    
23.83079    
24.85817    
25.21505    
22.84847    
22.37041    
20.38648    
22.44920    
24.27064    
21.41802    
24.10964    
22.42656    
22.39460    
23.81472    
26.78492    
23.31302    
21.42248    
25.12097    
24.26904    
23.82487    
24.17783    
22.29905    
26.10500    
24.31189    
24.34001    
22.31894    
23.27868    
24.69720    
26.52970    
21.82194    
22.85394    
27.55788    
25.26237    
20.90624    
22.91767    
19.97465    
20.31225    
23.26731    
23.32055    
22.95634    
21.91168    
23.71421    
24.81123    
23.73640    
23.75662    
24.33538    
24.85956    
24.28019    
25.21700    
21.43486    
25.85062    
26.23312    
21.40041    
22.99210    
20.97816    
24.28493    
23.30587    
22.37985    
24.32062    
25.15816    
25.58687    
23.34865    
24.13619    
22.79974    
25.21182    
21.44346    
24.32588    
27.20971    
24.21489    
21.96703    
20.37921    
25.70294    
23.83861    
21.88879    
23.29379    
23.42769    
25.62302    
24.32226    
23.66604    
22.30581    
23.33324    
23.77537    
21.34039    
22.38112    
22.34615    
24.71215    
23.14411    
24.79543    
22.85905    
20.85583    
22.33543    
25.12546    
22.90199    
25.54136    
23.79349    
25.23185    
22.78632    
24.25603    
21.40059    
24.48519    
25.20249    
24.83551    
23.43101    
26.25681    
21.44491    
22.83240    
21.92727    
21.31901    
23.89835    
23.83128    
22.88960    
24.23621    
24.84750    
23.80633    
25.81170    
23.73670    
26.63707    
24.28004    
24.18688    
23.25578    
22.83329    
25.72778    
21.87477    
25.28702    
26.11699    
21.71694    
24.28170    
23.31637    
23.84576    
22.34707    
24.21382    
23.77667    
26.21765    
25.12881    
22.36251    
24.32113    
24.16319    
23.71299    
25.60721    
24.25504    
25.42608    
21.87477    
23.23461    
23.88565    
25.31988    
23.81752    
22.86967    
25.64204    
22.78605    
23.35878    
21.80719    
22.91080    
25.35598    
26.17720    
25.59564    
23.38084    
23.39001    
23.30352    
24.64426    
22.24609    
20.84680    
23.28123    
25.26106    
23.31116    
23.86749    
23.84596    
20.00428    
22.36001    
24.22309    
20.90507    
23.80427    
22.89383    
22.34797    
26.20458    
24.22472    
20.92649    
24.78409    
24.21247    
22.86418    
26.14255    
24.30387    
24.70440    
23.24791    
22.57112    
23.27111    
20.99556    
23.73523    
22.33529    
22.80555    
23.78059    
23.81908    
22.93053    
25.72751    
22.76778    
24.68981    
23.25201    
23.76925    
25.66022    
26.00833    
26.35732    
24.36380    
22.94668    
23.74501    
26.98514    
22.94693    
22.41977    
24.16743    
21.34494    
24.41573    
24.80937    
23.32824    
23.31577    
24.81420    
23.77675    
24.25735    
23.41106    
23.72454    
24.32019    
21.78427    
23.30412    
23.78814    
25.68165    
22.90736    
24.67535    
26.14214    
24.24126    
23.30126    
22.40540    
25.29922    
21.41820    
20.84890    
26.56307    
22.76203    
23.69314    
23.87757    
24.90166    
21.31006    
25.18837    
23.36237    
20.92469    
23.79212    
23.68092    
22.42356    
23.29571    
25.19053    
24.18575    
24.27326    
24.69543    
23.79110    
23.74888    
24.33248    
22.42311    
22.82544    
24.56892    
21.77732    
24.41177    
24.27675    
27.58818    
25.28267    
20.97657    
20.91982    
25.76689    
20.48583    
23.36528    
22.43846    
23.83456    
25.30137    
22.28811    
25.24256    
22.83987    
25.12093    
20.08122    
26.63536    
21.86219    
24.28746    
23.31992    
27.66973    
21.91147    
23.82694    
25.22801    
22.79545    
25.73025    
22.82459    
23.83674    
22.94439    
21.84327    
24.74495    
24.74805    
24.76441    
24.37118    
25.23543    
26.17772    
22.45277    
24.69798    
24.23200    
26.19155    
25.11543    
25.27376    
25.64017    
24.84495    
23.40464    
25.12779    
24.15824    
23.22262    
27.13217    
21.90744    
22.77152    
21.52794    
23.69508    
23.73809    
26.59520    
23.74803    
22.86949    
24.78257    
24.15508    
25.73064    
23.77966    
22.34032    
24.22577    
25.68233    
20.07101    
24.30617    
23.86959    
23.78111    
25.12057    
23.81344    
24.22018    
26.69248    
22.30395    
24.21050    
23.44812    
23.67192    
24.19191    
26.26648    
25.70546    
23.15927    
22.83885    
26.83042    
24.46517    
24.70823    
24.76056    
25.61041    
24.30589    
23.73807    
22.34162    
26.12533    
23.86379    
23.84907    
23.33947    
22.41191    
25.79098    
24.27044    
21.43297    
24.26696    
22.38783    
25.28600    
22.83950    
22.42269    
27.11690    
20.80455    
21.52270    
22.81791    
23.68567    
22.30668    
23.79532    
23.75492    
25.26170    
23.16656    
25.18665    
19.45895    
21.95126    
25.16692    
23.71565    
24.77554    
23.30351    
24.75788    
23.71378    
22.76326    
25.75042    
21.17295    
22.25719    
23.97791    
24.26454    
23.28183    
21.38800    
25.75177    
22.85735    
22.87348    
22.37671    
25.27223    
26.26862    
22.84745    
23.35543    
21.34523    
23.33082    
23.80805    
25.61706    
25.23545    
25.19517    
23.32895    
24.22996    
23.89706    
24.79099    
23.39051    
25.36995    
22.37408    
22.32627    
23.37601    
23.70764    
22.79004    
24.29810    
21.68609    
23.76511    
24.26049    
24.29449    
23.37701    
23.22859    
24.74391    
24.28017    
26.08665    
26.18889    
23.36409    
24.09170    
23.22654    
22.68246    
22.41316    
26.11583    
26.21060    
24.33014    
24.80835    
23.82270    
25.65232    
25.69096    
23.75734    
23.35341    
23.81566    
23.33927    
23.25550    
25.17198    
25.22716    
21.80590    
25.74495    
24.79885    
22.55888    
25.40824    
23.81402    
25.22033    
23.78468    
23.30914    
21.95560    
21.85218    
22.47409    
22.46233    
24.29149    
22.40295    
22.86480    
23.74292    
19.92846    
23.19324    
22.89218    
21.94069    
24.16716    
26.15046    
24.73979    
21.83029    
21.44885    
23.32886    
23.91950    
24.78763    
21.37049    
25.17211    
22.86922    
22.38621    
23.79482    
25.68238    
23.43096    
22.86124    
25.73798    
22.44056    
21.35864    
24.38203    
23.36403    
23.87234    
22.74012    
22.81551    
20.34560    
23.89220    
22.93857    
23.76641    
21.82546    
24.88149    
24.79962    
23.42393    
22.28030    
24.26805    
22.40249    
23.78218    
24.78188    
23.34061    
23.30094    
25.22702    
25.60723    
23.80677    
24.29846    
23.79457    
21.37889    
21.84032    
25.16201    
25.69870    
22.35906    
24.34795    
25.20147    
23.85809    
22.86034    
24.19103    
23.83703    
26.54930    
23.45293    
23.18263    
23.25384    
21.90317    
24.81737    
25.18715    
24.32434    
25.29590    
23.33555    
24.30315    
22.85698    
22.89697    
26.67274    
23.21088    
23.22653    
24.66155    
23.33151    
22.19176    
24.16760    
25.19052    
23.23470    
24.75064    
23.62319    
23.84434    
22.90924    
21.85994    
25.40309    
22.32050    
24.30426    
23.30271    
22.81348    
23.38471    
26.12701    
21.39542    
24.39177    
21.36473    
26.56289    
23.71312    
22.45389    
23.01274    
24.27629    
23.23880    
23.94824    
23.82649    
23.77798    
23.70677    
23.32238    
22.78226    
23.80565    
22.35448    
22.73373    
24.76905    
27.48707    
21.11545    
27.07257    
23.35134    
23.75989    
27.07656    
25.24977    
25.73012    
23.69208    
26.92085    
24.79653    
23.84202    
22.96326    
20.30537    
23.71430    
23.29247    
24.76643    
21.41342    
22.43315    
24.24976    
22.93802    
26.74731    
22.34570    
24.59488    
23.29477    
24.23297    
26.22045    
23.32137    
22.99970    
23.33522    
23.71357    
22.81694    
24.66653    
22.83833    
26.13926    
24.26826    
23.66612    
23.30380    
25.70151    
21.95952    
23.35194    
22.30268    
24.25091    
21.93339    
22.30362    
26.16185    
25.33196    
22.80291    
24.22228    
24.25374    
23.31881    
22.33509    
23.74460    
23.34653    
22.95172    
23.78958    
26.23705    
22.92329    
24.26746    
22.97309    
26.18868    
28.12362    
24.74158    
24.62957    
24.69266    
23.78474    
21.85622    
24.37069    
23.81738    
24.71401    
25.22186    
21.85714    
23.32757    
23.86846    
21.51417    
25.19559    
21.95014    
26.19015    
24.28866    
22.82226    
22.35994    
21.83678    
23.32582    
26.63718    
24.31626    
23.83873    
23.29380    
26.14827    
23.78469    
23.34373    
22.35951    
21.91692    
24.28312    
22.77602    
20.48699    
23.40212    
23.80570    
21.84969    
21.77213    
22.35988    
23.21555    
23.34087    
25.25784    
25.73370    
25.28011    
24.29635    
20.51401    
23.66706    
25.20517    
25.64538    
24.27947    
22.43183    
26.24065    
24.24070    
25.78625    
25.68421    
23.67153    
24.39507    
23.86388    
25.12334    
25.29009    
23.88198    
22.37097    
25.28705    
24.22855    
26.24304    
23.83393    
21.38681    
21.33591    
23.32152    
24.64948    
22.83227    
23.93216    
23.26981    
24.30460    
20.80628    
26.62853    
23.84262    
22.74407    
25.92109    
22.37921    
21.81052    
24.25027    
24.30966    
24.75015    
24.31508    
25.84306    
25.72096    
22.89963    
27.29570    
22.85548    
22.75521    
23.81605    
23.76541    
25.26467    
22.37907    
25.18236    
23.72510    
22.31996    
25.23569    
21.41593    
23.80871    
24.32704    
25.64218    
26.68831    
24.72481    
24.75772    
23.77754    
26.63267    
23.82845    
24.24410    
22.75758    
24.24773    
23.79498    
24.30797    
24.81988    
24.80908    
26.57938    
23.89605    
24.22153    
24.78579    
23.78115    
24.67398    
22.40314    
22.73340    
22.29768    
23.40738    
23.76334    
25.25273    
25.29676    
23.35054    
24.25235    
24.27071    
24.24537    
22.89650    
25.13656    
27.08251    
25.17699    
24.89339    
24.24426    
22.88856    
23.76411    
26.13135    
23.28417    
23.72241    
22.40443    
22.36214    
23.96523    
24.25281    
20.83306    
24.29527    
23.34961    
23.82271    
25.39323    
24.36940    
25.71112    
23.77493    
24.21492    
25.21060    
24.25940    
23.32095    
22.85273    
24.56261    
23.76996    
24.26043    
24.26684    
24.65530    
24.81992    
23.85116    
27.53972    
24.61647    
24.63097    
21.94784    
25.11181    
21.84921    
25.17975    
23.83539    
22.39236    
23.74825    
23.81307    
24.24841    
20.91106    
23.37548    
24.18621    
25.21287    
27.13189    
22.80911    
26.17523    
23.81322    
24.78569    
23.17368    
24.59517    
25.77716    
24.31145    
26.10644    
24.26442    
22.28528    
20.90639    
24.68888    
25.85684    
23.72738    
26.12886    
26.65375    
26.11729    
22.38620    
20.85473    
25.71328    
24.85508    
26.18121    
23.69895    
23.70070    
22.82363    
23.34390    
22.31937    
25.63878    
24.80695    
24.62162    
27.02870    
25.65850    
25.75813    
27.07927    
23.91757    
21.51157    
26.64191    
23.75418    
23.27499    
25.23148    
24.28976    
24.14359    
20.87617    
24.28351    
25.16622    
25.12069    
26.60117    
24.22423    
20.49958    
27.63277    
23.27715    
25.66371    
27.02152    
27.14741    
21.87803    
25.69705    
23.77289    
22.84738    
26.23326    
26.57096    
27.19317    
23.77081    
25.79361    
23.93501    
23.25185    
24.29079    
23.75295    
20.00778    
24.17378    
22.87157    
20.36308    
24.70665    
23.31251    
26.01057    
24.42196    
23.29215    
25.13596    
20.91639    
21.38423    
21.84401    
24.77508    
22.83328    
25.59599    
24.30105    
24.90748    
23.79815    
23.25010    
25.21258    
23.31777    
24.30528    
24.35721    
25.34274    
24.23020    
26.57683    
22.34844    
26.28691    
24.92648    
25.21009    
27.31530    
26.17953    
23.20993    
25.28271    
20.04654    
24.74347    
23.68774    
24.24432    
24.73007    
23.18153    
24.15966    
22.80013    
23.76425    
25.21323    
25.24027    
23.29627    
21.82300    
23.74988    
25.71629    
23.83274    
21.89476    
23.72173    
25.73928    
25.31199    
22.76834    
21.08104    
19.41702    
25.23614    
24.75606    
26.08659    
24.26883    
23.33061    
20.86447    
23.83710    
23.83250    
20.83629    
24.78386    
24.71141    
21.34213    
22.86760    
25.51091    
23.70135    
23.91795    
24.31711    
28.26829    
26.85546    
21.84087    
24.19256    
23.76490    
23.31158    
24.24221    
25.17141    
25.14318    
24.57695    
24.34760    
22.79418    
23.38293    
26.24050    
24.75687    
24.87393    
24.73889    
24.64423    
24.18942    
22.83558    
24.80223    
21.47625    
25.57655    
25.25179    
23.19139    
24.27405    
24.69689    
27.06252    
25.68432    
22.78530    
21.81754    
23.80133    
24.33828    
23.74736    
24.28894    
23.76779    
23.65672    
25.71035    
24.79617    
24.83607    
24.33233    
23.81839    
24.19914    
25.13208    
20.44849    
23.30948    
23.76195    
24.64846    
22.82162    
24.22383    
22.92615    
22.81362    
23.20350    
21.90982    
24.84832    
22.47257    
25.18685    
23.84479    
23.21309    
26.70194    
22.31844    
24.07827    
24.76947    
22.30942    
23.30997    
22.43509    
25.82334    
27.16527    
24.29280    
17.98777    
23.28966    
22.77575    
21.85501    
26.22343    
23.38129    
21.87536    
24.24127    
24.19223    
25.63616    
23.35224    
22.87691    
25.22484    
24.28699    
23.84704    
24.25916    
22.46671    
24.73623    
26.60939    
22.81414    
22.87150    
22.30427    
24.29826    
26.19758    
23.36527    
24.14853    
24.32494    
22.84228    
25.20199    
23.67851    
25.18288    
23.41305    
23.84771    
23.70423    
24.26748    
23.81996    
24.78653    
23.25393    
25.67281    
24.11064    
21.33538    
23.32269    
21.00878    
21.32402    
22.81818    
22.89040    
24.36556    
24.84002    
23.31867    
26.16113    
25.80500    
24.79351    
23.24308    
25.72872    
24.79012    
22.33142    
24.88813    
22.94500    
22.30228    
25.58362    
24.19127    
23.44173    
24.31433    
24.80099    
24.29773    
24.74839    
23.89877    
24.49003    
23.39907    
27.09101    
22.32795    
25.23276    
21.39542    
23.09665    
25.68354    
24.76871    
25.66495    
26.60092    
21.03219    
24.71080    
22.01890    
23.29975    
23.90612    
22.90406    
26.29961    
24.58077    
21.89513    
26.23947    
23.39907    
22.39507    
24.74679    
27.05788    
28.07218    
23.83131    
24.15954    
23.84591    
24.68732    
25.30362    
22.87150    
22.40449    
21.85612    
25.12669    
21.84077    
23.78361    
22.38726    
22.82378    
23.34920    
22.66573    
25.69264    
25.15785    
25.19002    
21.86252    
22.18754    
27.66999    
24.65150    
24.39046    
24.02217    
25.74451    
24.24987    
25.74245    
24.57702    
22.84721    
25.30451    
23.87457    
21.90434    
22.36681    
23.31476    
24.24247    
23.70747    
23.88528    
20.94069    
25.17239    
24.37747    
23.35615    
23.33625    
26.52283    
26.18168    
24.26066    
24.72497    
23.21688    
21.80590    
26.15949    
29.02067    
24.27250    
26.24063    
24.06802    
24.75113    
23.28657    
22.88354    
23.32422    
24.22764    
23.80922    
23.81918    
22.82800    
23.34642    
23.79973    
24.83580    
21.80759    
23.47742    
23.86293    
23.72364    
22.86380    
25.76968    
26.70869    
22.26917    
25.71028    
23.73412    
24.89961    
24.20490    
22.88453    
23.90070    
25.16902    
22.77411    
24.34465    
23.30508    
23.66609    
26.15978    
22.84335    
23.28834    
23.64983    
21.86716    
25.21298    
22.82288    
24.76851    
22.96182    
26.11948    
24.32486    
26.74508    
24.27455    
23.72289    
21.83538    
22.87964    
24.85925    
23.32287    
25.63174    
22.49897    
25.64619    
25.72001    
25.73977    
25.26061    
24.19039    
24.74289    
22.36035    
25.68418    
23.69625    
22.80584    
23.24315    
25.17927    
21.84581    
23.79052    
20.95771    
22.34433    
24.64095    
23.43576    
23.34248    
25.21957    
24.85707    
23.71403    
25.14072    
23.22950    
22.48232    
25.65528    
21.91652    
21.44541    
25.71552    
27.22809    
27.07456    
21.90425    
23.39208    
23.30746    
24.68565    
22.83294    
22.38298    
21.88506    
22.34562    
21.39688    
22.91328    
24.25412    
21.95468    
23.32120    
26.29936    
23.31116    
21.39064    
22.02748    
24.81633    
24.74094    
25.31143    
25.24708    
24.76252    
23.71957    
25.22506    
21.46831    
25.71973    
22.35303    
25.80876    
22.69025    
21.77940    
24.84719    
20.80142    
21.39281    
24.75901    
24.63065    
23.39358    
24.32833    
24.16762    
21.82175    
24.30972    
26.16151    
23.67578    
24.74343    
23.77168    
26.77592    
20.55850    
22.24747    
22.78282    
23.78378    
23.71390    
24.68764    
23.27538    
23.32292    
24.75157    
25.22882    
24.38278    
23.33340    
24.26808    
24.23497    
21.87822    
24.16417    
23.34465    
24.82347    
22.30635    
25.11300    
25.32085    
22.46050    
26.15803    
23.80361    
23.84624    
21.42395    
26.15339    
25.70428    
22.29351    
24.88582    
25.73154    
21.36952    
25.27688    
22.39928    
24.73720    
23.31227    
22.32591    
24.30967    
23.80947    
23.90242    
23.33670    
25.63006    
25.29677    
24.35477    
23.31775    
24.22565    
24.28076    
22.82294    
23.14347    
22.40511    
21.91683    
27.21520    
25.71584    
24.66445    
23.30117    
24.77910    
25.22858    
23.83511    
24.71777    
23.79692    
26.09443    
20.96122    
23.17891    
24.35977    
26.30632    
26.77169    
21.83485    
22.81302    
25.60537    
24.85495    
22.73890    
23.29006    
22.27365    
25.14685    
22.93679    
24.28601    
24.71456    
24.82820    
23.23948    
23.79393    
23.78949    
24.84004    
20.90705    
25.63214    
23.32075    
25.26229    
21.85164    
24.36030    
22.81863    
26.21034    
23.31520    
20.91162    
22.80733    
23.79223    
20.39164    
22.86714    
24.20093    
23.27446    
22.72006    
22.80992    
23.89038    
24.14277    
21.33756    
24.36458    
24.73459    
25.72651    
24.82997    
22.85108    
24.24937    
29.00587    
24.69864    
25.19538    
24.13198    
26.18883    
24.33292    
22.84179    
24.28074    
23.35938    
25.75668    
22.88776    
19.53216    
24.23790    
25.71626    
23.76859    
28.08084    
24.85823    
22.74795    
23.73713    
22.84673    
25.26596    
22.10523    
24.79284    
24.27985    
22.90095    
22.86617    
22.37136    
24.31644    
26.66406    
26.21650    
22.26344    
24.72630    
25.45977    
22.79569    
25.81636    
22.40954    
23.31416    
22.85213    
22.80624    
24.21491    
25.29784    
22.77633    
23.83936    
24.30896    
27.06987    
25.18276    
27.13277    
22.45654    
21.43070    
23.83919    
22.02148    
25.24855    
25.06247    
22.80611    
26.20892    
24.29943    
24.37839    
21.40429    
26.03042    
25.23748    
25.35632    
24.61550    
25.70736    
24.32477    
24.27419    
24.80042    
23.19384    
24.40206    
24.76075    
26.06891    
24.27394    
21.73928    
25.25928    
23.31895    
22.77381    
26.20314    
22.31093    
23.29739    
23.31571    
25.22797    
25.18172    
24.66875    
23.45150    
22.40188    
23.45772    
22.33381    
23.27589    
23.31282    
21.90172    
26.17198    
24.13939    
24.31532    
22.45055    
24.30401    
23.78491    
26.18276    
22.89901    
23.20124    
24.22286    
26.14351    
24.18039    
24.70211    
23.39569    
26.55560    
25.17766    
23.35196    
23.85868    
24.26001    
26.69410    
25.15888    
21.77859    
21.80395    
25.69639    
22.23690    
23.26595    
20.47040    
24.34389    
27.13978    
22.89225    
28.45396    
21.90196    
22.86869    
26.13759    
25.78051    
23.59985    
25.29613    
24.33773    
26.14629    
21.27247    
22.28154    
25.28211    
22.84964    
21.88356    
22.34358    
25.20861    
25.61716    
25.23770    
24.78108    
23.29729    
22.89914    
26.64402    
23.30713    
21.97242    
24.20962    
22.87914    
22.79344    
24.92812    
24.26473    
24.65008    
25.66403    
26.60535    
26.90112    
21.40332    
22.37840    
24.74264    
24.30133    
25.16850    
23.72303    
24.32972    
23.77947    
22.82587    
23.36870    
25.65519    
23.33804    
22.34619    
22.77140    
25.17967    
26.63513    
22.89323    
25.22974    
24.28411    
23.81843    
21.85949    
22.42639    
25.94217    
24.14562    
24.24253    
26.17829    
25.23871    
23.31090    
24.29256    
22.34430    
23.84196    
20.98604    
23.71387    
23.23259    
23.78516    
24.37035    
23.80575    
23.88671    
22.32861    
25.25706    
26.52602    
23.17887    
23.88479    
23.39211    
22.30911    
22.83758    
21.45414    
21.88442    
27.15929    
23.79503    
23.70265    
22.34454    
25.67545    
26.61834    
24.82150    
24.66281    
24.25984    
25.65688    
24.20268    
23.32853    
21.31062    
22.89836    
21.92503    
24.29047    
23.79232    
19.45607    
21.87921    
25.21276    
25.77845    
24.23056    
26.05602    
25.04614    
23.28828    
23.78458    
25.22711    
21.35948    
21.95463    
26.20603    
24.21677    
26.69668    
24.71302    
26.21100    
25.22442    
24.80159    
25.14410    
23.38561    
21.37343    
25.16778    
23.86306    
22.38725    
22.76722    
25.16382    
22.27980    
22.88599    
26.66326    
25.12248    
24.26160    
25.76083    
22.75561    
26.10533    
21.40830    
24.66038    
24.59926    
25.31886    
23.80879    
22.80037    
25.31937    
24.23526    
23.78991    
24.30162    
22.73980    
26.22559    
24.31528    
23.30738    
25.72798    
21.86881    
22.69880    
25.80288    
23.86326    
23.72381    
24.84609    
22.39207    
26.14733    
25.64258    
21.91888    
23.78320    
23.35901    
25.62088    
25.70506    
25.68742    
25.67367    
25.70206    
25.27989    
25.55002    
24.70484    
22.87207    
21.89989    
20.54109    
22.24090    
23.67642    
24.72366    
24.72554    
22.89425    
24.26216    
23.89578    
23.83477    
24.26265    
25.22253    
24.26111    
24.68788    
22.38432    
22.87877    
24.27529    
23.22808    
23.29568    
23.43248    
23.75735    
24.69019    
23.40027    
23.97569    
22.79601    
21.81172    
25.21931    
25.15662    
24.68964    
25.70632    
23.66680    
25.23488    
23.26844    
23.79752    
22.36997    
21.91604    
21.45696    
23.89210    
23.82728    
24.80739    
24.68974    
24.74087    
24.74980    
24.52435    
21.96283    
26.20757    
21.89640    
23.34841    
23.84748    
21.89170    
23.62028    
25.12173    
23.32564    
21.72428    
25.17748    
24.27384    
21.45100    
24.33289    
26.19456    
23.87706    
25.66789    
22.93493    
24.12976    
22.81898    
23.76780    
24.77943    
24.78859    
23.33102    
26.14587    
21.89167    
22.84797    
25.19495    
21.89937    
25.12672    
22.01822    
24.81480    
23.22711    
23.40626    
25.07607    
22.90034    
24.29457    
24.82470    
23.74575    
25.16307    
22.45054    
25.30793    
23.33636    
21.45005    
24.27485    
23.27575    
23.85882    
25.08347    
24.69539    
23.27880    
25.86325    
23.35989    
24.67741    
23.89226    
24.74688    
23.81029    
24.27304    
23.35433    
24.26991    
23.40401    
23.31209    
23.66853    
22.87190    
24.19067    
25.28975    
24.66125    
25.73066    
25.19635    
25.21800    
23.32323    
23.33299    
22.89147    
25.78350    
23.45708    
23.17274    
22.76565    
22.92602    
25.13012    
23.26199    
24.87714    
22.38678    
22.35079    
24.63288    
23.29816    
21.43485    
23.36381    
23.25476    
23.81623    
25.16021    
28.12010    
23.19012    
25.64770    
23.35238    
23.18947    
22.35760    
23.29420    
24.19355    
22.31632    
26.11126    
24.30233    
23.75559    
23.45457    
23.72535    
26.60240    
23.88208    
23.76570    
20.57241    
22.30480    
25.20167    
23.68657    
22.81682    
26.72153    
25.27342    
24.79243    
24.69506    
23.83788    
22.73235    
23.67580    
23.20894    
24.14460    
21.86569    
25.20491    
22.90470    
25.26067    
21.95829    
25.32863    
21.37359    
22.82834    
24.77898    
22.94280    
22.90028    
24.24129    
20.93116    
22.83620    
26.25435    
22.89611    
22.78450    
22.81885    
25.19142    
23.82750    
22.26753    
25.24292    
21.83159    
22.17887    
23.65516    
24.22659    
23.44038    
23.86529    
23.81812    
23.26165    
25.74139    
23.28802    
23.36244    
24.76108    
22.35415    
23.79916    
23.25223    
23.24386    
20.51515    
22.31805    
23.23339    
23.37133    
25.20066    
23.78815    
25.29575    
26.14747    
23.77109    
23.80420    
23.35264    
22.43551    
23.31624    
24.66689    
23.78499    
24.29809    
20.88532    
24.78249    
23.37586    
24.33188    
24.28938    
24.76836    
22.27034    
24.28808    
22.34565    
23.73458    
23.83520    
21.85294    
24.30943    
24.82939    
25.18164    
23.78339    
24.76068    
24.15737    
23.74084    
22.91821    
24.70623    
20.94773    
24.33619    
25.68173    
23.35585    
23.84663    
25.73784    
21.02865    
23.31133    
23.77202    
21.90864    
23.27650    
22.38851    
24.78820    
25.16091    
25.65878    
20.96155    
22.43742    
25.31517    
22.25252    
22.89056    
21.98954    
23.18863    
26.34881    
22.82561    
22.95904    
23.75101    
24.17033    
23.23633    
21.43089    
22.41631    
22.77479    
24.28638    
23.75104    
22.43090    
23.23706    
22.42613    
20.91508    
23.29204    
25.24459    
24.82970    
23.69892    
22.41371    
23.38227    
20.98313    
21.88579    
22.37303    
22.16642    
20.97263    
25.32663    
24.32277    
23.77069    
21.01505    
25.17972    
19.07112    
24.71812    
23.23775    
23.93898    
24.21627    
23.38152    
27.13110    
22.91543    
24.69599    
22.86845    
23.88091    
24.30432    
23.32325    
23.73153    
26.36916    
23.29353    
26.96881    
25.22885    
24.69462    
23.76077    
22.43270    
24.23421    
25.21692    
25.77871    
25.76323    
25.30316    
25.65023    
22.42506    
23.78306    
24.96966    
24.21240    
21.80387    
26.22190    
23.24690    
22.37845    
22.85739    
24.78855    
24.26021    
25.22727    
21.91853    
26.24860    
22.34708    
24.19423    
23.41880    
23.34084    
25.40872    
24.75355    
24.69111    
23.76181    
22.25115    
24.31328    
22.37899    
25.18695    
21.84359    
24.25436    
24.66966    
22.85242    
27.63170    
25.16622    
27.07084    
24.26163    
23.27050    
24.19628    
26.72077    
22.85471    
23.86020    
22.24746    
26.19697    
25.29381    
24.74154    
22.30119    
23.83317    
22.40861    
23.63416    
24.76544    
24.72163    
23.64309    
21.03829    
22.90903    
22.45917    
23.92746    
21.90707    
25.21187    
26.10028    
21.92527    
22.32147    
21.75410    
24.70869    
23.71690    
21.84458    
23.30669    
21.37024    
24.85112    
23.75478    
22.83249    
22.80630    
22.33378    
22.72367    
23.96738    
22.84061    
22.03516    
21.88169    
23.87237    
21.82016    
24.71775    
24.65869    
23.36217    
25.22987    
22.85135    
23.28598    
24.25762    
22.37964    
22.38795    
25.20613    
22.41349    
22.26690    
25.19563    
22.26795    
20.91975    
23.70910    
26.66606    
22.93673    
22.85679    
23.36133    
24.25934    
23.20393    
21.88768    
25.16237    
25.80625    
24.39078    
25.70782    
23.24760    
25.29295    
22.36600    
26.21604    
24.29841    
23.94316    
23.83183    
24.74606    
24.31510    
26.63797    
23.36834    
23.32697    
23.79817    
23.21643    
21.40396    
26.16132    
23.33058    
25.10041    
24.33602    
20.84865    
22.37348    
21.55457    
22.95260    
25.83786    
23.83902    
23.39334    
21.75554    
24.65420    
22.85837    
23.87983    
23.33864    
24.50511    
23.75245    
21.40732    
22.45368    
22.39043    
23.38544    
23.79704    
23.80089    
24.66819    
23.45304    
23.28806    
23.93164    
22.43431    
23.78042    
23.34985    
23.78484    
23.19893    
24.31493    
23.74903    
21.88368    
19.43235    
24.62345    
26.74209    
21.88816    
23.74915    
23.76704    
24.74195    
25.19055    
21.95975    
23.75189    
22.43665    
23.83610    
23.29364    
21.85441    
22.37619    
23.48144    
20.94348    
24.31274    
22.23998    
22.81882    
27.03092    
21.75003    
21.88048    
22.22609    
23.71944    
25.23773    
24.20598    
23.83108    
24.12390    
23.31774    
25.33164    
25.31761    
24.85125    
23.25751    
21.92509    
22.34418    
25.31120    
22.79610    
24.18156    
24.27092    
23.90308    
24.34550    
23.67152    
22.82270    
23.86401    
25.71521    
24.70576    
23.66759    
22.69612    
25.18091    
24.76776    
26.28171    
22.74799    
22.33957    
22.75855    
26.18153    
23.27690    
25.74183    
24.91956    
26.28780    
24.73981    
22.30827    
26.26932    
25.77741    
22.35381    
22.35262    
23.93731    
22.84454    
25.74033    
25.20201    
21.30007    
24.71701    
26.87487    
23.73008    
23.16612    
22.39903    
25.72771    
24.63769    
23.70402    
20.46653    
23.09851    
23.29819    
25.22938    
24.64468    
23.67591    
22.41488    
23.89890    
24.18581    
24.30488    
23.75696    
22.88633    
24.72035    
23.35664    
25.16721    
22.37334    
21.00640    
21.41464    
25.70329    
23.23645    
24.72188    
24.75433    
26.21829    
23.18789    
24.70503    
24.29679    
23.14573    
23.31492    
24.63952    
21.88578    
24.73205    
24.13084    
25.69670    
23.32675    
24.76525    
22.37020    
21.91966    
20.86320    
22.84561    
23.39844    
21.05723    
22.82300    
23.79373    
25.64796    
24.08614    
23.86123    
23.70164    
22.84178    
24.74749    
25.22939    
22.41868    
24.73371    
23.87859    
23.22834    
25.26147    
24.25486    
24.25573    
21.79778    
21.87310    
26.25573    
25.31832    
25.17435    
22.91394    
24.81439    
24.76545    
22.34565    
24.25154    
22.80160    
25.27860    
21.89576    
23.72338    
21.80424    
25.22422    
21.85221    
21.31634    
23.21343    
23.95242    
23.77122    
25.26011    
21.89332    
21.92072    
24.75351    
26.17042    
24.77566    
21.87991    
23.82174    
22.52276    
22.33552    
20.46280    
25.30134    
23.33974    
28.67072    
23.63020    
25.60879    
22.81481    
22.90559    
25.72114    
24.24961    
23.36585    
25.27420    
23.83876    
22.37361    
22.86065    
24.81618    
22.47199    
25.74087    
25.69312    
24.76110    
22.88156    
23.85029    
21.39314    
25.72838    
21.79973    
24.33207    
26.18667    
26.71779    
23.26038    
26.02504    
22.48078    
22.22273    
22.43766    
25.26830    
22.81914    
22.34416    
20.41119    
22.71586    
23.33295    
23.77260    
24.79906    
23.72245    
22.41812    
24.75168    
23.85115    
25.82550    
25.70447    
24.30434    
24.34856    
22.27826    
24.30938    
23.29469    
24.26305    
23.39223    
25.27072    
24.31907    
27.16847    
21.37958    
25.81293    
22.38858    
25.67883    
24.28991    
22.29582    
24.75113    
26.32394    
25.64181    
23.29050    
24.75215    
25.68258    
23.71783    
24.67702    
22.82317    
24.22216    
25.23464    
24.05000    
21.42142    
21.85798    
23.24926    
21.83855    
23.28876    
22.89964    
25.78485    
23.77674    
27.19626    
21.94531    
23.27243    
20.96067    
25.63452    
22.88609    
24.81200    
22.80720    
22.90887    
24.28568    
21.93949    
25.72140    
23.30604    
24.71741    
28.11257    
24.29279    
23.37920    
23.76186    
24.18555    
21.45352    
19.79901    
25.81092    
24.77948    
22.39439    
23.00851    
20.92557    
24.25792    
22.34813    
23.76846    
22.37015    
25.07650    
24.96992    
25.75178    
23.43415    
26.15762    
25.24433    
26.56833    
25.71191    
23.79112    
26.04886    
22.83229    
23.30435    
24.79222    
25.25277    
22.78179    
25.18822    
23.87661    
25.14039    
22.75236    
26.62209    
23.41256    
23.38030    
22.41564    
22.33775    
23.69504    
23.88845    
24.36390    
22.38389    
27.10392    
22.33856    
22.80434    
25.18783    
22.81989    
20.06453    
22.82452    
22.35429    
22.80273    
24.78454    
21.40894    
24.26607    
22.90359    
22.34235    
23.29911    
25.19243    
19.91516    
21.95071    
25.63497    
20.89830    
25.24288    
24.32851    
25.28826    
24.38872    
23.22804    
25.65584    
22.73311    
22.33244    
24.70607    
20.87133    
22.39436    
22.43642    
22.77503    
27.19312    
21.87428    
24.26033    
22.73340    
24.14462    
22.99243    
24.21627    
24.69054    
23.28608    
23.13574    
22.24659    
24.72764    
22.33896    
25.78640    
20.38993    
26.07431    
21.28544    
23.70161    
20.81190    
24.32201    
27.59154    
23.29128    
22.75507    
25.26934    
25.23502    
23.88759    
21.73298    
24.42588    
22.86056    
23.23568    
25.16086    
26.66934    
23.29980    
25.70572    
24.71235    
20.93491    
23.21551    
26.08265    
26.71426    
25.33606    
24.78705    
24.78037    
25.23425    
21.37606    
24.24133    
22.84370    
25.23961    
24.71989    
24.73112    
23.26938    
26.51807    
23.79060    
24.70204    
25.13150    
24.30578    
24.25371    
23.83961    
22.46465    
23.64586    
24.71996    
25.18234    
21.91975    
25.20251    
23.30715    
19.93873    
21.35640    
24.34802    
24.33888    
25.19222    
24.83086    
21.94038    
22.47480    
24.76129    
21.86704    
25.67639    
23.88784    
23.27314    
25.74571    
23.30182    
23.79418    
23.31047    
22.33831    
25.34096    
21.39241    
25.25547    
25.17733    
25.71548    
23.41478    
26.17450    
23.81525    
25.20241    
24.81212    
24.30303    
20.47298    
27.50230    
24.85217    
21.89370    
22.39233    
24.26021    
22.88668    
26.18438    
24.88459    
23.89415    
23.70063    
24.65627    
22.38733    
24.12083    
23.33343    
22.34682    
22.37157    
24.12212    
23.70211    
21.94768    
24.76510    
22.87609    
23.31277    
22.72287    
22.77420    
25.21370    
25.09568    
24.23880    
25.68594    
22.38534    
22.92460    
24.61779    
21.89307    
25.57196    
23.81031    
21.99797    
25.13650    
25.74750    
23.26826    
24.84126    
26.80167    
26.14508    
23.41073    
24.31144    
23.23558    
24.35899    
22.81991    
23.36140    
24.75335    
23.36017    
24.23122    
23.74344    
25.21281    
26.78094    
22.79133    
24.74057    
23.73025    
25.68032    
23.19717    
25.27100    
23.37409    
23.75761    
25.29867    
25.68588    
22.33410    
25.62681    
23.31543    
22.34326    
22.37819    
23.67357    
24.27586    
24.10306    
22.83185    
22.91605    
23.78224    
23.36050    
24.38027    
21.45410    
24.66493    
26.11932    
23.23650    
23.89789    
22.70488    
23.84410    
26.21261    
27.14817    
21.34258    
25.20103    
22.33225    
27.72633    
22.75552    
22.78009    
23.74140    
24.30396    
25.81619    
23.76832    
24.24532    
24.27327    
22.87446    
24.21127    
22.24798    
24.29127    
24.21477    
24.36257    
25.17169    
24.84204    
23.68300    
23.82187    
21.42797    
23.89971    
24.81683    
24.27311    
23.85082    
20.88713    
23.41058    
25.29009    
24.80182    
23.36260    
24.77436    
25.66663    
24.31693    
25.24818    
24.74132    
23.19677    
25.15749    
21.98980    
24.85571    
22.26907    
24.83737    
25.20889    
24.29562    
23.77133    
24.69115    
24.21632    
25.59397    
24.17480    
21.35731    
23.77959    
25.23061    
26.15613    
22.37056    
24.24945    
23.39243    
22.00372    
24.26200    
22.84245    
23.01153    
23.25691    
23.69967    
25.73192    
24.88691    
22.95863    
25.22969    
22.49467    
21.87457    
23.88063    
22.36593    
24.72056    
22.81007    
26.23828    
23.27441    
24.70002    
25.73166    
23.89588    
23.25161    
21.88554    
19.89869    
24.83737    
24.32094    
25.70023    
21.54645    
24.79147    
24.72894    
21.90528    
25.27166    
24.72465    
19.99989    
22.98709    
22.81223    
22.26846    
22.29695    
25.26512    
23.77005    
22.42267    
25.15162    
24.77074    
23.78227    
23.75921    
24.25671    
24.69554    
22.86765    
24.49854    
25.10323    
23.69878    
22.27626    
20.40474    
21.88212    
23.74593    
21.55542    
24.24563    
23.19155    
21.34228    
24.75541    
22.33248    
24.73075    
22.52004    
23.72087    
24.25348    
24.20700    
26.19531    
26.27541    
23.25063    
20.47349    
22.73198    
24.71656    
25.21998    
23.83646    
25.18208    
21.43948    
24.67780    
20.85137    
24.77431    
26.13521    
24.27918    
23.71051    
24.23944    
24.27839    
21.00894    
24.32919    
21.86905    
25.18030    
24.36725    
25.71816    
22.71289    
24.78048    
22.89121    
23.31652    
20.45697    
23.69509    
26.56960    
25.74268    
24.83405    
24.21575    
24.19403    
26.16979    
23.77622    
23.62550    
23.89176    
25.70858    
23.67831    
23.35762    
22.73844    
24.21215    
23.55777    
24.33498    
23.27673    
24.75679    
22.29621    
26.52900    
21.84632    
22.89376    
23.25101    
23.35288    
22.28895    
23.32132    
21.36438    
24.23622    
24.15969    
25.72778    
25.20453    
23.87202    
27.10336    
24.24881    
24.26212    
23.39763    
24.31292    
24.68512    
23.66381    
26.50164    
24.25569    
21.42614    
22.43035    
24.35873    
23.73674    
22.78475    
22.31321    
24.20681    
24.68336    
23.32553    
24.28070    
23.75623    
21.83946    
24.72031    
23.75502    
23.19973    
22.76226    
22.38194    
24.81595    
25.63283    
24.76841    
24.36682    
24.77038    
26.75129    
21.49607    
20.41018    
22.93096    
23.76238    
24.79406    
21.44895    
21.43392    
23.26287    
23.37590    
25.62257    
26.59574    
21.58520    
21.79203    
21.87788    
22.89937    
25.09279    
24.75712    
26.16146    
22.79710    
25.18796    
20.53175    
24.27305    
23.18010    
22.81398    
21.46603    
23.83775    
21.89439    
23.32820    
23.88709    
21.00361    
23.27780    
23.70661    
24.27357    
21.77965    
23.78574    
22.50062    
25.19422    
24.79699    
23.48255    
24.73610    
22.74672    
22.43696    
24.80140    
26.06822    
22.72964    
21.82899    
23.37733    
23.26086    
24.73362    
24.87309    
24.27075    
24.24372    
24.28189    
25.35642    
24.28681    
25.16557    
24.21078    
27.70716    
25.80924    
25.26707    
24.78468    
25.17649    
27.24291    
25.75504    
21.74731    
24.76538    
22.74276    
24.94239    
23.68188    
23.87938    
23.69487    
26.90481    
21.83064    
21.40070    
25.35844    
22.78627    
24.89697    
21.00901    
27.45359    
26.18051    
26.33482    
23.26793    
25.83780    
23.82133    
23.25306    
23.74386    
22.86554    
26.09877    
23.83220    
26.24666    
23.83416    
25.63783    
25.17468    
27.48808    
22.16836    
22.81498    
20.41600    
24.15790    
22.92117    
21.39821    
23.19084    
21.44847    
24.19704    
23.35615    
21.90793    
22.84883    
24.70826    
22.79525    
20.43025    
24.72201    
25.62554    
21.93204    
24.63371    
21.91528    
24.34389    
23.80370    
22.86257    
24.76581    
25.31067    
23.27354    
24.13128    
24.76204    
24.29074    
22.32130    
22.37144    
24.19593    
23.32739    
22.33861    
21.99615    
22.33873    
26.23776    
24.80917    
22.87762    
25.18038    
25.88370    
22.90177    
24.81209    
25.35639    
24.70776    
25.37628    
22.33653    
26.13343    
22.36067    
25.14310    
24.30357    
22.45058    
26.47596    
23.67874    
22.40088    
25.22270    
23.20397    
24.81228    
26.63323    
24.29033    
23.68340    
23.92736    
24.35247    
23.85496    
20.42817    
22.80158    
23.36383    
24.83155    
22.77817    
24.78178    
22.34067    
24.62491    
25.24365    
25.22120    
23.26231    
22.39424    
24.32955    
27.10083    
24.51122    
22.86635    
25.79900    
21.65540    
23.28720    
20.42179    
23.77807    
24.30983    
24.23064    
23.35034    
24.22388    
23.65042    
23.31255    
25.26974    
26.14398    
24.59966    
21.37219    
26.13821    
22.32027    
23.36614    
22.73995    
25.18415    
25.79056    
23.41087    
24.27688    
21.90015    
25.76168    
22.83169    
23.35756    
25.16353    
24.27875    
23.22560    
22.43692    
24.78457    
23.29886    
24.25606    
25.73065    
24.77864    
23.38078    
22.42012    
22.79974    
27.58076    
21.33380    
23.30756    
24.29575    
25.16691    
22.86321    
24.71605    
24.14229    
22.83086    
23.25991    
25.64345    
25.28425    
23.81510    
25.20720    
23.78968    
24.27226    
24.25707    
23.72571    
22.87507    
21.76644    
22.34272    
21.88584    
25.81878    
23.70421    
26.18721    
25.19129    
22.92604    
20.82993    
24.65940    
23.20158    
22.82684    
23.27327    
25.72221    
22.86585    
24.90521    
27.02886    
23.36634    
21.82129    
23.39417    
22.69959    
25.19048    
26.28179    
22.83778    
24.21222    
20.81071    
24.23684    
23.81103    
24.75003    
22.35566    
24.77071    
22.34253    
23.71176    
26.09261    
26.64829    
23.75964    
24.10973    
25.70044    
24.30538    
20.42369    
24.69515    
22.79384    
26.73046    
23.73252    
26.76410    
23.72385    
23.92002    
23.71811    
23.30818    
22.38300    
21.75731    
24.21968    
24.78533    
25.17476    
21.90876    
22.86852    
24.19985    
22.43675    
23.75840    
25.25925    
24.30980    
23.81577    
26.70121    
21.05945    
21.90500    
23.85477    
23.76318    
24.31023    
25.27450    
24.33088    
21.92358    
24.79981    
22.74488    
24.25781    
23.37547    
25.59843    
25.72855    
27.65751    
26.70655    
21.81046    
24.82183    
24.25937    
21.39770    
24.82273    
23.27981    
23.36792    
22.65847    
25.32101    
25.64985    
25.29208    
25.26197    
21.97178    
24.75709    
26.01082    
25.81985    
23.21000    
23.76069    
22.36645    
26.22875    
25.17688    
22.36190    
24.33547    
22.86569    
27.06884    
22.44440    
25.35793    
24.62234    
23.74349    
22.85556    
23.37861    
21.89361    
24.67268    
22.94499    
25.55323    
24.77623    
22.80700    
23.77825    
24.21246    
24.77153    
22.83635    
23.90388    
24.31172    
22.84762    
20.96886    
24.88171    
22.39539    
24.26572    
20.07034    
25.24914    
25.12921    
23.88911    
20.91944    
26.67926    
22.82292    
23.37434    
24.27956    
21.46575    
20.89060    
23.14317    
22.83392    
24.21054    
24.38473    
24.74363    
23.70185    
22.31744    
23.28486    
21.36558    
24.19931    
28.04429    
25.20794    
24.27861    
24.24425    
22.75672    
23.72806    
25.61320    
25.51933    
22.90222    
22.35808    
25.21866    
23.41001    
24.28303    
23.40057    
26.16293    
24.79488    
24.21866    
25.23743    
23.37663    
23.22289    
25.73512    
23.71626    
22.91424    
27.51510    
24.63121    
25.63588    
23.37309    
21.80845    
21.36885    
23.69959    
23.25996    
25.76923    
23.19872    
23.76961    
25.21734    
22.31537    
23.31962    
23.38540    
28.60281    
22.85094    
24.79238    
25.80994    
22.34994    
24.78308    
24.30385    
23.32578    
23.80996    
23.80661    
21.01848    
24.25107    
23.79253    
22.89318    
23.76850    
21.81781    
25.58568    
24.27022    
23.85246    
25.36317    
22.27499    
23.73426    
23.37510    
23.39515    
24.74085    
26.14865    
23.75687    
22.81150    
22.89603    
23.71167    
23.81977    
24.85386    
27.15894    
24.80288    
24.28229    
24.16684    
26.64841    
27.14077    
22.01339    
29.46173    
24.75489    
22.82181    
22.43030    
23.42433    
23.73240    
27.12172    
23.84933    
23.32350    
24.76622    
22.88717    
24.79505    
24.06709    
25.68791    
23.68141    
25.29011    
23.36489    
25.03553    
24.72040    
24.77973    
25.22441    
22.33370    
22.77670    
22.90243    
22.83850    
25.22757    
25.31132    
25.26786    
23.33753    
23.75126    
22.46441    
23.86606    
23.35840    
25.73611    
22.33378    
25.23475    
23.86438    
24.18499    
23.41402    
24.27634    
22.82509    
22.88107    
26.23331    
23.92050    
22.24257    
24.68508    
23.82743    
24.71844    
22.35112    
22.79994    
24.22802    
24.54705    
22.72503    
24.75235    
23.27489    
24.09747    
22.50077    
28.18396    
24.72592    
25.25766    
23.75171    
24.30228    
25.21534    
26.78007    
25.23486    
24.85563    
23.40427    
21.86972    
23.87866    
24.23471    
21.34393    
25.62771    
24.84713    
26.67639    
25.62442    
22.45374    
24.36365    
22.24913    
23.36709    
26.11124    
23.89758    
22.39034    
22.16998    
23.74422    
23.73251    
27.04298    
24.31662    
22.83119    
22.81116    
25.76299    
22.80747    
23.20408    
21.46308    
22.76723    
22.90302    
24.62214    
23.76364    
23.29167    
24.75144    
25.75349    
21.90788    
24.84876    
23.28838    
21.32492    
22.91916    
23.74075    
25.71694    
21.42599    
22.28893    
24.18917    
23.39448    
21.45782    
24.18615    
25.25733    
22.84513    
23.82006    
23.76525    
20.37708    
23.74347    
23.83264    
24.71325    
24.35929    
25.12206    
24.74779    
23.86364    
22.01211    
21.39432    
25.56879    
21.88328    
23.35699    
25.21034    
23.37841    
23.35988    
24.76244    
23.82949    
25.64744    
24.74374    
22.83011    
27.43785    
24.74916    
25.30652    
25.30133    
24.81021    
21.78553    
25.69446    
25.71532    
22.89431    
24.72013    
24.74038    
23.24151    
24.30427    
23.81848    
24.36361    
22.32995    
23.72313    
23.29254    
23.26195    
23.23892    
23.83465    
25.65635    
27.53523    
24.75791    
25.77989    
22.93352    
25.77065    
24.60468    
25.55255    
21.26965    
23.88775    
26.69399    
27.27761    
24.78376    
22.89781    
21.89647    
25.14535    
23.80454    
22.86981    
25.64639    
26.73306    
22.78495    
24.27986    
21.78980    
25.75617    
21.49376    
23.32597    
26.66491    
20.41014    
23.27935    
21.33844    
22.02854    
24.68671    
25.70511    
21.93562    
24.35972    
21.88751    
23.74896    
24.74885    
26.19164    
24.69102    
23.81394    
25.71401    
22.49933    
24.76247    
22.89940    
23.84492    
21.35862    
26.66804    
22.82583    
23.41544    
26.75388    
21.91358    
23.30825    
22.79809    
23.71185    
25.09926    
22.78646    
25.13874    
23.32767    
23.28891    
22.95296    
23.76082    
23.63360    
26.20133    
23.60364    
25.16370    
23.81942    
22.35276    
20.89257    
22.89945    
22.88076    
21.55199    
25.71113    
21.36163    
21.89989    
22.85158    
24.40589    
24.27687    
22.87164    
25.61781    
23.28602    
22.37374    
24.85301    
23.83196    
22.72197    
24.18749    
24.75253    
25.20353    
21.67939    
22.40939    
22.43540    
25.17842    
25.67562    
23.87281    
22.74982    
24.14884    
24.28566    
25.36555    
22.93478    
24.64029    
22.75394    
21.42969    
24.67320    
22.98641    
27.11736    
27.09660    
25.71093    
22.30240    
22.43089    
26.07693    
25.19755    
23.23734    
22.79929    
22.73472    
20.90577    
21.45266    
24.28074    
24.26148    
23.36130    
22.82956    
22.38563    
26.20261    
23.74758    
23.82091    
24.32163    
23.90285    
25.73438    
26.60452    
23.69927    
21.43582    
23.30378    
23.43076    
26.78846    
23.30934    
22.86976    
23.89026    
25.62537    
21.33224    
26.06745    
25.21905    
23.32202    
23.87060    
22.79926    
25.22669    
26.29037    
22.82950    
23.18261    
25.23803    
23.68142    
24.81203    
24.70538    
23.26810    
24.74461    
24.85193    
24.37063    
24.20909    
22.83223    
24.72722    
20.46821    
24.78763    
23.75739    
24.70597    
23.75300    
21.48003    
23.76738    
26.63081    
27.54596    
23.35485    
24.78673    
26.68511    
24.76884    
23.80187    
22.37791    
24.19386    
25.65289    
22.36944    
23.37381    
24.58811    
22.76378    
25.29152    
24.21586    
23.44988    
21.77951    
23.37311    
21.69526    
26.51200    
22.38524    
21.90131    
22.00434    
24.27397    
23.31720    
27.61806    
26.18827    
22.88218    
20.88155    
25.29650    
22.79404    
22.35770    
24.70111    
23.68914    
24.27765    
26.21549    
22.36069    
23.74403    
23.81046    
22.33829    
21.00710    
25.16214    
23.36257    
24.83823    
23.35003    
22.34235    
23.40207    
22.86397    
24.22235    
21.77002    
23.36157    
27.30699    
23.35155    
25.11778    
25.74575    
23.41268    
20.83867    
21.35340    
20.98652    
21.85212    
24.74219    
23.28223    
23.27588    
26.13092    
23.37239    
24.39507    
22.73919    
22.76264    
23.67436    
23.78731    
23.71187    
26.59695    
22.50125    
22.34610    
22.76168    
24.73138    
23.83080    
21.50297    
24.75370    
23.23236    
23.19621    
24.23487    
20.93196    
24.22801    
22.91829    
24.77583    
24.72130    
24.18919    
25.60463    
21.47114    
21.47666    
21.35679    
22.51392    
24.24295    
20.48472    
24.43731    
24.03969    
20.97906    
24.17968    
21.30409    
22.87541    
23.35221    
23.63186    
24.20326    
23.38054    
25.23241    
23.74968    
20.85509    
24.27886    
23.31632    
21.94320    
26.14366    
22.85523    
24.70223    
21.89625    
23.76535    
19.93936    
23.23068    
23.81364    
24.76565    
23.28536    
24.62649    
24.31866    
23.79641    
27.20621    
26.19189    
26.07462    
25.20050    
23.33095    
21.95754    
22.84468    
22.29052    
25.14076    
23.27030    
22.85062    
22.38719    
22.73878    
24.21880    
23.39324    
24.33021    
26.17610    
22.75793    
23.81279    
28.14463    
25.06585    
25.66417    
24.66228    
26.15646    
25.73690    
25.71296    
24.24792    
21.78102    
25.21540    
24.84876    
23.41271    
23.88215    
25.65049    
24.64645    
23.74320    
22.84336    
22.86273    
