2.90403    
1.10864    
-0.51966    
6.84417    
0.94270    
2.02638    
1.01162    
3.98382    
2.88220    
1.05739    
1.04299    
2.01443    
1.04082    
2.01481    
1.47656    
2.97422    
1.01282    
1.95401    
1.95940    
2.96225    
1.62531    
0.96183    
3.01422    
1.99591    
0.01947    
1.54335    
1.02653    
3.46740    
1.95828    
3.14968    
1.90061    
3.02310    
-0.42846    
1.86442    
2.10355    
3.87562    
1.05424    
2.56260    
3.95220    
5.49445    
1.96247    
-0.04169    
4.94632    
3.82186    
1.50943    
1.97214    
4.94301    
1.07746    
2.00222    
0.98673    
2.64723    
-0.41854    
2.07560    
2.04045    
-0.92308    
2.02396    
1.41833    
1.89053    
2.95031    
2.01911    
3.31991    
0.00601    
1.92291    
3.88382    
4.42429    
0.14279    
2.84027    
2.01541    
3.01986    
2.41162    
2.01684    
1.06247    
2.01960    
3.82847    
0.55104    
2.38739    
1.14491    
2.79757    
2.47985    
1.07350    
1.00673    
1.87713    
1.97895    
0.88495    
0.99241    
1.50646    
-1.35730    
3.02617    
0.78524    
2.88493    
2.06600    
0.02424    
2.77414    
1.55938    
0.93796    
2.96503    
1.87646    
3.84669    
3.08407    
2.54180    
4.06846    
2.07545    
1.09746    
3.47079    
2.47764    
2.60251    
1.45430    
1.80530    
1.49472    
2.92376    
2.05602    
1.99943    
2.96667    
0.96325    
0.03222    
0.88249    
2.82247    
2.95778    
2.89287    
0.96879    
3.45960    
2.46428    
1.98375    
0.93383    
5.81523    
2.16168    
1.02454    
1.36149    
1.01533    
0.94577    
2.48724    
1.96477    
1.46336    
2.11076    
0.53312    
-0.93698    
2.88361    
2.93098    
0.06969    
2.53283    
2.04196    
2.98297    
2.93620    
4.39911    
2.04019    
3.51676    
0.55227    
3.90201    
3.00867    
2.96508    
-0.35421    
0.48784    
1.08208    
0.95884    
3.86510    
1.51630    
2.40834    
-0.02314    
1.45654    
2.01695    
0.58971    
0.88744    
0.98670    
3.00788    
2.41095    
4.39930    
2.96405    
2.90743    
2.96367    
1.14739    
2.99910    
1.07152    
-0.49718    
1.99145    
-0.97351    
1.01435    
3.07795    
-1.52522    
0.11505    
2.02879    
0.53872    
4.43213    
1.99399    
1.10728    
2.37761    
2.94941    
2.55584    
0.04834    
0.51873    
1.29071    
2.92398    
4.26555    
3.76849    
3.40269    
2.87405    
2.11694    
-0.02360    
2.47393    
4.00535    
2.00705    
1.00422    
4.98418    
0.07303    
1.93354    
3.35363    
2.74377    
2.47944    
1.48626    
2.98947    
0.44717    
4.91268    
4.03029    
0.47152    
4.35463    
1.50687    
-0.02916    
0.00848    
3.87632    
1.52175    
3.95676    
-0.37232    
1.00682    
2.90367    
0.87936    
2.96114    
3.94277    
2.03430    
3.45061    
2.85915    
5.93059    
1.45002    
2.30733    
3.90955    
3.40643    
2.09327    
2.02138    
1.46041    
2.52271    
2.93832    
1.91471    
-0.01165    
2.84575    
1.89940    
0.32699    
1.95475    
2.02124    
4.04660    
2.48019    
3.44072    
-1.90266    
-1.38103    
2.99631    
3.45443    
0.98916    
3.98098    
2.98921    
0.40857    
3.81387    
0.99305    
3.89900    
2.96803    
2.01785    
1.94859    
1.92854    
0.03322    
1.74981    
2.44165    
2.55848    
-0.09578    
3.90722    
2.93016    
1.92990    
4.82436    
1.98804    
0.91549    
3.95968    
2.46913    
3.10167    
1.09739    
3.99436    
-0.95503    
2.53706    
3.88339    
1.49466    
2.07496    
3.77679    
2.49257    
1.50322    
3.40270    
1.02557    
4.03074    
1.87888    
1.94260    
2.97267    
2.90793    
1.38419    
2.84984    
2.10436    
1.52149    
1.96963    
6.26944    
1.94802    
2.07735    
2.87279    
3.07902    
4.92625    
1.40586    
4.41355    
2.88990    
3.51607    
2.60578    
1.94501    
0.53835    
0.03330    
4.90811    
1.96359    
4.75223    
3.42930    
1.88114    
1.11015    
0.92770    
2.99880    
-0.49931    
1.90976    
2.93891    
1.91945    
3.02024    
2.39540    
2.60573    
1.03012    
2.39112    
0.84077    
1.94887    
-1.01180    
4.00231    
3.94872    
0.92191    
1.08122    
1.93315    
2.05930    
0.96567    
1.98305    
2.42734    
1.94566    
3.88426    
2.90588    
2.74753    
1.02645    
2.53631    
3.81739    
1.97712    
2.48453    
1.94138    
1.12022    
0.96451    
3.42237    
5.98266    
3.95371    
0.95889    
2.89913    
2.40062    
2.40669    
4.00057    
2.98704    
1.93031    
4.42795    
0.12600    
2.05619    
3.31910    
1.02408    
1.95537    
3.89780    
1.47235    
-0.15120    
2.92317    
1.11093    
2.07112    
3.00330    
0.98474    
3.00245    
1.94709    
3.94963    
1.46789    
0.02786    
3.96826    
4.43292    
2.93788    
2.89745    
3.02245    
1.10696    
4.38594    
1.51375    
1.57928    
2.79531    
3.04501    
1.99591    
3.54423    
1.16409    
3.65210    
1.96387    
1.62898    
2.92591    
1.51522    
3.97047    
2.93240    
0.51311    
0.95980    
4.41657    
-0.41346    
1.50163    
1.86775    
1.02708    
0.10513    
3.49723    
4.77737    
0.03424    
1.06165    
2.02152    
3.01613    
0.98389    
1.91916    
-0.07845    
0.59204    
1.19159    
2.48350    
0.96632    
0.91534    
1.93944    
2.48470    
2.57712    
1.03546    
2.99341    
1.98405    
3.02269    
1.08099    
0.05723    
0.89639    
1.44658    
-0.54095    
3.46757    
2.83515    
0.46316    
1.85841    
1.04872    
2.93836    
4.31129    
1.17722    
2.90170    
0.44933    
2.56690    
3.00899    
2.51154    
1.11368    
0.89067    
1.03556    
-0.04453    
2.48312    
3.41417    
-0.48961    
1.49799    
1.06402    
1.48946    
2.50774    
1.08729    
2.17267    
2.39895    
1.46986    
2.96394    
0.88707    
1.19843    
1.07893    
2.70863    
1.89021    
1.03910    
1.49880    
0.51915    
1.98423    
2.06158    
2.07444    
2.98091    
1.98561    
-0.46880    
0.96973    
3.98287    
3.93751    
0.99960    
3.88250    
1.46717    
3.46854    
0.91508    
0.98919    
1.08739    
-0.10254    
0.62181    
0.35505    
1.99770    
1.91497    
2.99033    
5.39395    
4.91449    
2.91218    
5.17702    
2.39299    
3.08536    
0.54220    
0.44664    
2.96086    
2.10842    
2.34667    
0.88549    
0.51823    
2.90866    
2.99391    
0.91154    
0.05185    
1.09045    
1.06649    
1.98173    
1.09375    
0.49603    
2.97835    
3.88501    
0.99777    
2.93825    
2.84574    
4.79219    
1.00173    
1.96501    
2.97289    
0.59734    
1.87974    
1.98311    
1.44295    
2.86461    
3.40519    
2.44549    
1.91778    
5.43069    
1.94403    
4.21709    
3.37177    
3.42303    
0.06919    
-0.99812    
2.95041    
1.06631    
5.31003    
-0.52985    
3.96399    
1.00118    
1.52417    
2.37041    
1.01702    
0.42200    
1.05516    
3.41148    
2.86918    
0.03512    
1.91292    
1.52588    
2.00325    
1.88346    
0.05380    
2.52158    
3.91546    
3.04047    
1.97273    
2.40496    
-0.07004    
1.44768    
2.05095    
2.93373    
2.01472    
1.91757    
0.92882    
1.01841    
3.46572    
2.45578    
2.92888    
2.90969    
2.06831    
2.98936    
2.99075    
4.45889    
0.17030    
1.97154    
1.01894    
1.93244    
1.97455    
1.56447    
2.95586    
2.04731    
3.86327    
1.01077    
2.96142    
1.05885    
-0.47014    
1.10035    
1.57948    
0.82693    
2.90597    
2.11227    
2.08314    
-0.89358    
3.43196    
1.01751    
3.95554    
3.89974    
0.01817    
0.39575    
1.09994    
2.95858    
4.31167    
1.57186    
2.93259    
1.40102    
1.04848    
2.01131    
0.10827    
2.11725    
2.45301    
0.89747    
1.76915    
2.12492    
-2.81226    
1.99706    
3.84220    
2.50058    
-1.01178    
1.53969    
-0.02172    
0.56877    
4.88104    
2.01808    
1.61289    
1.12142    
3.42953    
2.04716    
1.48548    
3.02073    
-1.29200    
3.91332    
1.81295    
2.47874    
4.38618    
2.39377    
1.03921    
0.18788    
4.33020    
1.01159    
1.34563    
-0.00187    
3.32292    
2.86916    
1.99136    
2.87045    
5.05098    
4.98442    
3.43204    
0.94327    
0.12582    
1.43487    
2.53206    
1.84844    
3.87266    
3.10246    
3.02813    
5.78123    
4.49559    
1.86579    
2.96145    
2.86518    
2.08698    
0.09392    
3.42703    
0.15726    
2.01500    
4.87915    
0.61623    
2.02973    
2.11140    
1.15231    
1.88577    
1.11638    
2.13264    
1.85578    
-0.90189    
1.10830    
0.54777    
1.87174    
2.95611    
1.62964    
3.00007    
1.83268    
1.06348    
1.13296    
1.52195    
2.54984    
2.42528    
1.01990    
5.94392    
0.11658    
0.99865    
2.44073    
2.02861    
2.90632    
0.05299    
3.84893    
2.02048    
4.34387    
2.04118    
0.95334    
1.02786    
1.00210    
1.03468    
3.00955    
5.76723    
0.06861    
4.92818    
4.07131    
1.43682    
1.12348    
2.01594    
1.16120    
1.02398    
0.99815    
1.05793    
0.93692    
1.51274    
0.85007    
2.03162    
3.93629    
3.49637    
0.98680    
-0.95122    
1.07213    
3.94912    
2.99196    
5.47503    
4.80235    
1.00737    
1.04394    
1.85236    
0.99427    
2.09263    
2.50321    
0.48199    
2.03101    
0.06499    
3.51037    
3.98211    
4.84228    
1.96379    
2.89001    
5.83309    
1.05013    
3.40920    
0.62865    
2.00512    
2.03914    
0.15403    
3.41753    
1.97627    
1.51669    
2.96172    
2.91108    
3.92009    
1.03819    
2.04994    
0.99445    
0.91176    
1.02275    
1.23663    
1.98246    
-0.23736    
3.59653    
1.93197    
2.87362    
2.98880    
2.96906    
1.95913    
2.09889    
3.93159    
2.99154    
2.55041    
4.91608    
1.93086    
4.50423    
2.87095    
2.89785    
5.29572    
4.48187    
1.01504    
3.02466    
0.97734    
1.92997    
2.99272    
2.99668    
3.50151    
0.98648    
1.92739    
0.97891    
4.47015    
1.97166    
1.02299    
1.07103    
2.01485    
2.90425    
4.79536    
0.54307    
0.02792    
1.39557    
0.66556    
2.87305    
2.83642    
3.44522    
2.96043    
-0.85823    
3.34259    
0.99843    
2.96602    
2.01934    
2.01703    
3.01077    
1.01341    
1.60744    
2.85830    
1.03659    
-0.94494    
-1.51239    
2.00521    
1.96201    
1.90821    
0.93560    
5.64399    
1.98235    
3.47963    
1.93707    
2.01126    
1.98906    
3.35888    
2.02695    
1.55593    
0.88917    
2.40838    
0.97035    
1.99895    
4.41978    
2.90449    
1.09827    
0.92426    
2.03657    
1.47255    
1.01865    
2.83481    
1.05226    
2.38771    
2.12430    
1.58178    
1.39079    
1.13812    
3.18410    
1.54576    
3.03563    
0.01900    
1.15113    
1.97461    
2.96092    
2.00336    
1.87857    
-0.94906    
2.00413    
3.44296    
1.03267    
1.03313    
2.01878    
4.46565    
-0.42393    
0.02873    
1.03856    
1.93730    
3.93157    
1.96095    
1.00286    
2.44668    
2.12002    
3.42147    
1.96024    
3.88018    
3.09314    
2.50011    
1.03300    
0.45821    
0.92405    
2.89825    
3.77784    
0.04080    
1.04606    
2.94944    
1.59490    
3.02288    
3.46118    
1.00824    
1.45797    
2.97755    
2.51707    
-0.46936    
0.97912    
0.96438    
4.92712    
1.87236    
1.03877    
0.98434    
2.53098    
3.46348    
2.52909    
2.32769    
2.00725    
-0.38832    
1.00404    
3.94994    
2.85846    
4.93449    
3.97087    
2.54451    
0.96605    
4.78802    
3.45033    
-0.51410    
2.05562    
1.42656    
0.01528    
1.97134    
3.44172    
3.01666    
1.93806    
3.47862    
2.39778    
2.93078    
1.99786    
0.04961    
3.89111    
1.45551    
3.81511    
2.95691    
2.01580    
0.99600    
0.98595    
3.94006    
-0.01269    
3.95969    
2.02465    
2.95510    
2.03725    
2.10063    
1.04290    
2.54971    
1.42955    
2.01304    
3.13059    
2.86719    
3.01027    
0.07674    
4.74710    
2.44838    
2.46786    
2.03256    
6.71820    
3.05664    
3.96543    
1.49886    
0.55535    
0.53809    
2.95740    
2.96605    
4.34749    
3.84343    
3.93480    
2.03123    
0.89918    
0.99277    
-0.08019    
3.85654    
0.52009    
-0.05200    
0.93838    
1.98111    
1.55042    
4.44733    
1.91586    
0.12935    
0.13177    
2.38778    
2.98295    
2.91350    
2.90379    
0.08820    
1.99083    
-0.07174    
2.93543    
2.08102    
3.02074    
0.96889    
2.05378    
3.05570    
2.02001    
0.06649    
2.07500    
5.27339    
4.55703    
1.99024    
4.80830    
1.51866    
1.52149    
0.99267    
2.00123    
2.98763    
3.37169    
2.36326    
3.04498    
0.07140    
4.49252    
1.49588    
2.50520    
2.04501    
3.37336    
2.01518    
0.41221    
0.58623    
1.96928    
3.44851    
1.94021    
4.88880    
1.93020    
1.53066    
1.07132    
3.42377    
6.29121    
3.60340    
1.98865    
1.98836    
3.45543    
1.96451    
1.94539    
1.47672    
2.11870    
0.96293    
2.48547    
0.01525    
3.50338    
2.02888    
2.03647    
2.46573    
0.10636    
3.08555    
2.05214    
3.83535    
1.45146    
2.01656    
1.89720    
0.06712    
1.12140    
2.50568    
2.02788    
1.05722    
3.92631    
2.91572    
-0.89974    
-0.52464    
4.40147    
2.97881    
4.99419    
2.52533    
2.93446    
3.92388    
1.95264    
1.46764    
2.45178    
1.97773    
1.96996    
2.10588    
0.98772    
0.95057    
3.49872    
1.03561    
4.49089    
0.97043    
1.53016    
2.97441    
2.04686    
-0.03622    
2.84792    
1.48948    
3.94176    
3.88830    
3.44802    
2.48947    
2.03003    
1.62847    
0.57936    
2.92030    
2.90056    
1.91628    
2.93279    
3.43065    
-0.01542    
1.90874    
3.39888    
3.42425    
1.85966    
1.88319    
2.01143    
2.89759    
2.42879    
3.92151    
2.79055    
6.78533    
0.06189    
0.48420    
2.06720    
2.01921    
2.95264    
1.39154    
2.89950    
2.40997    
1.50179    
0.05774    
2.46108    
2.60379    
2.05616    
1.91736    
1.88979    
2.03320    
0.41930    
0.90893    
5.08742    
1.01593    
2.90199    
2.98581    
0.55447    
1.03457    
1.19077    
3.43903    
2.92235    
2.39830    
1.94103    
0.94850    
2.50802    
2.43261    
-0.43400    
1.97935    
2.93848    
1.93177    
3.50895    
5.39810    
3.44583    
0.94328    
1.89638    
1.98142    
1.03085    
0.99142    
-2.75894    
2.03830    
2.96671    
1.46078    
-0.95631    
3.85504    
3.04824    
1.49807    
2.94693    
1.08712    
1.04875    
2.93245    
1.36719    
2.92972    
4.29801    
2.50018    
4.93752    
3.44230    
0.45234    
5.30958    
2.91816    
3.83152    
4.84085    
3.96593    
1.03451    
0.01535    
3.51794    
3.01050    
4.43774    
2.46955    
1.59223    
3.49599    
1.05390    
0.06257    
4.89374    
2.43191    
0.99649    
2.87440    
2.01936    
1.91375    
4.83738    
1.97219    
-2.37005    
3.12065    
1.02365    
2.97818    
3.10005    
2.96740    
2.04663    
2.45069    
1.84086    
2.05345    
1.43276    
1.01570    
4.40679    
0.96581    
1.04405    
2.03793    
2.94917    
4.94108    
0.98464    
1.11282    
5.39785    
1.98405    
-0.51726    
4.53993    
0.12993    
1.11551    
1.01942    
4.04260    
2.00647    
-0.03194    
3.09040    
4.80562    
2.01262    
2.51545    
-0.87938    
0.99296    
1.97833    
2.92518    
0.93920    
2.01469    
3.89024    
3.86882    
2.00139    
0.02203    
0.01388    
0.96249    
4.83102    
4.91426    
2.91067    
4.86550    
1.01522    
0.96890    
2.92441    
0.99499    
0.98012    
1.89360    
3.82779    
2.03938    
1.50043    
2.01109    
4.91982    
2.52811    
2.00512    
1.61362    
2.10806    
3.09148    
3.84981    
1.97038    
2.01217    
1.06583    
2.93462    
0.11105    
3.50152    
2.11514    
3.00812    
2.50655    
3.00940    
-0.45171    
2.85603    
3.40107    
1.96474    
2.96803    
2.98603    
0.09548    
1.98299    
2.01344    
3.89853    
2.43253    
2.02157    
2.93191    
0.92405    
4.94741    
1.53762    
4.00110    
1.08864    
1.98117    
0.99485    
3.03027    
0.92323    
1.60752    
1.97339    
2.02479    
2.88453    
2.54058    
2.52110    
1.50962    
1.13738    
0.15484    
5.84468    
2.00782    
2.06706    
1.87917    
3.40882    
1.91719    
2.04684    
0.87402    
1.19796    
0.48667    
3.91878    
-1.27713    
1.96773    
2.00136    
0.57557    
1.06235    
2.85036    
1.06204    
3.03147    
3.42285    
2.04898    
1.16433    
3.46152    
2.04696    
0.96509    
2.87920    
2.84033    
1.47819    
3.82479    
2.04694    
2.95640    
2.44664    
4.19651    
1.46053    
1.63591    
1.99627    
1.94179    
1.34849    
2.99806    
0.11395    
1.99486    
4.43748    
2.03788    
0.53220    
3.86451    
3.58172    
3.56340    
4.00735    
4.71983    
2.89861    
2.92087    
0.99613    
1.79536    
4.48824    
0.96682    
2.96990    
0.88751    
0.49643    
1.39867    
1.96745    
3.05129    
2.01524    
1.04597    
2.52949    
2.13150    
3.34955    
4.91745    
1.98408    
-0.52813    
0.94836    
0.94045    
1.98027    
1.99954    
3.93624    
2.04957    
4.85823    
3.88374    
0.01946    
3.99410    
2.00373    
2.52208    
0.51620    
3.03864    
2.90792    
1.99142    
3.00552    
-0.10108    
4.45037    
3.41475    
0.83906    
7.33359    
1.94990    
0.08473    
3.34036    
2.96883    
2.92682    
2.47845    
0.09430    
2.13608    
2.45891    
4.07798    
1.05162    
0.47311    
0.49251    
1.94591    
1.18176    
3.46788    
3.39653    
1.01713    
1.51025    
1.97038    
2.42407    
2.00546    
1.50640    
2.07290    
0.11510    
0.96403    
1.43535    
3.01824    
1.97356    
1.03422    
2.12434    
0.96337    
2.93707    
0.01007    
-1.00673    
1.57606    
3.57269    
2.37487    
1.10312    
2.02442    
1.95859    
0.16034    
1.45346    
1.38498    
4.89192    
2.86670    
4.77015    
2.05590    
0.01003    
2.06545    
3.04902    
3.92008    
2.03214    
1.02387    
2.03258    
2.05388    
0.43095    
4.81818    
1.04488    
1.99025    
1.60130    
2.98049    
3.04010    
2.49871    
1.94982    
2.91059    
2.37935    
0.94707    
2.39848    
2.00727    
3.05415    
3.89592    
4.41429    
1.52052    
2.02664    
4.78604    
1.47478    
3.42475    
3.93455    
5.40094    
3.44012    
3.83613    
1.89682    
2.03051    
2.88702    
2.98500    
0.43449    
3.89389    
2.48097    
3.99669    
3.01338    
3.88371    
0.61098    
2.96896    
2.10981    
3.98182    
2.55774    
1.09219    
3.82663    
1.95367    
-0.41381    
2.87288    
2.01280    
1.74609    
4.28000    
1.91716    
3.89440    
0.53850    
0.55005    
1.90158    
3.42018    
2.99756    
2.98577    
4.48460    
3.38757    
3.97809    
1.54114    
1.05688    
2.44735    
1.07798    
0.46840    
3.41980    
2.41184    
4.49811    
1.99579    
3.88640    
3.98733    
0.81514    
3.35444    
0.18218    
0.02043    
2.43175    
2.44410    
2.65946    
2.95641    
2.86027    
2.04964    
1.10317    
1.10912    
1.93468    
3.05897    
1.04330    
2.97533    
2.06138    
1.00366    
0.55877    
1.90542    
1.53855    
3.97188    
1.07437    
1.96290    
1.47926    
-0.97584    
1.44137    
0.10973    
1.41829    
1.08162    
1.06920    
1.48873    
1.99060    
1.91894    
2.06023    
0.00479    
1.57770    
1.98689    
2.83834    
2.84896    
0.97577    
2.45546    
0.04927    
2.01761    
2.47897    
2.50366    
0.50234    
0.49930    
3.83326    
0.46431    
2.54039    
2.65461    
1.94665    
3.46824    
2.93409    
2.92863    
1.00654    
-0.97554    
1.09545    
2.57479    
2.50704    
-0.01637    
2.56108    
1.12607    
4.03122    
1.38690    
2.77729    
0.19207    
1.08599    
2.11444    
3.02227    
1.00554    
2.91162    
1.91757    
1.96918    
1.00229    
-0.97479    
2.50846    
0.57620    
1.15478    
1.48501    
1.42801    
1.51758    
2.54051    
2.02586    
2.96275    
1.47745    
-2.01470    
3.52236    
2.98996    
1.06509    
2.01103    
-0.06306    
2.04051    
1.47624    
3.51133    
3.94031    
2.03113    
1.98247    
-0.37064    
-0.97240    
2.06712    
2.51583    
4.93231    
3.39573    
3.63111    
0.87579    
2.48734    
2.01404    
1.45104    
1.02834    
1.11665    
2.96964    
4.89687    
3.01678    
1.96021    
1.06857    
3.40222    
3.84690    
1.02154    
2.11198    
2.00285    
3.90692    
1.49345    
0.02463    
2.49268    
0.28387    
1.90699    
1.40372    
2.88753    
3.46145    
4.39186    
0.90972    
0.99564    
2.06642    
1.42376    
1.94851    
1.53327    
0.39887    
-1.38954    
3.00923    
1.94146    
0.97740    
2.08408    
-0.03035    
1.48655    
1.59360    
0.98196    
1.04864    
-0.05920    
5.34221    
3.88472    
2.42412    
1.37879    
4.45457    
1.15037    
0.95416    
2.40869    
0.10415    
0.09835    
0.97665    
1.11450    
5.97216    
3.97112    
4.42727    
-0.04061    
2.58906    
5.40773    
2.61057    
2.88040    
0.07521    
1.01529    
2.92010    
2.94472    
2.90870    
2.08299    
0.96060    
1.98128    
1.35607    
2.49075    
6.81872    
1.99112    
2.15244    
1.57535    
1.92830    
3.01508    
1.99936    
-0.00550    
1.06194    
0.00959    
1.97244    
0.63356    
2.49479    
1.45067    
2.01436    
1.01920    
1.03692    
2.52764    
0.04030    
2.01790    
1.40592    
2.13018    
1.49160    
1.42581    
1.03123    
4.39345    
0.94341    
1.08348    
-0.03021    
1.92999    
3.92581    
1.86585    
1.94489    
1.50004    
2.07291    
4.00075    
4.40177    
3.94132    
1.56526    
-1.03826    
2.93582    
0.43078    
1.89729    
4.97884    
1.03449    
-1.37980    
1.99064    
3.96038    
1.97443    
0.91588    
3.38059    
0.91156    
5.82130    
2.39632    
2.50290    
0.91060    
0.14067    
0.49722    
1.51468    
3.02873    
2.43487    
2.89247    
0.99318    
4.87211    
1.01258    
0.90948    
4.86703    
1.96121    
1.87693    
3.03075    
2.26762    
1.39538    
3.93896    
3.53802    
1.91175    
1.16905    
1.94679    
4.81031    
2.95625    
2.03873    
3.45448    
4.38802    
3.39966    
2.88597    
2.92991    
3.90939    
1.89963    
2.45137    
2.92270    
1.00986    
1.96791    
2.94875    
2.56930    
3.04910    
4.86277    
2.50166    
2.15200    
1.49425    
1.09681    
0.07576    
3.46739    
2.94277    
-0.79646    
1.41170    
1.97056    
1.05821    
1.38439    
4.79152    
3.84907    
4.02601    
2.07902    
2.88190    
-0.89730    
4.52529    
2.83877    
3.98485    
6.27014    
1.00777    
3.60762    
2.05385    
4.03506    
-0.06502    
1.01956    
2.04432    
2.11941    
3.02062    
1.07306    
1.92187    
0.59710    
2.59323    
2.89086    
2.90420    
2.47474    
3.94037    
-0.07033    
0.40999    
-0.29810    
0.09120    
2.95877    
2.90232    
1.00267    
1.04890    
2.86712    
2.95504    
1.03476    
0.91394    
4.48421    
2.09919    
1.63236    
1.09667    
1.91157    
1.95376    
1.04131    
2.53056    
2.03423    
4.41777    
2.00767    
1.40504    
1.96828    
3.59505    
2.45420    
2.94586    
1.02807    
3.42104    
3.04259    
6.40086    
2.07517    
3.09954    
1.01248    
2.82966    
0.97864    
2.46471    
4.00014    
1.08898    
0.16391    
5.42122    
1.09512    
2.84298    
2.43361    
0.76922    
1.05015    
3.90987    
2.01610    
2.01080    
2.91611    
2.98743    
2.07686    
3.78621    
2.49413    
3.99077    
0.92807    
3.04258    
1.58422    
5.72712    
1.03515    
1.99557    
1.07138    
2.07118    
4.75741    
3.91743    
-1.40147    
0.89857    
0.52518    
3.88115    
3.37866    
1.14986    
-0.51695    
0.66511    
1.98485    
1.87915    
0.01963    
1.91185    
3.02533    
0.47144    
1.07992    
3.91604    
1.02578    
1.85872    
2.40674    
1.91871    
2.00396    
0.48523    
2.47302    
2.39582    
2.46524    
3.34837    
2.42411    
2.04291    
0.12106    
1.90566    
1.49502    
2.05513    
2.47868    
2.06858    
-0.01973    
0.93552    
1.01075    
1.02444    
2.92733    
2.85150    
4.36686    
3.94244    
4.45360    
2.51644    
3.36759    
3.35533    
0.94949    
2.03157    
4.94218    
-0.86911    
1.94462    
2.03149    
0.14363    
1.14549    
2.42527    
0.99700    
1.90667    
0.00237    
2.56176    
-0.01825    
3.42475    
2.06680    
1.43458    
1.90544    
2.16255    
-0.88568    
1.99204    
1.09248    
1.97582    
3.02973    
1.01946    
3.01014    
-0.97055    
6.30921    
0.50242    
0.05206    
2.96335    
0.97286    
2.43472    
0.05440    
1.04379    
2.90982    
1.90719    
1.97895    
1.93927    
2.00122    
1.00156    
0.95379    
2.41133    
2.93387    
1.95113    
1.44628    
3.43665    
2.90869    
1.97102    
2.92562    
1.44597    
2.53573    
2.91932    
-0.47150    
0.95241    
1.49118    
5.69918    
2.98546    
3.37136    
1.88067    
1.36767    
1.94814    
2.50513    
1.57158    
2.96255    
2.49454    
2.91010    
2.03038    
1.00448    
2.83808    
1.40470    
1.98426    
1.56028    
2.84508    
1.93614    
1.51267    
2.04781    
0.94780    
1.84046    
1.03184    
3.95383    
4.39079    
3.43186    
3.00040    
3.44370    
2.97718    
-0.41889    
1.95618    
2.03144    
2.04003    
3.33747    
1.93701    
2.04174    
2.50844    
2.03561    
1.54730    
3.07123    
1.49345    
2.37718    
2.42935    
4.01198    
3.39135    
1.42155    
2.48030    
1.48712    
4.92663    
-1.40058    
4.45385    
2.84412    
1.87122    
1.40402    
-0.00630    
0.02170    
2.00175    
3.90668    
1.47848    
1.47073    
0.03304    
3.08619    
3.40827    
1.10129    
4.42293    
1.93377    
1.10234    
2.63133    
2.89269    
1.88576    
2.93228    
1.48851    
2.88007    
-0.00167    
1.94143    
2.48853    
2.92082    
1.07397    
2.00013    
2.96474    
1.88488    
1.46854    
0.49736    
1.58898    
3.89857    
2.48988    
0.97812    
1.95901    
2.59911    
-0.80372    
1.53892    
0.57310    
0.03738    
-0.00398    
3.37096    
0.87203    
1.98248    
2.02429    
5.84670    
1.92298    
0.95800    
0.48688    
1.99847    
2.87593    
-0.41436    
1.94207    
7.40399    
4.06505    
3.88493    
1.93204    
2.45814    
2.35905    
0.93025    
1.04669    
1.23219    
3.43501    
2.94694    
1.13769    
2.64430    
0.86254    
1.88283    
4.00665    
0.97465    
3.04544    
3.04779    
0.00946    
2.87147    
2.95131    
4.44809    
3.01244    
0.98315    
0.91117    
1.95170    
2.02425    
2.95229    
1.52613    
0.42841    
3.93405    
2.87808    
2.46123    
1.98395    
0.43204    
3.43433    
1.01592    
2.37457    
0.99885    
2.57214    
4.43135    
2.02608    
0.86533    
1.50709    
4.49196    
2.91202    
-2.37497    
2.32811    
1.96896    
0.90673    
2.41068    
-0.92722    
2.48508    
3.42303    
0.20521    
2.44236    
1.08649    
0.91584    
5.87794    
2.47036    
2.87607    
-0.02210    
2.88135    
1.15373    
1.63127    
0.48071    
1.00653    
2.53669    
1.52512    
3.91844    
1.45853    
0.93518    
1.92977    
3.01995    
1.44710    
0.94077    
2.01945    
2.03580    
2.45186    
2.41963    
1.47518    
0.90315    
0.45570    
3.85533    
2.01581    
2.43194    
1.97200    
4.01978    
1.94312    
1.94277    
2.52653    
3.84454    
1.02777    
1.40220    
1.98606    
2.85527    
2.98973    
2.56330    
2.44729    
2.04832    
3.90454    
3.91133    
2.96565    
1.51118    
2.50040    
0.03960    
4.38175    
2.45489    
-0.41692    
2.51646    
2.08877    
1.05137    
3.92700    
1.05033    
4.03940    
1.85267    
1.43481    
3.88360    
-1.02963    
2.46018    
2.08071    
2.96700    
3.81181    
3.02395    
0.92757    
3.01634    
2.06360    
3.44926    
1.98539    
3.51363    
2.93384    
3.97943    
2.05688    
0.95312    
2.90987    
3.95852    
2.90350    
1.06382    
0.48880    
2.03157    
-1.89756    
-1.87673    
2.49797    
3.50916    
1.02833    
1.94793    
1.94797    
3.50670    
0.98273    
1.03096    
0.92214    
2.07865    
1.99720    
1.97218    
0.92971    
1.04808    
2.48666    
3.01063    
0.98039    
1.94589    
1.02137    
0.18956    
4.35467    
-0.59962    
2.97115    
4.81011    
4.36883    
5.51672    
3.03645    
2.02545    
2.97283    
0.94006    
1.57025    
1.51635    
2.86521    
2.98451    
2.46823    
2.50608    
-0.28992    
2.96352    
4.74251    
-1.01321    
1.06515    
0.97158    
2.92064    
1.07789    
3.86651    
6.73154    
4.36904    
2.95978    
1.13700    
1.02101    
0.45305    
1.43443    
-1.24152    
3.90189    
3.92153    
3.85745    
3.07441    
1.01942    
0.97954    
1.17809    
2.01901    
2.98186    
4.36707    
1.37585    
1.48508    
0.98308    
1.46189    
3.03762    
4.38702    
2.53051    
2.93567    
3.92218    
2.96425    
0.51409    
1.44870    
3.35905    
2.04401    
1.88506    
4.84501    
2.00060    
1.97857    
2.44824    
-0.01192    
1.93837    
3.45292    
1.47351    
2.43156    
2.00829    
0.00200    
1.01377    
1.53065    
0.82215    
4.90485    
1.51384    
2.11565    
4.33077    
-0.83658    
2.93446    
1.38834    
0.97634    
0.06154    
3.42944    
1.94051    
-0.93960    
2.47962    
3.38591    
1.03540    
3.82033    
1.04929    
1.96532    
1.00828    
1.52176    
2.09559    
1.96882    
5.44134    
3.99330    
3.05087    
2.91399    
2.14339    
2.13025    
2.95167    
2.55393    
1.88025    
3.06032    
3.88361    
1.17353    
1.96187    
0.91417    
1.94816    
2.43722    
0.92298    
3.03269    
1.34754    
5.37938    
0.99851    
4.52984    
0.47104    
2.51336    
2.85076    
2.91113    
1.01810    
2.02813    
1.03328    
2.50948    
1.01908    
1.50384    
2.11709    
1.82574    
4.31422    
0.03297    
3.02045    
-0.41899    
2.45136    
2.88038    
3.31617    
1.98129    
1.08519    
1.57573    
1.06418    
0.90190    
0.52478    
0.98341    
2.50245    
2.08411    
1.51939    
4.42689    
-0.40054    
1.08930    
0.05350    
2.00904    
1.07921    
3.85178    
6.86803    
2.39433    
2.96582    
1.61171    
3.38271    
1.03527    
1.00930    
3.96431    
2.54596    
2.08145    
2.97632    
2.53629    
0.02278    
2.84309    
3.02526    
2.50519    
4.99934    
2.03537    
0.25452    
2.49511    
0.10764    
2.44177    
1.98731    
1.48492    
4.86662    
4.00906    
1.06743    
1.39564    
2.90567    
0.10851    
-1.89799    
1.00903    
1.48950    
3.45169    
2.91990    
2.50290    
1.45360    
2.83047    
4.43816    
3.92372    
3.48103    
3.81610    
2.94243    
3.02215    
-0.49791    
2.40366    
-0.36026    
2.08376    
2.97521    
2.06122    
1.00003    
3.04733    
3.02995    
2.44027    
2.00784    
1.06560    
1.12044    
2.01851    
-0.35124    
2.51698    
2.95722    
3.89169    
3.47143    
2.89682    
4.02702    
1.03772    
4.78915    
0.51753    
2.88983    
1.90680    
1.97946    
1.98137    
1.01277    
4.32711    
2.42204    
2.00246    
1.55938    
2.93790    
0.98301    
5.00401    
1.97964    
2.00230    
1.94863    
3.89272    
1.02486    
2.09420    
0.95194    
2.50294    
1.92617    
2.98088    
1.39416    
3.89489    
2.90028    
2.00037    
1.83982    
1.90127    
4.38795    
3.36592    
2.57661    
3.75581    
1.99011    
1.58452    
0.08810    
4.09955    
3.90363    
1.44973    
3.96630    
0.98207    
5.37395    
1.03351    
0.50432    
3.02149    
2.94567    
2.99922    
2.57115    
4.88213    
3.98490    
2.09810    
3.34617    
2.91860    
2.93469    
2.79083    
3.96587    
2.42671    
1.37656    
3.77909    
1.03039    
0.92770    
2.60985    
2.95781    
0.03244    
2.04964    
1.94503    
3.91794    
1.87438    
2.46609    
2.00918    
1.01783    
-1.80480    
3.92057    
3.02037    
0.99988    
1.85012    
2.16290    
3.87582    
5.38891    
1.60465    
0.89991    
0.10521    
1.92338    
-0.00404    
1.53825    
-1.40567    
3.34983    
0.99280    
1.95561    
2.88870    
2.01412    
0.13583    
1.46072    
0.98363    
4.80665    
1.05557    
1.94519    
0.07532    
5.26335    
4.85807    
3.98005    
1.51347    
4.97504    
2.46997    
0.98896    
1.95052    
1.13877    
4.91439    
5.92402    
1.51771    
2.01921    
1.47868    
2.86833    
2.00453    
5.38301    
2.16897    
0.67660    
2.87940    
1.09094    
1.96311    
1.46498    
0.99804    
1.54576    
1.13017    
2.56693    
1.94308    
4.82663    
3.93940    
-2.87652    
0.05110    
3.87268    
2.00581    
2.96382    
1.05713    
1.50191    
0.95540    
1.89904    
3.88263    
0.50863    
1.50983    
1.59985    
1.90694    
3.07552    
3.86794    
-0.86239    
0.18263    
3.01096    
2.49971    
2.98332    
4.40719    
2.52842    
1.92611    
1.05778    
3.88419    
0.00129    
2.95705    
2.84867    
5.42519    
1.54685    
1.88347    
0.90651    
5.34843    
1.53585    
1.12773    
3.39438    
1.06728    
1.07856    
2.10829    
4.37052    
2.00199    
1.93207    
0.11900    
2.43597    
1.50620    
3.96101    
0.93750    
1.97012    
4.08219    
4.83689    
-0.33298    
1.09696    
1.17219    
1.44791    
4.46857    
3.25737    
1.49461    
6.70529    
0.96719    
1.98072    
2.90629    
0.47453    
0.97919    
3.40418    
2.99116    
3.37382    
6.25604    
2.75591    
0.08741    
3.07189    
1.47251    
3.97331    
1.99919    
-0.05135    
1.94880    
1.94483    
1.14136    
1.52899    
2.88779    
1.93852    
1.94979    
2.00998    
2.50712    
1.01911    
3.92255    
1.48090    
2.91465    
2.53467    
2.90136    
3.36401    
1.97242    
3.88485    
3.98087    
1.15930    
5.76800    
3.82642    
1.01800    
1.96585    
0.50509    
1.00739    
0.59514    
0.53196    
3.00014    
2.41467    
2.47623    
2.83318    
1.03924    
1.06529    
3.83727    
1.90062    
1.89071    
-1.48701    
2.52571    
-0.91285    
2.44167    
2.07956    
3.96437    
-0.09752    
3.92196    
3.85463    
1.81824    
5.31324    
2.95318    
1.45020    
0.11193    
1.96641    
3.95656    
2.96789    
2.93282    
2.94462    
2.82729    
-0.01324    
4.82710    
0.90432    
1.38496    
2.16162    
1.50239    
2.38152    
3.47934    
0.01290    
3.42952    
1.95642    
0.95705    
0.99088    
-0.42434    
1.46399    
4.44549    
-0.87056    
0.12032    
1.97822    
-0.89221    
0.08979    
3.91990    
1.19959    
2.02009    
4.95897    
0.03131    
3.01089    
0.05929    
3.81581    
1.04833    
1.38869    
2.88649    
6.43803    
2.00995    
0.43273    
3.40185    
1.89861    
1.03577    
2.95977    
2.34455    
2.58370    
1.99930    
1.01811    
2.98809    
6.29460    
5.46480    
1.07883    
2.90796    
1.06189    
0.03756    
1.96110    
1.39978    
1.48584    
0.04001    
2.03736    
2.06147    
1.45413    
-2.25526    
2.82629    
0.99791    
1.13671    
1.00303    
0.96604    
1.90267    
1.51191    
4.89558    
1.45724    
2.96928    
0.54079    
3.52679    
1.86631    
1.88041    
1.99577    
1.01306    
1.56531    
2.10875    
2.01253    
4.34400    
4.01459    
4.42746    
3.43151    
3.01991    
2.88375    
3.87049    
1.02256    
3.36524    
0.96323    
1.95491    
1.01741    
4.84230    
2.51799    
0.45245    
-0.26219    
4.00565    
2.98704    
3.51441    
3.89750    
2.41025    
0.98584    
1.94755    
5.43387    
3.96722    
0.91527    
0.90656    
3.89239    
2.40172    
5.44679    
2.48154    
3.84541    
0.87475    
1.04302    
2.04108    
-0.44859    
1.16354    
4.39985    
1.95536    
4.80497    
2.48561    
1.56483    
-0.02573    
2.89276    
1.87757    
1.60839    
1.06169    
3.98240    
1.91138    
2.47862    
0.55824    
-0.10690    
2.06345    
1.76324    
0.07249    
2.00822    
4.00687    
2.04083    
2.86933    
2.05688    
2.00670    
-0.93843    
2.57799    
1.07025    
2.04007    
1.98032    
0.50826    
3.05078    
1.87976    
1.84583    
1.94039    
1.97471    
4.51767    
1.38737    
3.87079    
2.41034    
4.42473    
0.11370    
2.42945    
1.96576    
1.44774    
0.98089    
1.03048    
2.51420    
2.46649    
2.93312    
2.52143    
2.48038    
1.97641    
-0.89443    
0.91905    
1.57045    
1.05806    
2.00643    
2.88891    
1.90110    
-0.40660    
1.95030    
0.04596    
0.07290    
1.92323    
2.95611    
2.93849    
0.96536    
2.90541    
1.06795    
0.98109    
2.94350    
3.85459    
0.55419    
0.94398    
2.07003    
0.07464    
3.88436    
1.11077    
0.07913    
0.90614    
1.92078    
1.47732    
3.97190    
2.00428    
4.85484    
-0.34260    
3.86808    
3.01126    
3.52169    
2.95224    
4.48399    
0.10043    
0.94651    
0.86147    
3.00654    
3.39723    
2.88729    
1.05033    
2.44581    
3.91536    
1.58614    
5.86761    
1.91478    
2.04984    
1.58502    
5.37731    
2.88179    
4.32028    
2.02440    
1.89019    
1.62752    
2.41753    
2.84862    
2.47536    
3.97880    
1.08339    
2.03750    
3.47649    
0.01055    
3.00692    
1.10712    
5.09151    
2.92310    
0.94609    
0.55956    
2.17858    
1.02806    
2.94660    
2.93682    
1.93145    
3.97683    
2.09911    
0.99243    
-1.99712    
2.10967    
2.01406    
6.35202    
2.11200    
1.53714    
3.30976    
2.05862    
3.01058    
2.01913    
2.99475    
3.95069    
1.58897    
2.96419    
0.51431    
1.95809    
0.95102    
0.00244    
1.44144    
0.86169    
0.52617    
2.98587    
0.09138    
2.86871    
3.58252    
0.48281    
1.95832    
1.42057    
0.98398    
1.94689    
3.40287    
1.06964    
2.43143    
3.88585    
1.02231    
1.58318    
1.01119    
1.95638    
0.50624    
3.42101    
3.12550    
0.59019    
2.01950    
2.91118    
0.48767    
4.88457    
3.94987    
3.93334    
1.11416    
1.95575    
1.97641    
2.02088    
2.04792    
1.93589    
1.05058    
3.03383    
3.88195    
2.93138    
2.88064    
0.93292    
1.58817    
4.39786    
1.02760    
4.89566    
0.58544    
-0.79163    
4.87965    
2.91762    
1.02126    
1.01679    
1.60751    
1.47813    
2.14563    
1.96319    
2.05723    
0.57231    
4.44516    
3.39734    
2.49450    
-0.56214    
0.09282    
2.93329    
0.89527    
1.90082    
-0.48227    
4.98938    
3.87954    
1.90788    
3.42285    
1.86961    
4.36779    
4.03297    
3.91814    
-1.96304    
2.92166    
2.98423    
1.55525    
1.08021    
2.41957    
1.95801    
0.23251    
3.84989    
4.99458    
1.62812    
2.45934    
1.89730    
3.00895    
4.44364    
-1.49299    
1.94762    
2.45402    
0.95160    
3.99760    
1.97923    
1.46921    
0.02886    
1.93236    
1.99775    
0.99768    
2.48369    
1.01111    
5.38086    
2.38342    
0.98740    
2.88785    
2.90786    
1.02174    
1.03200    
2.13124    
3.88762    
2.01855    
2.41301    
3.35268    
1.47596    
1.93626    
2.97924    
3.88260    
2.09384    
1.47633    
1.47549    
2.89374    
2.88068    
3.09743    
0.92671    
0.93174    
3.00838    
1.01590    
3.96277    
3.42248    
3.02073    
1.01906    
-2.30174    
1.34209    
2.92403    
3.89630    
0.58038    
2.10157    
0.10730    
2.98747    
2.90936    
4.90212    
1.51339    
3.79928    
4.46784    
3.40636    
0.04616    
0.62489    
1.03002    
2.36554    
2.87243    
2.46207    
3.01540    
2.03747    
3.00566    
4.38391    
1.10251    
-1.05806    
1.95188    
4.93461    
2.53005    
1.88668    
1.90299    
1.97157    
1.90662    
1.95298    
0.98305    
1.97271    
2.07199    
2.95398    
2.92839    
2.47679    
1.50102    
2.45686    
3.89015    
4.06620    
0.42049    
2.02663    
3.81861    
1.08758    
0.93706    
1.94312    
1.45428    
3.43131    
2.48003    
3.91647    
1.54037    
1.98012    
4.04480    
3.33587    
2.49387    
1.45090    
4.96097    
0.06131    
3.47430    
2.93439    
0.46907    
1.02025    
1.57805    
2.52361    
3.95513    
1.53214    
-0.86698    
3.88860    
-0.02693    
1.85638    
-1.26476    
0.45929    
2.98492    
2.86923    
1.09418    
3.88398    
2.45510    
1.93753    
1.46559    
1.52258    
2.03046    
2.07837    
0.58834    
-0.02856    
0.97804    
1.61473    
-0.36039    
-1.43778    
0.55810    
2.95470    
5.92508    
2.93404    
1.53669    
1.04843    
1.13274    
1.52685    
1.05444    
0.92465    
4.77339    
2.03329    
2.88160    
3.43396    
-1.85035    
3.92921    
3.92129    
2.48559    
0.45579    
3.85444    
4.51775    
4.80759    
2.10470    
2.53402    
3.93911    
3.88625    
2.06686    
3.44754    
2.90644    
1.02150    
1.55232    
0.89317    
1.01572    
2.61806    
4.91237    
0.96309    
-0.51035    
1.98629    
1.08027    
1.04996    
0.98454    
1.98988    
2.33851    
1.98754    
3.45426    
3.45678    
1.97454    
-0.00295    
4.02761    
1.05437    
2.47879    
2.91385    
1.45913    
2.40559    
1.16983    
1.49946    
1.89323    
1.03992    
4.39908    
2.89252    
3.88696    
2.06995    
0.05835    
3.11665    
2.90738    
2.42538    
3.37730    
1.98755    
1.03504    
2.99051    
3.93770    
1.48553    
2.42578    
0.00171    
1.47347    
0.93875    
5.90719    
1.50693    
1.99436    
2.92235    
4.01167    
3.86298    
1.88108    
0.96630    
0.95292    
3.45237    
-0.96542    
0.92943    
3.89981    
4.01039    
3.46454    
1.96712    
2.07557    
2.57657    
1.98487    
1.46272    
3.87365    
2.01655    
2.89933    
1.96048    
0.03119    
2.96264    
1.87113    
3.91872    
1.37792    
2.89888    
2.02750    
4.91800    
2.91731    
0.45730    
1.99768    
0.97235    
0.91152    
2.01660    
3.07384    
1.91339    
4.86083    
3.90777    
3.05702    
3.51044    
3.99027    
2.84359    
1.94181    
1.01387    
1.92738    
2.91429    
2.91835    
2.56648    
1.97151    
1.05324    
3.01729    
2.81268    
1.98699    
5.30239    
3.53242    
0.49004    
1.94958    
2.09154    
2.96738    
4.73289    
3.00123    
2.50001    
1.98346    
1.35825    
3.92051    
2.91177    
1.43235    
0.93854    
3.86474    
3.06551    
0.06837    
3.84289    
1.86667    
3.97624    
2.94209    
1.03780    
2.97946    
2.95880    
2.11263    
4.86007    
3.42551    
3.85444    
1.02168    
2.85815    
1.92816    
1.07938    
1.98698    
4.47690    
2.40261    
3.45192    
2.36624    
2.41338    
2.06586    
1.95133    
2.98198    
3.45671    
2.96248    
2.58429    
1.42740    
1.46501    
1.04298    
1.94234    
2.03668    
-0.44530    
1.47597    
0.96293    
2.86336    
4.36525    
3.91605    
2.83868    
2.48379    
0.16400    
2.88351    
2.05502    
3.79239    
5.76198    
2.86352    
3.47267    
3.10247    
5.82979    
3.50849    
2.40626    
2.46162    
1.15893    
2.95836    
2.79868    
0.94694    
2.07895    
2.52578    
3.84980    
0.98386    
3.10405    
2.97930    
4.98756    
3.43937    
0.94886    
2.01147    
0.90325    
0.54855    
-0.94441    
3.01526    
3.93472    
2.46973    
2.91139    
0.57232    
2.25260    
3.84531    
3.82537    
2.82336    
2.91804    
5.34968    
1.13029    
1.53770    
1.13232    
3.01831    
2.96841    
3.90353    
0.93854    
0.57149    
5.45011    
1.97195    
3.90353    
0.58880    
3.84883    
2.46174    
2.07948    
3.44628    
1.94479    
1.01886    
0.98810    
1.04414    
0.96998    
1.86539    
1.51210    
2.11409    
3.43303    
2.41076    
1.78553    
1.03504    
3.01993    
2.04540    
6.36037    
0.95547    
2.03436    
0.94480    
0.42877    
1.41607    
5.32016    
2.88476    
3.93882    
3.25263    
3.06194    
0.08532    
2.01473    
1.49037    
3.11107    
1.92617    
2.82487    
1.03154    
5.38359    
1.45822    
2.01971    
2.87753    
2.91176    
2.01616    
2.83130    
0.99400    
2.54146    
1.97030    
2.95583    
1.45270    
1.51402    
2.95915    
2.03607    
0.98171    
0.99027    
2.80395    
0.03206    
0.48242    
2.61393    
1.95513    
3.48921    
3.07444    
0.60140    
1.07165    
2.98303    
2.01401    
1.46054    
2.02926    
2.85989    
5.30757    
2.46218    
1.99507    
1.88642    
0.95952    
4.91036    
2.44715    
1.43016    
4.43416    
4.38692    
1.09944    
0.08543    
2.95845    
2.00242    
0.08582    
2.47957    
2.44677    
3.79878    
-0.94387    
1.94365    
4.94473    
0.96386    
2.05390    
2.08422    
2.03741    
2.49312    
1.45729    
3.89800    
4.00042    
0.51245    
2.53899    
4.42475    
0.45305    
4.00292    
1.09111    
1.21306    
2.93982    
1.94705    
4.81031    
1.84888    
4.01186    
1.05052    
3.81121    
3.87914    
3.98849    
0.62515    
2.97123    
1.41796    
1.94836    
2.13247    
-2.40304    
0.93348    
0.39115    
2.85467    
2.46138    
3.13150    
4.82644    
4.49684    
2.97817    
3.91896    
4.87089    
1.98888    
2.88396    
0.41384    
3.45186    
3.37099    
2.91292    
0.97419    
2.56751    
2.98898    
-0.09312    
1.94267    
1.94663    
1.05580    
0.97932    
4.02309    
0.92760    
2.99030    
0.48527    
1.58538    
1.05548    
2.91442    
2.49228    
2.00980    
0.93226    
-0.89225    
2.13109    
2.48332    
2.44846    
0.99557    
1.46088    
1.09110    
2.40429    
1.52868    
2.51530    
1.43243    
4.84054    
-0.03644    
4.94103    
-0.01942    
3.50663    
1.53802    
1.99977    
2.51459    
0.00278    
2.40172    
4.88990    
2.03959    
4.42685    
3.04759    
2.92066    
1.58215    
1.99871    
3.06686    
0.92618    
-0.37592    
2.97733    
5.78937    
4.86591    
0.92164    
0.98605    
0.52558    
3.91006    
1.01558    
1.98685    
0.49371    
1.00473    
3.84933    
3.00980    
2.04010    
3.90390    
3.51004    
1.54048    
2.55355    
2.98757    
4.33546    
2.00080    
1.13675    
2.96952    
0.11529    
2.50804    
2.40405    
2.04101    
3.89810    
3.48532    
3.91120    
2.98019    
1.96355    
1.47632    
1.62869    
4.40400    
2.02144    
0.06334    
0.93781    
1.44589    
1.04064    
3.90367    
2.44372    
0.07566    
5.33667    
1.45124    
0.91871    
2.54763    
2.01819    
3.79558    
2.94472    
1.12747    
1.85953    
1.54472    
4.05213    
2.00644    
2.81156    
0.03555    
1.98327    
3.89538    
2.92987    
2.03142    
0.98068    
0.99801    
3.98567    
3.41694    
3.56288    
0.89628    
4.04421    
1.07895    
-0.39123    
2.96396    
2.05311    
1.63062    
2.06413    
1.88876    
1.44180    
-0.76987    
1.96708    
1.03261    
2.98003    
1.94402    
2.98047    
-0.85475    
3.98423    
0.88973    
1.84704    
2.51320    
2.09707    
3.91057    
2.86275    
2.40294    
2.03928    
3.37874    
1.93856    
1.08279    
0.88830    
3.99375    
0.52613    
2.51409    
2.07478    
5.26429    
2.43118    
2.61614    
1.90408    
1.94723    
1.87811    
1.96086    
3.04039    
-0.84058    
1.40143    
4.84381    
2.01839    
1.05164    
2.39542    
3.87371    
2.91533    
3.40475    
2.95932    
2.44475    
0.99820    
-0.40173    
0.99215    
1.89760    
3.08095    
4.90070    
1.44924    
2.36100    
2.42075    
1.88432    
2.93385    
1.57078    
4.01318    
3.81741    
5.37740    
1.93130    
3.46307    
1.89901    
1.46290    
2.37329    
2.49784    
1.01969    
-0.95764    
0.99694    
1.89343    
2.03657    
0.04999    
1.48426    
2.54627    
3.01053    
3.95212    
2.90526    
0.91765    
2.56148    
4.88507    
1.21769    
1.56577    
2.46503    
0.91598    
1.95927    
4.87895    
3.50606    
2.95521    
1.65468    
1.50260    
3.01890    
0.02350    
1.81879    
2.00547    
3.39395    
3.44522    
2.58777    
2.99298    
1.38955    
-0.40944    
1.02794    
1.97857    
1.57102    
0.93974    
2.10499    
2.11665    
1.99823    
1.97486    
1.92602    
2.11655    
2.94002    
3.43441    
0.99800    
0.48940    
1.99164    
1.51910    
2.00125    
1.94857    
0.50016    
1.03521    
2.91569    
-0.97913    
2.46066    
2.00566    
2.98845    
3.88848    
1.98599    
1.01053    
1.01679    
1.57264    
1.17577    
2.92091    
1.46589    
3.77504    
-0.75515    
2.96331    
-0.00714    
1.97888    
2.90572    
3.92995    
-0.49693    
2.97127    
6.85739    
1.50295    
2.97524    
2.88106    
1.00865    
2.98291    
5.36900    
1.44978    
3.86508    
1.05867    
1.14076    
-0.96898    
3.59710    
3.87799    
1.99253    
3.96641    
1.49998    
2.05854    
2.44833    
2.11683    
3.90226    
1.01300    
2.84117    
4.25637    
2.98409    
1.50557    
1.94554    
1.93564    
2.50923    
1.49305    
3.95110    
1.84116    
0.04877    
1.93800    
4.84680    
1.98165    
1.95630    
1.03293    
2.15091    
1.97633    
1.16420    
3.94598    
1.56146    
-1.09136    
0.06575    
1.45891    
2.12961    
3.89583    
0.13941    
2.55013    
3.80967    
2.50098    
3.88126    
2.02137    
2.42397    
-0.36337    
2.96052    
1.13056    
0.54041    
2.12127    
-0.95773    
-1.70742    
0.95849    
2.93647    
1.99707    
2.44220    
0.96627    
4.86347    
4.33596    
0.99580    
1.96236    
1.53013    
3.45798    
2.01783    
1.52755    
0.35591    
4.42001    
0.05479    
3.90084    
2.06940    
1.43844    
2.57605    
1.26911    
2.80670    
3.48632    
3.88859    
2.17765    
0.03457    
4.44476    
1.93899    
2.46567    
1.47120    
1.83576    
1.05625    
1.47910    
0.26722    
3.85970    
3.05698    
-0.01055    
2.94512    
1.49044    
1.45305    
1.13676    
2.02553    
1.06005    
3.42959    
3.99851    
-0.13584    
3.98418    
2.10492    
0.97981    
3.48642    
0.00919    
1.02310    
0.95017    
0.09077    
1.54530    
4.87671    
1.99937    
2.92486    
3.89351    
0.97727    
2.62845    
0.41586    
2.11754    
3.01443    
1.52667    
1.60553    
2.50751    
2.99992    
-0.96322    
0.99507    
2.03077    
1.47212    
0.71127    
1.51076    
2.49931    
3.93558    
0.94888    
0.55106    
3.50553    
2.42342    
1.03513    
1.92633    
1.99617    
2.88124    
1.10718    
1.97678    
2.96422    
4.97374    
4.33169    
2.05152    
1.54194    
-1.00132    
3.79211    
1.98780    
-0.90859    
5.33473    
1.43401    
3.06271    
2.08172    
0.99603    
2.58394    
2.54349    
-0.08243    
2.01282    
3.84697    
2.92828    
0.51478    
3.88340    
0.95700    
5.04888    
2.46219    
0.57266    
3.01195    
1.92278    
1.07466    
2.53487    
2.95991    
1.02739    
0.95827    
1.92532    
0.02792    
3.49065    
2.93491    
0.54351    
1.99526    
1.11298    
1.89390    
3.00551    
0.97600    
1.95797    
1.87534    
1.52395    
1.94607    
2.95704    
2.09226    
2.91426    
2.97306    
2.89572    
2.06133    
2.01000    
2.10785    
1.98603    
0.99621    
2.91417    
3.02663    
1.99226    
4.39738    
1.93323    
1.11252    
2.00526    
1.97474    
1.94017    
1.49409    
1.03946    
1.53222    
0.50209    
0.71319    
-1.84360    
2.02775    
-0.15940    
3.54056    
1.50860    
3.90691    
2.34477    
-2.10204    
3.04610    
1.05531    
1.59684    
2.99159    
2.37211    
1.96157    
2.84079    
1.50887    
2.90218    
-0.58265    
3.42657    
3.29349    
2.91589    
-0.02017    
1.88519    
3.42119    
3.83628    
2.52949    
3.05287    
2.49272    
4.90683    
2.00652    
3.02537    
5.33623    
1.84191    
1.04502    
4.93346    
3.08504    
0.06619    
1.01053    
0.03698    
2.91192    
2.04683    
2.84470    
0.39247    
1.84875    
0.53033    
0.48813    
2.95984    
2.52325    
-0.51275    
4.02414    
0.97794    
0.35651    
3.48622    
1.46365    
1.47964    
2.02445    
4.38042    
3.91895    
5.87319    
2.82445    
2.07566    
-0.01475    
0.48681    
1.00858    
1.99955    
2.92623    
1.01520    
1.89331    
0.57047    
3.81777    
2.98595    
1.95094    
3.90690    
1.99556    
3.00461    
3.37860    
3.06461    
2.48451    
2.00863    
1.08354    
2.98845    
2.04352    
1.98716    
3.91866    
2.83098    
0.62994    
3.03241    
2.55656    
2.83548    
0.95766    
2.55151    
2.00927    
0.47283    
0.95814    
0.97167    
3.42961    
1.91632    
4.92779    
2.94870    
1.05594    
3.91175    
0.46194    
-0.39708    
2.44891    
0.50123    
0.04306    
1.92081    
2.93309    
0.96508    
1.63978    
2.84350    
3.85287    
3.02793    
1.00445    
1.35479    
3.42342    
0.94263    
3.47423    
0.48336    
2.45388    
1.01112    
3.40971    
1.43123    
3.94866    
1.43602    
2.93729    
2.06827    
4.85928    
0.57516    
1.45047    
-0.52329    
2.10182    
1.95709    
2.96426    
3.53672    
2.04601    
2.42414    
3.80371    
4.94793    
1.50940    
1.94701    
-1.38250    
1.90163    
0.91121    
0.93861    
1.31155    
4.85733    
2.57831    
0.96751    
1.10263    
1.45725    
-0.04093    
4.42178    
0.99800    
0.15090    
1.06019    
1.63823    
1.93079    
3.45229    
3.84102    
2.50055    
1.01315    
3.07749    
1.06069    
0.62078    
1.95421    
2.92894    
3.93982    
3.89194    
0.95902    
4.36912    
1.04956    
4.12154    
0.95794    
0.44565    
-1.03626    
2.99000    
0.54170    
2.00234    
5.36397    
3.80841    
1.86202    
0.04540    
1.50293    
4.02102    
0.96967    
3.91454    
5.71916    
1.02024    
0.92456    
1.52981    
2.93693    
1.01940    
-0.02809    
3.84375    
0.01656    
3.46085    
4.48425    
2.86228    
0.50903    
1.96869    
2.00890    
2.99170    
1.52766    
3.00397    
0.93526    
3.80847    
1.20195    
1.42732    
0.99250    
-1.90791    
2.34076    
1.47376    
2.02653    
1.47526    
2.09593    
2.94220    
1.96485    
1.42778    
1.91012    
0.89162    
1.05764    
3.03236    
2.59417    
0.92299    
2.41905    
2.57885    
2.87767    
2.98765    
2.44807    
1.52004    
3.40155    
1.00247    
0.88548    
2.01804    
2.56788    
0.82600    
3.45851    
-0.78762    
0.12688    
0.96731    
2.44386    
3.99039    
2.84983    
4.35457    
1.10258    
5.36571    
1.42543    
0.98833    
2.13261    
1.15630    
1.00682    
0.96577    
1.50412    
2.43265    
2.01077    
3.03887    
2.92558    
3.92112    
2.40910    
1.55166    
1.98558    
2.01465    
3.46554    
2.48196    
3.09088    
1.06321    
2.47291    
1.45797    
0.53101    
1.04585    
1.57046    
3.85032    
3.40272    
4.81839    
0.97868    
2.89943    
3.83886    
2.98953    
1.03071    
0.65698    
0.97834    
4.44774    
1.88831    
3.43055    
3.03046    
3.94122    
1.01316    
4.90875    
1.45500    
1.52652    
1.06578    
1.94623    
2.02887    
2.92444    
0.52617    
0.17101    
2.93865    
0.02579    
2.15398    
2.38966    
1.97017    
0.95569    
4.45450    
3.02572    
1.37649    
1.89638    
1.03276    
2.83888    
4.01872    
3.40301    
2.06882    
3.93788    
0.96925    
1.03897    
1.91510    
1.20947    
2.37437    
1.43509    
3.93068    
2.95850    
3.38370    
1.42624    
2.39911    
2.59059    
3.33453    
0.10306    
2.47516    
0.90555    
-0.38217    
1.93645    
4.36251    
0.05503    
3.85364    
1.48267    
2.88229    
1.51126    
1.48933    
1.88972    
3.46483    
5.39923    
1.49323    
1.08926    
5.40069    
0.10732    
1.96590    
3.98377    
1.01505    
4.02302    
2.01343    
1.54529    
2.99248    
0.00030    
2.17625    
3.46132    
1.54258    
1.84637    
4.44156    
2.99383    
0.32504    
2.40580    
1.94570    
1.94115    
3.40782    
2.45613    
0.48549    
2.30559    
1.94393    
1.08303    
2.89424    
3.97379    
3.90218    
2.00381    
2.93676    
0.15794    
2.99499    
0.06081    
1.45722    
2.93512    
3.05533    
3.00794    
2.98387    
2.99879    
2.48808    
5.49993    
0.64558    
2.93202    
2.89759    
1.51800    
0.93183    
2.93231    
3.06990    
1.99105    
-0.49569    
1.46117    
1.96202    
1.44804    
3.89120    
1.02157    
-0.26794    
2.08274    
0.99372    
2.98610    
3.87198    
2.94076    
1.04832    
0.52728    
1.84751    
1.59736    
2.03991    
4.83679    
0.99968    
2.98297    
4.88418    
1.53135    
3.38886    
3.85973    
2.07362    
3.94866    
3.90297    
4.49793    
3.37041    
0.55705    
1.01791    
1.02818    
4.80719    
2.98838    
3.98325    
1.11221    
-1.49022    
3.93863    
-0.02072    
2.01799    
2.89331    
4.88539    
1.90299    
0.46903    
1.98678    
4.41027    
4.42682    
0.99854    
3.39925    
2.41863    
3.86169    
4.04063    
4.90885    
1.96072    
1.13676    
1.53933    
2.81121    
2.07202    
3.46366    
1.05910    
2.43066    
4.83498    
1.87092    
3.07422    
2.95806    
2.08129    
2.37437    
1.48301    
1.51897    
3.86830    
1.06634    
2.34042    
1.91240    
1.14218    
1.81912    
3.79859    
3.01422    
1.06308    
1.89769    
0.98613    
1.39110    
1.87489    
1.02185    
5.79610    
4.89315    
0.53575    
4.78233    
2.38819    
1.50940    
2.98504    
2.51073    
2.97116    
3.45178    
1.44465    
1.45242    
0.54336    
3.31699    
2.86385    
3.10781    
0.95941    
2.03680    
2.87693    
2.46526    
2.49391    
4.44662    
1.09259    
4.02174    
3.02895    
1.14420    
1.46185    
3.03370    
2.35038    
0.52421    
1.96184    
3.00408    
2.85909    
3.91211    
2.94985    
-0.46725    
4.84514    
3.54360    
2.45066    
2.04807    
2.09022    
1.03632    
1.09374    
4.80107    
0.54730    
1.00472    
2.97401    
5.95844    
1.92335    
2.00033    
-0.44869    
3.45207    
2.46969    
-1.55141    
3.02255    
3.48412    
1.53320    
1.02336    
2.99087    
3.85389    
1.00497    
2.93543    
1.07782    
1.55697    
3.82501    
-0.99026    
1.46190    
1.93731    
-0.76864    
2.47910    
0.43379    
3.91279    
2.04172    
-0.03436    
0.97467    
2.96287    
0.94986    
1.90149    
4.92946    
2.93623    
2.02506    
-0.00372    
1.10704    
0.95263    
2.43619    
2.89482    
3.46729    
3.99125    
1.93504    
0.62033    
3.53976    
2.56680    
1.96123    
1.52698    
4.92471    
0.59415    
1.45961    
3.83990    
1.94421    
-0.90344    
0.51815    
2.37121    
3.89094    
1.47831    
1.10576    
3.82652    
1.43138    
0.04772    
0.96276    
-1.03905    
0.48728    
3.01253    
-0.44217    
1.02959    
2.93621    
2.92630    
1.56074    
2.84020    
2.82277    
3.96562    
2.54305    
1.99191    
1.53754    
2.51730    
3.91978    
3.33884    
2.95964    
2.40138    
0.91226    
2.42900    
1.07351    
2.12478    
2.05876    
1.19387    
4.41157    
1.98001    
1.83670    
3.92324    
2.89789    
2.92303    
1.09480    
0.46483    
2.88247    
-0.86001    
0.97664    
2.93887    
3.96568    
2.97385    
0.94408    
2.94748    
1.64323    
3.87681    
2.29946    
3.55832    
0.88184    
3.99994    
5.42090    
1.96975    
4.41963    
0.02113    
0.65058    
2.06538    
1.01254    
4.91382    
2.03396    
3.94422    
2.94179    
3.06548    
4.84767    
1.97006    
1.87673    
2.81232    
0.09860    
-0.98298    
3.01891    
3.97307    
3.94021    
1.25643    
1.99442    
2.95118    
0.03864    
2.14828    
1.86782    
1.01207    
-0.34225    
2.00454    
2.93116    
1.91577    
1.02804    
-0.40231    
3.43518    
2.02915    
1.47249    
2.47213    
1.00539    
-0.01075    
1.06501    
4.00944    
2.43087    
1.59429    
3.37401    
2.04102    
0.08259    
2.94387    
0.59271    
2.02840    
1.50254    
-0.45730    
3.06835    
2.08117    
1.46939    
-0.81060    
0.02703    
2.90824    
0.56674    
0.15493    
1.58807    
1.07084    
2.94191    
5.97600    
2.04022    
1.95694    
1.47814    
1.91811    
0.12010    
1.00707    
3.42198    
0.07841    
1.00080    
-1.81915    
3.88038    
5.40067    
2.90809    
3.98637    
2.93120    
0.90744    
2.07629    
1.45431    
4.33082    
2.38568    
3.34358    
3.06126    
3.92173    
0.92948    
2.93729    
0.06016    
1.93953    
4.95319    
3.01307    
1.85320    
0.44212    
2.52217    
1.41781    
2.95108    
-0.04397    
2.47925    
2.46124    
0.96344    
3.49128    
0.98940    
2.03163    
0.98096    
6.79033    
0.95714    
2.83691    
3.43827    
0.60952    
2.45422    
-1.85440    
-0.02669    
3.92519    
2.56986    
0.51878    
0.02918    
3.03813    
1.05133    
1.10330    
3.95805    
2.93693    
4.43335    
4.41260    
3.99785    
0.96291    
0.03380    
3.07691    
1.84586    
1.98589    
1.08434    
5.89385    
0.37430    
2.45818    
1.97567    
1.87015    
3.00662    
2.51029    
2.96403    
4.37388    
1.99646    
0.43273    
1.47080    
2.40982    
1.51916    
0.90327    
1.97408    
3.05624    
4.87114    
2.94363    
1.46469    
2.89625    
3.45349    
1.43617    
1.01639    
2.94275    
1.85872    
1.05807    
3.86851    
2.53892    
2.55129    
2.94623    
-0.01460    
0.99435    
-1.00855    
2.67026    
1.00531    
0.18562    
3.86169    
1.49861    
1.03796    
1.96345    
1.11832    
0.96757    
1.55681    
2.45554    
1.50494    
2.01268    
1.47627    
1.93059    
0.02502    
0.13235    
1.93142    
0.00119    
1.43925    
-0.92229    
2.44691    
4.34950    
1.97831    
-0.46080    
-0.04342    
2.39069    
0.46069    
2.06171    
0.86997    
4.31360    
0.95760    
3.00635    
3.41387    
3.46183    
1.94458    
3.94119    
3.06252    
1.49827    
-0.05178    
-0.59459    
1.91218    
0.40691    
2.02387    
1.53636    
3.94829    
1.05118    
2.48984    
2.45192    
0.98167    
1.04063    
2.46674    
1.92276    
1.44938    
1.07281    
1.98363    
2.95631    
3.40730    
1.56290    
3.08116    
1.93102    
2.88325    
2.49957    
3.86922    
1.17494    
0.19047    
1.94372    
5.26579    
0.58312    
1.92744    
1.89535    
2.41608    
1.93506    
2.01206    
1.07847    
3.07179    
3.50212    
1.56659    
3.03077    
2.03337    
1.52588    
2.10660    
0.95033    
0.94953    
5.42452    
0.94814    
4.78279    
0.91867    
1.07347    
2.91600    
3.03341    
