1.04708    
0.72800    
0.51607    
1.04234    
0.47910    
0.47127    
0.99576    
0.27200    
0.74278    
0.09973    
0.01030    
1.26464    
0.23889    
1.74772    
0.05498    
1.69783    
0.73526    
-0.19796    
1.48384    
0.74659    
0.76817    
0.51855    
0.03350    
1.97119    
0.49019    
1.50189    
1.94718    
0.77018    
0.70824    
0.73078    
1.19939    
1.68265    
0.25947    
0.98914    
0.50619    
0.27502    
-0.42967    
-0.40711    
0.75975    
2.68091    
0.24501    
0.01067    
0.76103    
1.00519    
1.21410    
0.49349    
1.18164    
0.02151    
1.47589    
1.52190    
0.27169    
0.05007    
0.00761    
0.27722    
0.50554    
0.96967    
1.97631    
0.77726    
1.42692    
2.67242    
0.71531    
0.74864    
1.02226    
1.26107    
-0.92319    
0.47450    
0.74625    
0.47544    
0.25621    
1.29066    
0.72726    
1.47538    
0.75958    
-0.43451    
0.33211    
1.49625    
0.52447    
0.47464    
0.76321    
0.25963    
1.46675    
1.71532    
0.49434    
0.75490    
0.29870    
1.20938    
-0.74333    
1.00537    
1.73987    
-0.21069    
0.74062    
0.76651    
0.69659    
0.76062    
1.68449    
0.49196    
0.94191    
0.26584    
1.76028    
0.01413    
0.27977    
0.23149    
0.00586    
-0.25457    
1.42775    
0.25763    
0.74458    
1.01860    
0.70876    
0.53155    
0.98374    
0.99911    
0.76556    
1.25086    
0.49668    
0.72860    
0.54562    
0.75670    
1.18006    
1.91679    
-0.21855    
0.23713    
1.43759    
0.49146    
0.77574    
-0.88484    
1.26955    
1.20267    
-0.44111    
1.70256    
1.03952    
0.97222    
0.24552    
-0.98013    
1.18798    
1.24033    
0.98940    
0.03738    
0.27505    
1.46573    
0.26171    
0.25583    
0.27642    
1.23260    
0.03380    
1.71046    
0.26606    
0.94691    
1.73389    
0.76324    
-0.44735    
1.02051    
0.51362    
1.23485    
-0.00141    
1.04774    
0.50732    
1.26254    
-0.02761    
0.74476    
0.97080    
0.25613    
1.05421    
0.00859    
1.66673    
0.50459    
0.74378    
0.49028    
0.49286    
0.72780    
0.52028    
0.20759    
1.22830    
0.73027    
0.25900    
0.25044    
0.48716    
0.45684    
0.00604    
0.48225    
0.28192    
0.52736    
0.75270    
0.05230    
-0.43621    
0.48721    
0.27327    
0.53078    
1.44647    
1.47011    
1.24773    
1.45618    
-0.19705    
0.02290    
1.02647    
-1.42834    
1.69599    
0.99243    
0.29780    
1.00556    
0.04373    
0.04160    
1.48107    
0.48908    
-0.66670    
0.47866    
0.25906    
0.47292    
1.68120    
1.00095    
1.23092    
0.99549    
1.94449    
0.27368    
0.04615    
0.27321    
0.51884    
0.25559    
-0.00585    
0.00916    
1.42294    
0.00501    
0.97417    
0.74291    
1.01524    
-0.69571    
0.22326    
1.24624    
1.67619    
1.02012    
0.02127    
1.20450    
0.50719    
0.27184    
0.03588    
0.98167    
0.27417    
1.22864    
1.18954    
0.46535    
1.47500    
1.22635    
0.28193    
0.48144    
-0.00119    
-0.25822    
0.27040    
0.47249    
0.50688    
0.02098    
0.32282    
0.77059    
0.26842    
1.69348    
1.26647    
0.26504    
0.50186    
2.20939    
1.72338    
0.53115    
0.53490    
0.71727    
1.48100    
-0.23034    
-0.88999    
0.72469    
0.45004    
1.25467    
1.03887    
0.73538    
0.05330    
0.28485    
0.46914    
-1.44558    
0.99971    
1.00213    
0.50874    
0.51570    
1.22794    
0.48490    
-0.24186    
0.75441    
1.65088    
1.97595    
1.21902    
0.29219    
0.78615    
0.93405    
1.21274    
1.47860    
0.80431    
2.42663    
0.03484    
0.75237    
0.24843    
1.03198    
0.49659    
-0.40937    
0.97065    
0.09129    
0.72175    
0.26031    
0.27026    
0.75362    
0.72672    
1.47678    
0.72432    
-0.47969    
-1.18196    
-0.23354    
0.73837    
0.98394    
0.26840    
-0.62320    
0.50665    
1.46188    
0.52579    
0.96271    
0.55379    
-0.72546    
-0.20975    
0.03220    
0.49482    
-0.92465    
0.03000    
0.47732    
0.70889    
0.55569    
0.76279    
-0.16397    
2.17154    
0.96633    
0.95728    
0.45599    
2.17203    
2.18529    
2.47218    
0.29134    
0.06875    
-0.17354    
1.23454    
0.77785    
0.68733    
0.52566    
0.71104    
0.27447    
0.45627    
0.99547    
0.23402    
2.96579    
-0.46747    
1.96582    
0.77824    
0.03737    
-0.94251    
-1.21679    
0.28663    
1.68423    
0.04564    
1.23643    
1.45063    
-0.18474    
0.75875    
0.72682    
1.99567    
1.71441    
0.98139    
0.30397    
-0.22528    
0.56702    
0.24512    
0.27665    
0.77759    
0.01641    
0.74574    
1.02315    
1.71472    
0.95170    
0.73196    
0.70896    
1.25967    
0.03833    
0.02726    
0.75491    
0.51233    
0.55834    
1.44154    
0.52199    
0.77285    
0.01793    
0.28418    
1.98541    
0.74986    
0.02949    
0.22293    
0.74627    
0.98110    
0.50469    
1.91674    
-0.45517    
1.21999    
1.19096    
0.77568    
0.24896    
0.77395    
-0.20390    
-0.68482    
0.27946    
1.96851    
2.24117    
2.18191    
1.69011    
1.93645    
1.21041    
0.27488    
-0.25592    
0.51839    
1.69376    
0.26969    
0.74196    
1.02458    
0.00661    
1.71346    
0.00533    
0.02490    
0.97766    
-0.45801    
1.71722    
-0.26209    
0.26055    
0.47965    
1.24488    
1.25205    
0.22124    
0.70998    
0.28304    
0.00838    
0.04423    
0.25923    
-0.23001    
0.51616    
0.02758    
1.49142    
1.04918    
1.49715    
0.50482    
0.51303    
1.00418    
0.48216    
1.03897    
0.48800    
0.78048    
-0.03101    
-0.41793    
0.24318    
-0.16534    
0.53592    
-0.22862    
1.25076    
0.76456    
0.51245    
0.49409    
1.23730    
0.50071    
0.23734    
0.27250    
1.70693    
1.48608    
0.76050    
-0.67100    
0.98647    
0.08025    
0.95443    
0.48579    
2.19038    
-0.44348    
0.73578    
0.27893    
-0.37857    
0.05664    
0.46163    
1.24171    
0.74560    
1.51518    
1.02084    
0.26915    
0.04301    
0.30154    
0.27944    
0.21615    
1.24297    
0.50282    
0.77255    
0.75672    
0.03502    
0.94424    
0.98634    
0.25680    
1.72962    
0.50228    
0.02395    
0.02060    
0.25908    
0.97848    
0.27584    
0.79232    
0.73808    
0.47155    
0.97584    
-0.50761    
0.73402    
1.21608    
0.51819    
0.29966    
0.76784    
0.71514    
-0.20284    
0.52759    
0.01687    
1.22874    
-0.26435    
-0.21504    
0.99809    
0.53856    
-0.43431    
1.49344    
1.17843    
0.04072    
0.29627    
1.24182    
0.51286    
-0.25087    
1.19575    
-0.20294    
2.42332    
0.27073    
0.29968    
1.47061    
1.50578    
0.47660    
2.15984    
0.26864    
0.96934    
0.03461    
1.22749    
1.49401    
0.79604    
0.03198    
0.02328    
0.77318    
0.48838    
1.92753    
0.95974    
1.43901    
0.49083    
1.47074    
0.74576    
1.20638    
0.75817    
1.44671    
0.49968    
0.75418    
0.95898    
0.79060    
0.96994    
0.43858    
0.51558    
1.92090    
1.71218    
0.49432    
0.25878    
0.49652    
0.49119    
0.98101    
2.20819    
0.51737    
1.22000    
1.48265    
1.00661    
0.25172    
0.78380    
0.50675    
0.28820    
1.22021    
0.06990    
-0.22348    
-0.90980    
1.21815    
0.28364    
1.68741    
0.25871    
1.51272    
0.99017    
0.72942    
0.48328    
0.97401    
0.97978    
0.27267    
1.47964    
0.74682    
1.21739    
0.96279    
0.76304    
0.23690    
2.19098    
1.95046    
0.29848    
0.95263    
1.00005    
1.48746    
-1.17478    
0.98997    
0.23707    
0.75861    
0.48995    
0.05148    
-0.49201    
0.77225    
1.48518    
1.00038    
1.20015    
0.75857    
-0.18627    
0.27908    
1.43651    
2.16748    
0.97602    
0.05632    
0.49547    
1.43621    
-0.73769    
1.00274    
-0.14518    
0.73472    
0.52597    
0.22906    
0.26801    
0.26414    
0.00748    
0.74234    
0.71103    
0.06120    
-0.21310    
1.95836    
0.78026    
0.49825    
0.73310    
1.50166    
1.46394    
0.50127    
-0.45656    
-1.22854    
0.23869    
1.48179    
0.99254    
0.23473    
1.22542    
1.49844    
0.73858    
-0.71232    
1.25025    
0.49720    
2.18513    
0.49645    
0.74794    
0.51870    
0.25590    
0.73185    
0.25067    
1.49553    
0.05376    
0.26081    
-0.21392    
-0.47581    
0.78508    
0.50938    
0.77843    
0.53394    
0.49154    
1.24146    
0.98462    
-0.22007    
0.50380    
0.02603    
1.23150    
1.01284    
0.22845    
0.29254    
-0.25918    
1.72584    
1.93868    
1.44259    
-0.23555    
0.05355    
0.28902    
0.73707    
-0.21693    
1.68148    
1.45634    
1.93664    
0.72693    
0.51635    
1.27122    
0.23614    
-0.00733    
1.89734    
1.70205    
1.24965    
0.73437    
1.67768    
0.01232    
0.47969    
0.73041    
-0.46165    
0.78517    
0.26645    
1.02772    
0.50656    
0.78522    
-0.17914    
0.28365    
0.03601    
0.03903    
0.26657    
0.01760    
0.48061    
0.48186    
1.95615    
1.69979    
2.20273    
0.75683    
0.96790    
-0.00651    
0.73047    
1.73565    
0.49291    
0.73467    
1.21794    
0.27065    
0.51059    
0.95581    
0.25982    
0.24482    
0.01067    
0.25812    
0.33768    
1.49463    
1.93641    
1.46016    
-0.22377    
-0.91149    
-0.21640    
0.98395    
1.00020    
0.24815    
0.74912    
0.00896    
-0.01641    
0.72914    
0.73828    
0.27100    
0.50735    
2.17974    
0.76468    
0.24236    
1.25678    
0.76141    
0.25114    
0.27489    
0.72969    
0.99478    
0.97469    
0.03407    
0.74652    
-0.22506    
0.26925    
0.46921    
-0.67805    
0.71668    
0.75099    
1.48860    
0.80088    
-0.44930    
0.02515    
0.71998    
0.97979    
2.23127    
0.95874    
0.79489    
0.26911    
-0.20741    
1.18608    
1.24722    
0.24995    
0.77396    
0.04518    
1.25880    
0.25444    
1.47924    
-0.01763    
0.75021    
1.48440    
0.54562    
1.92675    
0.96584    
-1.17318    
1.73220    
0.54717    
0.49024    
0.07111    
0.48134    
-0.02882    
-0.49136    
0.97378    
0.99184    
0.74312    
0.97744    
-0.70202    
1.48885    
0.73338    
-0.19812    
0.75807    
1.25310    
1.22891    
0.79197    
0.02391    
1.94912    
-0.25947    
0.48111    
1.91349    
1.95984    
1.03631    
0.25808    
-0.24900    
1.21556    
0.74835    
0.97154    
0.51804    
0.71314    
1.66266    
-0.21615    
0.51192    
0.02840    
-0.18823    
0.26439    
1.95139    
-0.48138    
0.23998    
-0.15881    
0.54448    
0.80990    
0.71368    
0.26094    
0.74858    
0.95927    
0.54320    
-0.19046    
0.51349    
1.44514    
-0.48871    
1.18589    
-0.24509    
0.76988    
0.01424    
-0.19302    
1.47577    
1.22793    
0.96800    
0.49029    
-0.22781    
-0.70395    
-0.01501    
0.53400    
0.47740    
-0.18999    
-0.18891    
1.23699    
0.04888    
1.45066    
0.06264    
0.98374    
0.51901    
0.71980    
1.22179    
-0.21683    
2.23100    
0.97042    
0.48066    
1.23871    
0.52284    
1.76410    
-0.92421    
0.98355    
-0.70999    
0.98803    
0.50296    
0.77968    
0.02644    
0.26136    
1.00727    
1.71899    
0.78175    
0.50319    
1.48074    
1.25239    
1.72738    
0.25836    
1.69063    
0.27454    
1.22720    
-0.39456    
0.96673    
0.26022    
1.46770    
0.49465    
0.06691    
1.19333    
1.50118    
0.27814    
1.26048    
1.26713    
0.71789    
0.79133    
1.51631    
0.25958    
0.74542    
1.20324    
1.71177    
0.06350    
0.28379    
1.45045    
0.52189    
0.46239    
0.75404    
0.52202    
-0.71342    
1.42915    
0.26830    
1.46553    
1.21492    
0.20598    
0.53240    
1.25391    
1.97947    
0.25051    
1.20623    
0.99467    
1.00908    
0.46122    
1.00645    
-0.48000    
0.99224    
0.05487    
0.29959    
-0.45678    
0.25625    
0.97653    
0.07219    
1.25859    
0.28376    
0.29844    
1.48477    
1.22288    
0.74582    
0.27240    
0.03453    
0.75390    
-0.22256    
1.46443    
-0.39621    
0.01369    
0.78521    
0.52165    
0.77627    
0.98251    
1.26090    
0.00220    
0.00272    
1.24430    
-0.19648    
1.46253    
1.74730    
0.26364    
0.75934    
0.96134    
0.73780    
-0.20651    
0.80109    
0.01711    
1.47213    
0.27409    
-0.67185    
1.69253    
0.50818    
1.20788    
0.49259    
0.95557    
-0.44546    
0.26564    
0.49264    
1.22803    
0.76277    
0.95686    
0.76938    
1.68827    
0.77505    
0.23519    
1.45076    
0.96877    
0.73259    
0.03052    
-0.22025    
1.21765    
0.98368    
1.25189    
0.76740    
0.54533    
0.53191    
0.25046    
1.66735    
0.47696    
0.00164    
1.47471    
0.73746    
0.49147    
1.25649    
0.70538    
0.75675    
0.73213    
0.76740    
-0.69319    
-0.46281    
1.25368    
-0.40389    
0.01883    
0.74473    
1.24942    
0.97820    
0.72204    
1.01653    
1.21358    
1.70024    
0.71290    
1.44942    
0.72930    
0.50676    
0.97124    
0.97948    
0.53979    
0.04707    
0.30941    
0.03108    
1.00715    
1.19977    
0.99653    
0.07378    
1.71530    
0.05237    
0.51394    
1.75265    
1.45199    
1.44254    
1.20472    
0.47058    
-0.18439    
0.96720    
1.22845    
0.74774    
-0.20358    
0.28991    
0.28968    
0.26446    
-1.65909    
1.20255    
-0.74415    
0.54451    
1.02068    
0.74074    
0.00742    
0.28248    
0.77005    
1.00065    
0.73585    
0.02391    
0.50437    
0.96970    
1.27464    
2.93565    
0.18738    
0.05219    
0.52150    
1.45375    
0.72982    
0.76773    
-0.64321    
1.24345    
0.27154    
0.76693    
0.76924    
1.72532    
0.25630    
1.02560    
0.52609    
0.28920    
0.74054    
0.79205    
0.49309    
-0.22369    
0.48262    
0.28531    
0.52730    
1.42597    
0.74052    
-0.01670    
1.01252    
-0.44224    
0.73341    
0.97235    
0.24963    
1.20913    
0.50638    
0.23232    
0.24443    
-0.22962    
-0.21050    
0.49387    
0.48072    
0.43221    
0.03559    
1.01830    
0.05044    
1.24076    
1.22097    
1.25306    
0.23551    
1.00405    
1.98824    
1.50269    
1.44200    
0.80039    
-0.72576    
0.53096    
0.97496    
0.53169    
-0.24665    
0.99772    
0.76013    
0.50535    
1.94975    
1.50609    
1.03804    
0.76385    
0.99522    
1.18459    
1.02265    
0.48280    
0.06513    
0.74875    
0.74122    
0.49489    
0.98030    
0.51187    
0.77589    
-0.48465    
1.48573    
0.94143    
0.76259    
1.24072    
0.97630    
1.17668    
0.76838    
1.29761    
1.92562    
1.26102    
0.73133    
-0.42928    
1.28862    
1.51419    
1.47995    
0.99342    
0.73641    
0.77241    
0.25184    
0.04582    
0.95752    
0.04154    
0.80661    
1.01607    
1.21020    
0.22836    
0.77210    
0.27727    
0.75924    
0.31031    
1.21846    
1.48796    
0.50674    
0.71839    
0.01611    
0.48820    
0.76060    
0.49726    
0.75513    
0.01534    
-0.44409    
1.97505    
0.75878    
-0.21189    
0.52649    
1.20199    
1.45207    
-0.47507    
0.78218    
0.76911    
0.06381    
1.51309    
-0.47269    
1.68384    
0.05562    
0.29557    
-0.47238    
0.54737    
0.25459    
0.72863    
-0.24966    
-0.01756    
1.19061    
1.22267    
0.25478    
1.74146    
0.70589    
-0.94246    
1.46044    
0.47956    
0.68312    
-0.21152    
0.02207    
2.44706    
-0.22492    
0.98770    
0.29892    
1.48020    
0.52212    
1.47233    
0.48743    
-0.26847    
0.72849    
0.48501    
1.43520    
1.50638    
0.96516    
0.76386    
-0.69313    
1.71944    
0.99770    
0.97901    
0.46875    
0.52012    
1.23637    
-0.22208    
-0.46282    
0.95570    
0.72381    
-0.67980    
0.74075    
0.96288    
-0.17117    
0.49356    
0.00393    
0.54090    
1.00366    
0.02705    
1.00303    
0.53541    
-0.23173    
0.49300    
0.05605    
0.26021    
0.97839    
0.02273    
0.28719    
1.68744    
-0.22895    
0.50524    
0.03874    
0.22191    
1.70913    
-0.18052    
1.94076    
0.30771    
0.77840    
0.95074    
0.30640    
0.94617    
0.24150    
0.48820    
1.44429    
0.51693    
1.01246    
1.46797    
0.51757    
-0.39287    
-1.40942    
1.46871    
0.01982    
0.49872    
0.48722    
1.06351    
1.94992    
0.51339    
0.27805    
0.25305    
0.73210    
1.20129    
0.53565    
1.02172    
0.76165    
1.44146    
1.48048    
0.50304    
-0.65103    
0.75885    
0.51331    
1.50151    
1.00657    
1.49241    
1.96419    
0.26459    
0.52282    
0.50040    
0.75738    
0.00596    
-0.42443    
0.54419    
0.74536    
0.47676    
0.96804    
0.26772    
1.01404    
1.47858    
1.66664    
0.25032    
0.48277    
0.74142    
0.23352    
-0.43288    
0.72777    
1.74500    
-0.43629    
0.99205    
0.74877    
0.28434    
0.72059    
1.97633    
1.47163    
0.49031    
0.48754    
-0.50144    
0.29844    
0.74019    
1.75971    
0.50599    
0.27543    
-0.21064    
1.67171    
-0.21502    
0.05524    
-0.45798    
0.73249    
0.29991    
0.00400    
1.68794    
0.25144    
1.20802    
-0.50521    
1.21690    
1.47520    
0.02905    
0.47233    
-0.71512    
-0.43727    
0.53041    
0.99614    
0.72561    
0.48476    
0.79238    
0.27991    
0.24813    
0.48599    
0.55083    
1.18697    
0.51663    
0.75507    
-0.22612    
0.78169    
1.68948    
0.70088    
1.44100    
0.78594    
0.27942    
0.97537    
0.78434    
1.01703    
1.24721    
0.75301    
-0.41892    
0.53764    
-0.20652    
0.55293    
0.93935    
0.02799    
0.50145    
0.75189    
0.00760    
0.76928    
0.99793    
0.44865    
0.02480    
0.75472    
0.69250    
0.49854    
0.53952    
1.18224    
1.19581    
0.99253    
-0.38503    
1.48573    
1.23890    
1.21414    
1.03306    
1.69998    
0.97493    
0.47785    
1.21092    
-0.96501    
1.53728    
1.00900    
0.00909    
0.52719    
-0.19186    
-0.96193    
-0.21609    
0.53489    
0.73507    
0.48247    
1.98142    
0.51918    
0.98404    
0.98137    
1.69264    
0.25195    
1.42469    
0.99915    
0.27761    
0.00767    
-0.42647    
0.29098    
1.72431    
1.70795    
0.72075    
1.49978    
0.99665    
-0.45098    
-0.66571    
1.00339    
1.23421    
0.51436    
0.50133    
-1.17732    
0.05470    
1.22936    
0.26984    
0.47986    
0.95103    
0.54289    
0.77248    
0.73230    
0.30702    
-0.18918    
0.06439    
-0.01877    
0.23802    
1.28244    
0.00724    
-0.19074    
0.25752    
0.25771    
0.54517    
2.45505    
0.49965    
1.04088    
-0.25352    
1.68513    
0.76143    
0.00397    
0.97775    
1.00051    
0.28615    
1.51087    
0.71818    
0.29311    
1.48084    
0.03860    
-0.00378    
0.73908    
-0.48384    
0.06011    
1.27655    
0.47715    
1.69053    
0.04819    
1.51165    
1.43580    
1.45024    
1.01492    
0.24836    
1.04006    
0.44741    
-0.18300    
0.25247    
0.05060    
1.25131    
-0.46148    
1.46382    
0.72205    
0.72932    
1.42145    
1.47269    
0.94607    
0.28196    
0.76385    
1.20158    
-0.49705    
1.46267    
1.45794    
1.21868    
0.80800    
2.45485    
2.17867    
0.72505    
-0.39899    
0.98920    
0.01567    
0.53258    
0.51966    
0.00708    
-0.17493    
0.20065    
0.73537    
1.03616    
0.75131    
0.74503    
0.01914    
0.27558    
1.94498    
0.27292    
0.77468    
0.72937    
0.74017    
0.29179    
-0.01647    
0.27990    
0.76249    
0.50635    
1.92726    
1.22928    
0.98191    
0.74927    
0.26926    
0.24899    
0.49458    
-0.21506    
-0.18137    
0.52059    
-0.75375    
0.75709    
0.25556    
0.98122    
-0.00093    
1.46571    
-0.23466    
0.28730    
0.95536    
0.27421    
0.75853    
1.46053    
0.76468    
0.28292    
1.27104    
0.99653    
2.43891    
1.00942    
0.27434    
0.31804    
0.50225    
-0.02321    
1.69142    
1.94629    
0.06979    
1.72528    
1.19510    
0.77967    
0.75387    
-0.00681    
0.29047    
0.47946    
0.23671    
-0.23938    
0.24347    
0.51916    
0.50059    
1.24731    
0.45901    
0.29986    
1.01009    
-0.41616    
1.02901    
1.00331    
0.51430    
0.29744    
1.25400    
1.19797    
0.74758    
1.50499    
0.74640    
0.69496    
1.23991    
1.69219    
0.52398    
1.49624    
1.46384    
-0.01361    
0.96384    
-0.20918    
0.22429    
1.23643    
1.26601    
-0.23607    
0.24114    
-0.24912    
1.03149    
1.24005    
1.25692    
0.46779    
0.27440    
0.29966    
-0.23780    
0.69302    
-0.00741    
0.25117    
1.45990    
0.47115    
0.75558    
0.77180    
0.50533    
0.28061    
0.77945    
-0.43426    
0.78246    
0.98904    
1.47583    
1.68311    
0.75189    
0.74026    
0.04833    
0.72651    
0.70303    
0.50265    
0.75626    
1.22694    
0.75497    
1.45198    
0.72246    
0.00589    
0.99612    
0.51905    
-0.42501    
1.22293    
0.96856    
1.19503    
1.92836    
1.24039    
1.71038    
0.49843    
0.47019    
1.21850    
0.27687    
0.99755    
0.06374    
1.19598    
0.05048    
0.71710    
1.70910    
1.70421    
1.48636    
0.27574    
1.68120    
0.24935    
0.23113    
-0.01984    
0.30351    
0.73637    
1.70097    
-0.64009    
0.51387    
0.51206    
0.25510    
0.28403    
0.51452    
0.49834    
1.18506    
1.26652    
1.70216    
0.76634    
0.74097    
0.53218    
1.26459    
0.03089    
0.00687    
0.29681    
1.23274    
1.22679    
0.55647    
0.50001    
1.44980    
0.96195    
0.04099    
1.43479    
0.96937    
0.50955    
0.01203    
0.04831    
0.52230    
0.70749    
0.28140    
0.26107    
1.22949    
-0.46312    
0.66161    
-0.98876    
0.51793    
0.98576    
0.99190    
1.24582    
-0.68993    
0.53432    
0.01864    
-0.18151    
1.05257    
1.24637    
1.47473    
1.23152    
1.69431    
1.49538    
0.50184    
0.45365    
1.20663    
-0.27486    
-0.47548    
0.98358    
0.01522    
0.50580    
0.26521    
-0.16956    
2.72405    
0.26253    
0.70856    
-0.23180    
-0.24476    
0.98013    
1.25986    
1.94789    
0.24658    
-0.24204    
0.52611    
1.23505    
1.23723    
0.99730    
0.05396    
0.99722    
0.73466    
0.21815    
0.74449    
0.53692    
0.48807    
-1.16970    
-0.19577    
0.27567    
-0.19693    
0.48462    
-0.20643    
2.21225    
1.48173    
0.71151    
0.98471    
0.25198    
0.71814    
1.47306    
0.70985    
1.02067    
-0.42424    
0.99742    
0.04566    
0.99901    
0.00716    
0.74781    
1.46139    
0.01780    
0.73409    
1.48349    
0.69000    
-0.17449    
1.44392    
0.50004    
0.97824    
0.75534    
0.22486    
1.25403    
1.22533    
0.00475    
0.00813    
1.88231    
1.20399    
1.22920    
0.26973    
0.97570    
0.98348    
0.30622    
0.03297    
-0.20448    
0.71915    
-0.25412    
0.55777    
0.53013    
0.50778    
0.73575    
0.76126    
0.77351    
0.76764    
0.54880    
0.04812    
1.47226    
0.28006    
1.94634    
0.52272    
0.22642    
0.49513    
1.50421    
0.78793    
0.24697    
-0.21250    
-0.18536    
-0.67600    
1.70985    
1.45242    
0.26617    
-0.25139    
0.49124    
0.50213    
0.78855    
1.45147    
0.26570    
0.06926    
0.72948    
-0.41839    
0.49742    
0.06600    
0.26298    
1.51424    
1.25575    
0.73164    
0.76457    
0.71227    
0.52175    
1.71695    
0.24462    
0.27219    
1.06218    
0.79912    
1.00467    
1.97053    
0.74061    
0.25842    
0.25010    
0.31265    
0.72472    
0.72603    
0.97058    
-0.47767    
-0.46313    
1.48415    
0.95712    
-0.71150    
1.03607    
1.24560    
1.47136    
0.99138    
-0.24206    
0.50790    
1.22074    
0.73921    
-0.48601    
1.02696    
-0.47254    
0.72974    
-0.70450    
1.20793    
0.51129    
2.64008    
1.71605    
0.26172    
-0.21404    
-0.23075    
1.43840    
-0.45419    
0.75969    
0.77207    
0.24417    
0.24950    
0.68901    
0.50669    
0.76668    
-0.20795    
1.00803    
0.01357    
1.48929    
1.00237    
0.98707    
0.30352    
-0.92799    
0.77046    
1.00066    
0.78889    
0.28406    
0.25260    
0.26575    
0.99273    
0.29155    
-0.68211    
0.22161    
0.50786    
1.69904    
0.76770    
0.54999    
0.53174    
0.99866    
0.94215    
0.97197    
0.79612    
0.50035    
-0.00612    
0.50758    
0.20606    
1.40206    
0.75751    
0.76688    
0.73434    
0.52807    
0.27274    
0.51050    
0.03268    
0.95765    
0.72943    
0.29477    
1.42890    
0.26117    
1.21606    
0.99485    
1.03542    
1.23309    
0.99416    
0.30099    
0.71484    
0.74428    
1.20197    
-0.48913    
1.27337    
0.04978    
0.77610    
0.67405    
1.00253    
0.51188    
0.98119    
1.23606    
1.47408    
0.98195    
2.41162    
1.21925    
0.55265    
0.31905    
-0.22060    
0.76305    
1.22288    
0.71220    
0.53797    
0.29164    
1.46791    
1.00792    
1.02580    
0.48321    
0.28245    
0.71041    
1.69359    
0.29661    
0.49687    
0.28010    
0.23262    
0.02739    
0.97655    
-0.73760    
-0.00678    
-1.22442    
-0.95150    
0.97621    
0.56465    
1.21296    
0.69975    
0.27457    
1.44789    
0.50377    
1.95865    
0.50721    
2.41655    
0.97737    
1.46836    
0.97787    
1.72252    
0.02615    
1.71077    
0.23033    
0.72930    
1.21667    
0.96793    
1.29426    
0.27795    
0.53639    
-0.19668    
-0.19256    
1.47591    
0.52099    
0.33157    
-0.20739    
1.53364    
1.21233    
0.70444    
-0.00012    
1.45799    
1.50763    
-0.69026    
-0.15439    
0.97002    
-0.42468    
1.00973    
1.22382    
-0.43656    
0.26055    
1.45438    
0.20278    
1.02699    
1.01255    
0.75180    
1.40381    
0.73941    
0.97952    
-0.00265    
0.49711    
1.97093    
0.29706    
0.97428    
-0.22111    
1.48764    
0.24542    
0.97274    
-0.20892    
0.70884    
0.51865    
-0.17145    
1.46099    
0.04106    
0.97060    
1.19899    
0.49588    
0.03927    
-0.92349    
1.45853    
0.96076    
1.20598    
0.26502    
0.73074    
0.72383    
0.47539    
0.00619    
1.71699    
-0.45649    
0.47975    
0.99723    
0.50644    
1.18284    
0.27631    
1.22450    
1.46378    
1.45817    
-1.18224    
0.73869    
-0.00691    
0.48809    
-0.01164    
0.25756    
0.03686    
1.01397    
0.00123    
0.79454    
1.19529    
0.72124    
0.48588    
0.75418    
0.95752    
0.76060    
0.49704    
0.75687    
1.22782    
0.01956    
0.01583    
0.52956    
1.01754    
0.49987    
-0.45694    
0.03246    
1.70940    
-0.04679    
-0.19564    
1.52235    
1.98317    
0.22366    
1.47002    
0.78129    
0.50297    
1.23856    
-0.46299    
0.49743    
1.47344    
0.53636    
1.26710    
0.45858    
0.76685    
0.51533    
1.96695    
0.51730    
0.23799    
1.23717    
1.20435    
1.50248    
0.51178    
1.24619    
0.98921    
0.97310    
0.24727    
0.98113    
0.75133    
0.21520    
2.00692    
1.23412    
1.00478    
0.76505    
1.45643    
0.48125    
0.75625    
-0.22664    
1.69743    
1.17593    
0.26827    
0.76165    
1.27765    
-0.23909    
1.71263    
0.22907    
0.76086    
1.19030    
1.71880    
0.31360    
0.25446    
0.77297    
-0.69044    
1.46625    
-0.21030    
0.72239    
0.31217    
0.95241    
1.94212    
0.98858    
1.22763    
0.51938    
1.00917    
-0.21115    
0.76816    
1.72125    
0.29907    
-0.22633    
0.26016    
0.94479    
1.00853    
0.47976    
0.52843    
0.53195    
0.78457    
1.00641    
2.17841    
2.22079    
0.99499    
0.01839    
0.49409    
0.98605    
0.74419    
0.28334    
0.26001    
1.20943    
1.22255    
1.01683    
1.19158    
1.21128    
1.22529    
0.26121    
0.25968    
1.21096    
0.20837    
0.08095    
-0.94692    
0.55424    
-0.48761    
0.47660    
0.08651    
0.98694    
0.30270    
1.22383    
0.98018    
0.25555    
2.16491    
0.70797    
-0.41125    
1.44217    
0.97338    
0.96923    
0.48444    
0.47016    
-0.21363    
1.46880    
0.77074    
0.21527    
0.25397    
0.48267    
1.00836    
-0.46153    
0.50623    
0.27828    
1.19251    
0.24789    
0.26359    
0.03558    
1.72084    
0.74439    
0.97535    
1.48305    
0.51376    
0.54341    
0.50820    
1.25598    
0.98845    
-0.88851    
0.25061    
1.70842    
0.97605    
0.49277    
0.48661    
1.75046    
1.02065    
0.01655    
0.50954    
0.21132    
0.29617    
1.27276    
-0.23090    
0.48721    
0.00485    
0.26392    
1.25135    
0.75371    
0.01583    
0.47810    
-0.17848    
-0.67132    
1.15527    
1.65322    
1.45350    
0.53249    
1.49667    
1.71888    
0.73427    
1.19843    
1.23029    
1.02129    
0.77667    
0.52584    
0.97860    
0.98485    
1.02252    
0.73117    
0.70554    
0.54153    
0.00351    
1.22984    
0.99357    
-1.15843    
1.23787    
-0.20190    
2.17871    
1.44904    
0.99129    
1.48032    
0.29120    
1.23295    
1.19715    
1.43908    
0.46624    
-0.01684    
1.02789    
0.96376    
0.32448    
0.01193    
1.71538    
0.48177    
0.95883    
-0.19918    
1.27484    
0.53126    
1.71857    
-0.45762    
0.69781    
0.52108    
0.28996    
0.53923    
0.52326    
1.67528    
1.46113    
0.02449    
0.05294    
0.24720    
0.26720    
-0.22109    
0.25210    
-0.43222    
0.22981    
0.27918    
1.18746    
0.99127    
0.46239    
0.76700    
0.74932    
0.20859    
0.48455    
1.43957    
0.00331    
1.46056    
0.79657    
1.47229    
1.18347    
1.73549    
0.74812    
0.24820    
0.25358    
1.48983    
0.03127    
1.90632    
1.00979    
-0.24369    
1.47556    
1.22377    
1.25538    
1.01514    
0.98016    
0.73485    
-0.42094    
1.50011    
1.49645    
0.33243    
1.20432    
0.25299    
1.23751    
1.66209    
-0.19908    
0.72750    
0.74558    
0.50098    
2.19883    
0.73187    
2.17503    
1.22969    
-0.21053    
0.51837    
0.97413    
1.48905    
0.75515    
1.01322    
1.25521    
0.96627    
0.74604    
1.73717    
1.25616    
0.50776    
-1.85400    
0.53089    
1.22695    
0.30149    
0.49726    
1.47818    
0.75019    
1.46375    
0.02981    
2.19254    
0.52274    
0.49647    
0.75147    
-0.17642    
-0.25407    
0.00976    
-0.19341    
1.25242    
0.50716    
0.24484    
0.03203    
-0.19968    
0.52145    
0.50641    
0.46514    
1.18586    
1.21335    
0.03774    
0.05061    
0.50883    
1.20906    
0.73670    
0.26546    
1.48896    
0.97829    
-0.43110    
1.25285    
-0.20794    
0.74774    
-0.21051    
0.49901    
-0.20318    
0.72502    
0.51251    
1.42847    
1.00995    
1.47107    
0.99343    
1.71473    
1.94144    
0.99120    
1.22077    
-0.21468    
0.54878    
-0.00906    
-0.69764    
0.50250    
-0.71690    
0.51076    
0.76765    
0.99157    
0.48574    
-0.22397    
1.98759    
2.23374    
1.92816    
0.76245    
0.01602    
0.29260    
0.03378    
0.48550    
0.51413    
1.22912    
1.43121    
0.50590    
0.76604    
0.49249    
0.23726    
-1.21460    
0.26291    
0.75949    
0.99580    
0.02570    
0.46913    
1.43410    
2.17783    
0.27349    
0.78461    
0.76635    
1.43552    
1.69644    
0.97378    
0.72943    
1.01548    
0.98702    
0.51048    
-0.73785    
-0.00071    
0.47485    
0.49329    
1.22500    
-0.25089    
0.27311    
0.26707    
-0.21989    
0.97604    
0.79094    
0.76098    
1.00644    
1.98206    
-0.14871    
1.49995    
0.26202    
0.74045    
1.21784    
0.26641    
0.30168    
1.47407    
0.96071    
0.74306    
0.00581    
1.01182    
1.95302    
1.43464    
0.28853    
1.45726    
1.00065    
1.02611    
-0.22366    
0.26601    
0.98878    
1.46586    
0.23853    
0.98236    
0.51830    
-0.43223    
3.12361    
-0.39319    
0.75303    
0.45746    
0.75388    
0.49873    
0.06440    
0.25619    
0.50122    
-0.22873    
1.19643    
0.95609    
0.77158    
2.60608    
1.23292    
0.27853    
1.26903    
0.02628    
0.74648    
0.76572    
0.49282    
1.22547    
0.52864    
0.70043    
1.52157    
0.54121    
1.72446    
0.05760    
1.46484    
0.98566    
0.31007    
-0.20156    
1.00200    
0.26767    
0.47898    
1.21525    
0.50046    
0.48792    
1.22116    
0.50773    
0.72736    
0.77700    
1.96228    
0.72079    
0.77197    
-0.18371    
0.22906    
1.26035    
1.25868    
1.51727    
0.54900    
0.46652    
0.99439    
1.68082    
0.73487    
0.00999    
1.01203    
0.51679    
0.51223    
0.99367    
0.10211    
0.98601    
1.24885    
0.07184    
-0.21405    
-0.45373    
0.26792    
0.51107    
1.69123    
1.00398    
1.19879    
-0.46087    
0.22057    
0.49203    
0.78256    
0.24882    
0.74120    
0.98375    
0.04011    
0.98891    
0.04742    
0.99666    
1.47146    
0.23093    
1.93025    
1.40276    
0.77126    
0.23749    
0.72133    
1.28253    
1.22851    
0.97842    
0.25812    
-0.20555    
0.30895    
2.44904    
0.30214    
0.30183    
0.06412    
-0.44238    
0.74563    
0.05135    
-0.21925    
1.28496    
-0.74365    
0.75577    
1.95855    
0.23294    
1.24527    
0.72520    
1.46685    
-0.24029    
0.98627    
1.49106    
0.74325    
-0.24041    
0.78934    
1.03006    
0.49523    
-0.65800    
-0.50392    
0.28424    
1.22704    
1.24070    
0.48957    
0.74525    
0.26261    
-0.21945    
1.22968    
-0.20600    
0.04355    
1.73012    
-0.75799    
0.02602    
2.24596    
0.08163    
-0.23572    
-0.69830    
0.50440    
0.98383    
1.69833    
-0.19732    
-0.77889    
-0.19795    
0.95709    
1.43961    
-0.73254    
0.25127    
0.30049    
-0.18756    
-0.44254    
-0.45300    
0.05250    
0.45346    
0.52416    
0.00700    
0.48722    
0.77820    
0.50898    
0.75195    
2.21444    
1.00682    
0.03532    
1.93878    
1.00366    
0.72511    
0.02318    
1.42750    
1.51431    
0.98501    
1.45684    
0.28633    
-0.00244    
0.03989    
1.50302    
0.02133    
-0.17853    
0.77461    
0.00338    
0.72823    
1.47362    
1.00429    
1.45237    
-0.20831    
1.48257    
-0.03647    
-0.40557    
0.54609    
0.54209    
1.25737    
1.48342    
0.52685    
1.51900    
0.01594    
0.02744    
-0.48647    
-0.72661    
0.78003    
0.73232    
0.75936    
0.97870    
1.21472    
0.27839    
0.99888    
-0.46981    
0.76059    
1.49471    
1.20856    
0.28257    
-0.70234    
0.49248    
0.52173    
-1.21659    
-0.43414    
1.23853    
-0.00277    
0.98065    
0.98316    
0.29966    
-0.48612    
1.19586    
0.73253    
0.22661    
0.77173    
1.02406    
0.47985    
0.00646    
0.29714    
0.96369    
0.71514    
0.52066    
0.27753    
0.74471    
0.24989    
0.50552    
0.52213    
0.47163    
0.50819    
0.27175    
0.51538    
0.51294    
0.50429    
0.02579    
0.98408    
1.48341    
0.52688    
0.00454    
-0.00697    
0.54461    
0.74939    
1.41616    
0.96840    
0.52265    
0.52525    
0.75384    
-0.70522    
1.28062    
1.23027    
0.99059    
0.51210    
-0.38732    
0.74106    
0.50647    
0.75503    
0.01117    
2.47644    
0.99357    
0.31424    
0.50606    
1.24469    
-0.43383    
0.48947    
0.76072    
1.42221    
0.97305    
1.73664    
0.25540    
0.55772    
1.03491    
0.73409    
0.51723    
1.00831    
0.75474    
0.99707    
0.00227    
1.46317    
1.23522    
1.96322    
0.21593    
1.47082    
0.53940    
-0.24627    
1.17491    
1.92856    
1.00708    
1.02041    
1.27183    
0.70523    
1.27707    
0.24351    
0.97779    
-0.18571    
1.00376    
0.32099    
1.01580    
1.24405    
2.69729    
0.49371    
1.73681    
0.47866    
0.00118    
-0.73862    
0.24202    
0.50648    
0.29775    
0.01345    
-0.21824    
1.26194    
1.26013    
1.73053    
0.97785    
0.04107    
0.69012    
1.00629    
1.72250    
-0.01663    
0.47525    
0.73767    
0.79015    
1.01644    
1.00524    
-0.22719    
0.50752    
1.73017    
0.96089    
1.51737    
0.49627    
1.49051    
1.02845    
0.24134    
0.27269    
-0.01045    
-0.45292    
-0.22081    
1.47718    
0.96596    
2.18797    
0.49395    
0.03829    
1.25931    
-0.00122    
1.03849    
-0.47647    
0.79665    
2.17317    
0.30294    
0.75513    
-0.89839    
0.01285    
0.75121    
0.25608    
0.20741    
-0.48788    
0.69544    
1.20403    
0.96450    
1.23581    
-0.24642    
0.75929    
-0.16890    
0.28171    
0.74699    
0.00966    
0.26501    
-0.17840    
1.22302    
2.22217    
0.56208    
0.23768    
-0.25106    
0.71114    
0.98093    
1.47688    
0.74085    
2.42666    
0.49726    
-0.01591    
0.01365    
0.73969    
1.92058    
0.51441    
0.96695    
1.18518    
1.19489    
0.79988    
1.47717    
0.99246    
-1.43582    
1.01008    
0.98155    
0.27241    
0.25339    
-0.18259    
0.76485    
0.99901    
1.21371    
0.05347    
-0.44063    
1.44990    
0.95908    
0.98238    
0.00265    
0.96024    
-0.19367    
0.27237    
1.25844    
-0.43467    
0.29496    
1.01508    
0.25286    
0.50280    
0.01458    
1.23902    
1.24609    
0.52455    
1.40221    
0.99575    
0.44771    
1.04125    
1.45404    
0.98092    
1.22583    
0.04009    
0.96178    
0.70743    
1.44186    
2.18837    
0.73257    
1.94649    
-0.45858    
0.05618    
0.99243    
0.52010    
0.73387    
-0.25525    
1.25972    
0.54498    
0.29357    
0.46298    
1.68707    
0.98353    
0.04047    
0.23577    
0.76870    
0.51003    
0.76139    
0.09008    
0.98713    
0.51591    
0.02009    
-0.00823    
0.47496    
0.75907    
0.02503    
0.94959    
0.49466    
-0.24211    
-0.22308    
0.77300    
-0.23399    
-0.71065    
1.47050    
1.23101    
1.22221    
0.99917    
1.26000    
2.45448    
1.26806    
0.48481    
0.96423    
1.92243    
0.54526    
0.97827    
1.23236    
1.27274    
0.72874    
1.47203    
1.50322    
0.52731    
0.73353    
1.51603    
2.17996    
0.03357    
0.23799    
0.50423    
0.51697    
0.28613    
1.20992    
0.96064    
0.72627    
0.72635    
1.21479    
1.19817    
0.77786    
0.27771    
0.99737    
0.99026    
0.48374    
-0.19813    
1.25257    
0.51413    
1.23027    
-0.17090    
2.19588    
0.27444    
1.44296    
1.19362    
-0.21131    
0.72671    
0.75125    
0.76900    
1.49793    
1.68128    
0.28340    
1.27523    
1.02203    
0.52270    
0.32474    
0.06249    
0.25491    
-0.42197    
1.02883    
0.23001    
0.81072    
0.78983    
0.50697    
0.50588    
1.46827    
0.25047    
0.50354    
0.78192    
0.02194    
1.45262    
1.96773    
2.00030    
0.73282    
1.22948    
0.29410    
-0.95926    
-0.70077    
-1.17609    
0.76563    
-0.69603    
1.23605    
-0.67908    
0.03219    
0.68770    
-0.23283    
0.02378    
1.22693    
0.30132    
0.50595    
1.24458    
1.24527    
-0.46213    
-0.00004    
0.70429    
-0.01615    
0.50424    
2.43556    
2.19437    
1.21023    
1.75201    
1.25170    
0.97100    
1.24043    
0.48799    
1.76695    
0.52742    
0.25334    
1.69621    
-0.43561    
0.70738    
1.45211    
0.26332    
0.26567    
1.46612    
0.30840    
1.97350    
0.51224    
1.21530    
0.22857    
0.69295    
0.99073    
0.93819    
1.48362    
2.67311    
0.04002    
0.98795    
0.70965    
0.72194    
0.71995    
0.76367    
0.31776    
1.24808    
0.69283    
-0.92639    
-0.23133    
0.05134    
0.77864    
-0.70348    
1.21537    
-0.21622    
1.69977    
-0.42335    
0.96360    
1.23321    
1.69880    
0.98187    
0.97872    
0.77358    
0.74290    
0.76030    
0.71101    
0.05194    
1.70264    
0.01463    
-0.22129    
1.45739    
1.49465    
-0.18972    
0.75484    
1.47961    
1.72806    
0.03634    
0.03083    
0.50239    
1.26874    
0.77574    
0.49539    
1.00523    
0.01212    
0.78436    
1.69274    
0.27218    
0.27851    
0.76324    
0.25173    
1.47082    
0.51391    
1.23435    
0.31007    
1.24446    
1.01730    
0.72124    
1.00315    
-0.17879    
1.51136    
1.03206    
-0.44200    
-0.18546    
0.25683    
1.22655    
-0.93129    
0.73850    
1.03785    
-0.20641    
0.48015    
-0.42445    
0.54453    
2.17725    
0.32511    
1.21098    
0.28801    
-0.23680    
1.73455    
-0.22545    
0.26730    
1.01265    
0.27210    
0.53876    
-0.20158    
0.75492    
0.74526    
0.79055    
1.03865    
0.75417    
0.79221    
0.97451    
1.27854    
0.47131    
0.70202    
0.75478    
0.01415    
1.95146    
-0.22242    
0.73194    
0.97729    
0.52603    
-0.17774    
0.70639    
0.75520    
0.73889    
1.22999    
0.50396    
1.23353    
0.25134    
-0.19292    
0.20382    
1.21783    
0.69634    
1.71535    
1.47370    
0.76437    
1.00290    
0.05641    
1.47415    
2.18580    
0.28512    
0.76211    
-0.30198    
0.97257    
-0.70398    
1.46131    
0.78583    
0.95096    
0.28435    
-0.41808    
0.02516    
0.50704    
-0.18716    
0.79649    
1.23039    
1.46519    
1.49141    
0.50702    
0.24575    
0.97412    
0.54464    
-0.93460    
1.50387    
0.49721    
1.22094    
0.50746    
0.76190    
0.04136    
0.02138    
0.29705    
0.53368    
0.76753    
1.20202    
1.94423    
1.97980    
0.96748    
0.29045    
-0.18127    
0.30976    
-0.02181    
0.77079    
0.50172    
0.52146    
-0.20701    
0.26785    
2.19413    
0.27313    
1.71785    
1.23318    
-0.22343    
0.77457    
0.96709    
0.51435    
1.24139    
0.54483    
0.77733    
1.47375    
0.54749    
1.26553    
0.97517    
0.53353    
0.52866    
0.95908    
0.77219    
0.23499    
1.02466    
0.54130    
0.23376    
0.74952    
1.39826    
1.45125    
-0.21918    
0.94912    
0.49195    
0.99991    
0.74821    
1.94647    
-0.22062    
1.48020    
0.74462    
0.69243    
0.27462    
0.26679    
-0.23372    
-0.22652    
0.28123    
-0.20036    
0.76468    
-0.20273    
1.24139    
1.48675    
0.99419    
1.71760    
0.70396    
0.96244    
-0.21883    
0.01719    
1.28258    
0.75981    
0.72080    
-0.70486    
0.96474    
1.50427    
0.51796    
-0.20381    
0.72082    
0.49010    
0.76024    
0.79674    
0.72381    
-0.24568    
0.49657    
0.75546    
0.00835    
0.01106    
0.98751    
0.98930    
-0.43253    
0.75233    
0.75743    
-0.19120    
0.72614    
0.29302    
0.47393    
0.26242    
0.23134    
0.75736    
0.04378    
0.25883    
0.02956    
1.96688    
-0.21434    
1.45471    
0.98095    
0.28036    
1.01219    
0.42937    
0.77185    
-0.68330    
-0.70552    
-0.70746    
0.74455    
-0.45106    
-0.21165    
1.72176    
0.72501    
0.75874    
0.99452    
0.96855    
0.77509    
1.48353    
0.51723    
0.73921    
0.07195    
1.71792    
-0.22672    
-0.48666    
1.16418    
0.97798    
1.19017    
0.05001    
1.01387    
0.02279    
0.24461    
1.45976    
1.67764    
0.49066    
0.29840    
1.45489    
1.25465    
0.55216    
0.01942    
-0.16488    
-0.46855    
0.53046    
-0.18052    
0.99663    
-0.01481    
-0.45533    
0.57131    
-0.67945    
-0.22547    
1.69412    
0.45681    
0.26928    
1.93800    
-0.43657    
0.05349    
0.50682    
0.97458    
-0.23681    
0.73465    
-0.49261    
0.26833    
0.72952    
0.76139    
0.28035    
-0.48706    
0.99500    
0.77165    
0.75097    
0.77344    
0.74168    
0.01371    
1.69886    
1.00371    
0.25114    
1.20747    
0.03022    
0.01915    
0.97670    
-0.68929    
0.71368    
0.21564    
0.27293    
1.24138    
1.46178    
-0.02283    
1.47205    
0.76414    
0.96844    
0.99952    
0.48738    
0.24598    
1.72362    
0.27399    
-0.26834    
0.99914    
0.26534    
-0.42677    
0.93969    
0.96533    
1.18072    
0.03106    
-0.44202    
-0.23048    
0.98748    
1.46505    
1.47646    
0.75074    
1.00231    
0.95801    
0.94219    
-0.18614    
0.95503    
-0.24997    
-0.22718    
-0.44268    
0.70724    
1.46221    
-0.24361    
1.95215    
0.48999    
0.79365    
1.21296    
0.96350    
0.48595    
1.24969    
1.24362    
-0.47040    
-0.22765    
1.22577    
1.21264    
0.00928    
1.92265    
0.03648    
1.01512    
0.72893    
0.27622    
1.21922    
0.02272    
0.48339    
0.26717    
0.99867    
0.99309    
0.72839    
1.46207    
0.28905    
1.47971    
1.66414    
0.28510    
1.24881    
1.00005    
1.20516    
1.01348    
0.27844    
1.44455    
0.00080    
0.98473    
1.45502    
0.54369    
0.74927    
0.48226    
0.27262    
0.55032    
0.01245    
-0.68808    
-0.00836    
0.53965    
1.01390    
0.48574    
1.01088    
-0.24322    
1.74212    
0.02528    
0.97063    
0.77008    
1.19283    
0.74385    
0.03394    
1.51523    
0.98339    
0.74870    
1.25611    
-0.19459    
-0.43931    
0.76991    
-0.89278    
-0.42876    
1.47394    
0.26355    
1.50206    
0.24470    
0.23799    
2.40217    
-0.42948    
1.91854    
0.95913    
0.48855    
-0.20314    
0.00560    
1.99574    
1.20979    
0.73146    
0.72538    
0.22663    
0.75038    
0.51274    
-0.44358    
-0.21571    
1.95940    
0.47707    
1.22059    
0.74411    
1.46724    
0.26333    
-0.39512    
0.75210    
0.49848    
1.46026    
1.93943    
0.98682    
0.71795    
0.48177    
0.28278    
-0.17159    
0.49993    
0.96585    
1.46222    
1.48431    
1.46773    
-0.67318    
0.02824    
0.72423    
0.77029    
0.47741    
1.68021    
0.53254    
0.25271    
-0.18568    
0.01037    
-0.19069    
0.27333    
0.97837    
0.76036    
-0.45590    
-0.23586    
-0.22043    
0.51711    
0.47564    
1.49109    
1.19590    
0.00480    
0.20312    
1.23742    
0.25764    
0.74086    
0.71135    
1.46236    
-0.18973    
1.71607    
2.44982    
0.06407    
1.95794    
-0.47148    
0.05449    
0.01194    
-0.45892    
0.95248    
0.31515    
1.27792    
0.48171    
-0.25033    
1.22554    
0.50494    
-0.20177    
0.74085    
0.28630    
1.00788    
0.52176    
0.70996    
0.49138    
0.24577    
0.75964    
0.52138    
1.25206    
-0.71322    
1.52171    
1.00038    
0.01142    
0.51571    
1.68958    
2.17905    
0.57085    
-0.18784    
0.03481    
0.03475    
-0.72268    
0.79046    
1.47505    
0.98160    
1.46018    
0.26284    
0.30093    
0.74362    
0.52475    
1.45201    
0.28424    
0.23863    
-0.49798    
0.49833    
1.47229    
0.50447    
0.79032    
1.98168    
1.24629    
-0.46060    
0.73741    
-0.01747    
1.24394    
0.06332    
-0.22290    
1.45291    
0.24872    
0.92321    
0.04954    
-0.18998    
0.49687    
0.53511    
0.27971    
1.47410    
0.50482    
0.22094    
0.03330    
0.78016    
1.27137    
0.96880    
-0.20623    
0.51706    
-0.16379    
0.73165    
0.46224    
1.21256    
1.95777    
0.25934    
0.54886    
1.25233    
1.52652    
0.23986    
-0.67628    
1.49317    
0.49357    
2.21064    
-0.18697    
1.46534    
0.76316    
0.05154    
0.00377    
1.71201    
-0.66552    
1.71385    
1.95350    
0.98150    
0.77931    
0.78669    
0.99462    
0.75393    
0.00845    
0.74722    
1.22514    
0.24496    
-0.97497    
2.69332    
-0.23488    
1.69135    
0.53102    
1.02140    
0.79613    
-0.19436    
0.03334    
-0.00937    
1.18457    
0.99177    
1.21203    
-0.69044    
0.26176    
0.76225    
0.26413    
0.48865    
0.20560    
1.93085    
0.29599    
0.01479    
0.75886    
1.20746    
-0.92172    
0.99366    
-0.46874    
0.99758    
-0.21236    
0.24382    
-0.46511    
0.78072    
0.71974    
1.22496    
-0.18548    
0.27555    
0.49422    
0.51655    
1.00071    
0.78479    
1.69624    
1.00989    
0.69421    
0.27130    
0.52463    
1.00679    
-0.17334    
1.46945    
0.23993    
0.75191    
0.51885    
0.00544    
0.96829    
0.02055    
0.30540    
0.49013    
0.27477    
0.29064    
1.24130    
1.20646    
0.23797    
1.26426    
0.72667    
0.50526    
0.24466    
0.96764    
0.73918    
0.96053    
-0.68353    
0.02355    
0.01260    
1.45223    
0.52888    
0.76126    
0.97306    
-0.19990    
-0.22445    
1.49222    
1.25172    
-0.47284    
1.49764    
-0.71075    
0.49861    
-0.21304    
0.27479    
0.51252    
0.74174    
0.71955    
1.45030    
1.00478    
0.49831    
0.24948    
1.46787    
1.95472    
0.52634    
1.71467    
1.46408    
0.97386    
1.48107    
0.26421    
0.49142    
0.49209    
-0.48353    
2.44185    
1.03780    
1.26368    
-0.21820    
1.00299    
-0.00743    
0.47597    
1.27189    
1.97305    
0.53157    
2.00563    
0.71610    
0.29032    
1.26347    
0.02510    
1.47445    
1.20675    
0.03797    
0.77778    
0.27250    
-0.96309    
0.28739    
1.24115    
0.03940    
0.48896    
1.24610    
0.50974    
0.76552    
0.74932    
1.00652    
0.74837    
0.24716    
1.43882    
0.73702    
1.50189    
0.26903    
-0.00482    
1.69930    
0.00585    
0.30755    
0.30395    
1.47012    
0.97614    
1.01043    
-0.00242    
1.00076    
0.52795    
0.74722    
0.00211    
0.56658    
0.46848    
-0.21643    
0.01706    
0.74068    
1.25366    
0.56462    
0.54114    
0.03115    
1.95225    
1.23785    
0.75704    
0.51732    
0.00777    
0.25284    
-0.23492    
0.29693    
0.27265    
-0.94609    
1.70560    
1.01969    
1.00014    
1.28691    
0.53948    
0.25960    
0.46727    
1.71591    
0.72049    
0.97380    
0.24530    
0.02013    
1.46871    
0.72742    
0.25354    
1.20920    
-1.41819    
1.70278    
1.27155    
1.26916    
1.22186    
0.00847    
1.69371    
-0.17667    
0.48781    
0.97218    
0.74108    
-0.43429    
1.23526    
1.21432    
0.75982    
1.46684    
1.21477    
0.02916    
0.30994    
1.95518    
-0.45253    
1.25259    
0.02728    
0.04061    
1.23196    
-0.42734    
0.50658    
0.46964    
1.48116    
0.97424    
0.77057    
0.51576    
1.19952    
0.26892    
0.51106    
-0.43869    
1.93965    
0.05519    
0.06911    
1.02102    
0.97241    
0.72736    
0.98866    
0.26310    
1.23322    
-0.42107    
0.27256    
0.51819    
0.95122    
1.48133    
0.27173    
1.74992    
0.99962    
0.59602    
-0.20806    
1.18911    
1.99541    
0.77002    
0.48540    
0.04567    
0.97083    
1.69156    
0.74539    
0.97230    
1.03117    
-0.00651    
0.01848    
1.44412    
-0.17477    
0.71917    
0.28530    
0.97644    
0.80036    
0.30451    
-0.93406    
0.97975    
1.22412    
1.23160    
1.02179    
0.99243    
1.68307    
0.04365    
0.97054    
1.20531    
-0.00398    
-0.26009    
-0.23973    
0.25106    
0.97072    
1.96910    
0.76106    
1.04405    
0.53782    
0.04487    
0.25005    
0.27135    
0.22224    
-0.21001    
0.99604    
1.67116    
0.25312    
-0.75213    
0.04234    
0.26273    
0.01110    
0.97924    
0.04068    
0.75855    
1.50543    
-0.20842    
0.74769    
0.73957    
1.02622    
-0.40544    
0.71821    
0.24092    
0.49804    
0.75540    
0.73721    
1.21738    
0.47669    
-0.19764    
1.25860    
1.70057    
1.03365    
1.43147    
1.19441    
1.46313    
1.46313    
1.44854    
0.02350    
-0.72250    
-0.02417    
0.57869    
1.44855    
0.55149    
1.20175    
0.52478    
-0.17893    
-0.96440    
0.08887    
0.70465    
0.99756    
1.21750    
1.69997    
0.51465    
-0.00824    
0.75891    
1.26080    
0.76886    
-0.19132    
0.71912    
0.77206    
1.20536    
0.94785    
1.50738    
0.73319    
1.00631    
-0.22646    
1.02637    
0.06402    
1.46715    
-0.45410    
0.30013    
0.29847    
0.75803    
0.46027    
0.03035    
1.47961    
-0.21815    
1.01061    
0.53307    
1.46040    
0.49157    
1.20254    
0.23522    
0.03803    
0.45730    
0.08158    
0.51986    
0.74027    
1.68638    
1.98385    
-0.24465    
0.23810    
1.70313    
0.29652    
-0.91415    
1.04061    
0.48136    
0.03723    
0.28522    
0.51811    
0.69016    
-0.21691    
0.98521    
0.77369    
1.96574    
-0.46082    
0.75027    
0.76281    
1.72817    
2.18365    
0.47373    
0.49464    
1.28427    
-0.21788    
0.69176    
0.25552    
0.95173    
0.74082    
1.49166    
-0.72298    
1.00010    
0.98854    
0.54571    
0.96901    
0.52932    
1.23837    
1.47020    
-1.87746    
0.21584    
0.80593    
0.25775    
-0.00757    
1.01412    
0.97531    
0.27442    
-0.70060    
0.04608    
1.24204    
-0.17717    
-0.19375    
0.76879    
0.74492    
-0.40933    
1.71938    
0.51729    
0.23857    
0.28943    
0.03262    
1.24429    
1.22897    
-0.68780    
0.46273    
2.17670    
1.46739    
2.44273    
-0.23329    
0.96653    
0.01570    
0.51266    
0.94148    
0.75665    
2.18493    
1.21690    
-0.22918    
0.74338    
-0.47246    
0.97774    
1.66704    
1.02030    
0.73849    
1.00488    
1.18624    
0.48925    
0.75194    
1.00644    
0.52761    
1.20715    
-0.22024    
1.00745    
1.22258    
0.73891    
1.26232    
2.00032    
0.98643    
-0.23834    
0.99859    
-0.22244    
0.48842    
0.75138    
1.47543    
0.71812    
1.19117    
0.73875    
0.73013    
0.98557    
2.19462    
0.79062    
0.52853    
-0.00711    
-0.72815    
0.95044    
1.21509    
0.95962    
1.71907    
-0.46680    
1.45774    
0.25837    
0.25607    
0.76630    
-0.23982    
0.01679    
1.19691    
0.31753    
0.53346    
0.03826    
0.23541    
0.75379    
1.25562    
0.28762    
1.20383    
0.71669    
0.72781    
2.22269    
1.44888    
1.71814    
0.04544    
1.68724    
1.02677    
0.04753    
1.69160    
0.02987    
1.97661    
0.52003    
0.00703    
0.27028    
2.17112    
0.97953    
1.26674    
0.74403    
0.24132    
0.25332    
0.27645    
1.20341    
0.25867    
0.50137    
0.04840    
0.26777    
0.98538    
0.02463    
0.76477    
0.76915    
-0.19172    
0.76967    
0.51859    
1.01525    
0.76369    
0.49393    
0.05181    
0.77336    
0.05133    
1.00193    
0.24191    
0.27626    
0.48293    
0.98910    
0.03781    
-0.68374    
1.21620    
0.99305    
0.50832    
1.21741    
1.04033    
-0.92497    
0.47171    
0.52948    
0.74666    
1.01387    
0.49055    
0.51226    
1.24628    
0.23842    
0.00821    
0.29037    
1.48723    
-0.19158    
1.21838    
1.22797    
0.01706    
1.01519    
0.53218    
0.47774    
0.24492    
0.46981    
0.55057    
1.01983    
0.27110    
0.51770    
0.23115    
-0.67302    
0.50830    
0.24860    
1.47821    
0.99072    
1.23962    
1.20497    
0.54710    
0.04771    
0.29419    
0.48298    
0.77959    
1.02964    
0.01782    
0.05471    
1.16065    
-0.39905    
0.45241    
0.49487    
0.78325    
1.20838    
1.47102    
-0.70403    
0.77485    
-0.01877    
0.79448    
0.25555    
0.01594    
1.02112    
-0.54789    
1.71131    
0.51353    
0.76541    
1.17660    
-0.46737    
1.26453    
0.97694    
1.46325    
0.00066    
1.23255    
2.49296    
1.00722    
1.23281    
0.99213    
0.75432    
-0.20031    
0.49448    
-0.44435    
1.25347    
1.76359    
0.49823    
-1.17716    
0.24132    
0.57806    
0.05232    
-0.20377    
-0.20796    
0.79491    
0.27749    
0.01784    
0.05111    
0.75355    
1.21457    
1.00653    
0.50646    
1.73475    
0.50763    
1.45002    
1.21317    
0.45572    
0.27602    
1.71104    
1.21945    
-0.00670    
2.19450    
0.74260    
0.53283    
0.96163    
0.27961    
0.57331    
-0.01389    
0.06645    
0.55746    
0.73282    
0.50340    
0.50661    
0.94962    
1.23494    
0.77888    
1.21727    
1.01327    
1.49643    
0.25755    
0.57851    
0.74258    
-1.15733    
1.01687    
1.97988    
0.74578    
-0.21544    
0.02059    
0.96627    
0.70849    
0.75978    
0.97215    
0.51626    
1.72309    
0.54968    
-0.22536    
2.25169    
-0.21800    
1.49212    
1.43512    
1.44760    
2.69791    
1.21321    
0.01476    
0.01203    
0.96496    
1.26487    
0.25561    
1.26251    
1.72009    
0.99380    
0.25576    
1.47471    
1.70681    
1.24128    
0.22731    
0.25207    
-0.20505    
0.76345    
-0.02502    
1.51010    
0.23106    
0.78894    
0.95776    
0.76808    
0.05804    
-0.21636    
-0.22551    
1.21348    
1.24453    
0.72313    
1.25919    
-0.19176    
-0.93622    
0.29381    
-0.00098    
1.71420    
0.74636    
0.52160    
0.75825    
0.75644    
0.76588    
0.99554    
0.54210    
0.05232    
0.03091    
0.00771    
0.75773    
0.74389    
0.48505    
1.00942    
1.22281    
0.01437    
-0.18548    
1.49750    
0.54627    
0.74929    
0.53615    
0.99278    
0.95908    
0.94247    
0.73594    
0.98630    
-0.97016    
0.00488    
-0.22802    
0.72741    
0.71670    
-0.50367    
1.22698    
1.49357    
-0.17744    
0.78367    
0.83427    
0.03673    
0.28519    
1.48159    
0.49476    
0.05815    
1.17668    
0.54036    
1.21835    
2.16976    
1.46787    
0.97645    
1.17990    
0.97565    
-0.02507    
1.22255    
0.48383    
-0.23505    
0.26537    
1.46413    
0.71208    
0.52985    
0.76910    
0.53143    
0.75786    
0.04644    
0.70882    
0.51458    
0.02444    
0.95077    
0.28328    
0.97242    
0.47612    
-0.23140    
-0.96448    
0.76821    
0.48310    
-0.02093    
0.01562    
-0.91421    
1.19684    
1.93402    
0.28197    
1.20497    
2.18582    
-0.22664    
0.24499    
0.98968    
0.74960    
0.24625    
0.52073    
0.68335    
0.27403    
1.44014    
0.79370    
1.48033    
0.72139    
0.96507    
0.50435    
0.74964    
0.25354    
0.97813    
0.48011    
1.18377    
0.49584    
0.52841    
1.02766    
1.70052    
0.78178    
0.26667    
1.23134    
1.97516    
0.52939    
0.01171    
1.74041    
1.28771    
0.27014    
-0.02844    
1.02864    
0.74946    
0.98308    
1.25363    
0.30565    
-0.18263    
0.76273    
0.27306    
-0.05722    
0.97011    
1.20704    
0.00361    
-0.72673    
1.51365    
1.21946    
0.02274    
0.49868    
-0.18606    
0.48503    
1.02159    
0.23806    
0.52937    
0.08324    
0.49213    
0.25193    
0.77113    
-0.48054    
1.95957    
1.96803    
1.51432    
0.54660    
1.24340    
0.29485    
0.49933    
0.97383    
0.78266    
1.22384    
0.27648    
-0.50795    
1.51847    
0.25575    
0.04242    
0.01840    
0.76853    
0.54147    
2.17273    
0.77088    
1.24652    
0.71365    
-0.46773    
0.74155    
0.96377    
0.99011    
0.51352    
0.98813    
1.93185    
0.06451    
1.97843    
0.99862    
0.73125    
0.05438    
0.27732    
-0.01810    
0.74881    
0.03656    
0.01410    
0.74938    
2.17269    
1.49953    
1.00181    
1.25796    
0.49922    
0.24607    
0.76689    
-0.13771    
1.45717    
0.02474    
0.24812    
-0.71884    
0.29685    
0.03809    
2.18562    
1.52855    
1.00333    
0.52693    
1.65319    
-0.74449    
0.73986    
0.99605    
2.19040    
0.00784    
0.26972    
1.00895    
0.04655    
0.52224    
-0.17298    
0.02405    
1.50439    
0.28467    
-0.20282    
0.72108    
1.70350    
0.24457    
0.24527    
0.72564    
0.52543    
1.69618    
0.24361    
0.46684    
0.98003    
0.26478    
0.55739    
1.21580    
0.45305    
1.02742    
0.24210    
-1.19995    
0.99914    
0.53293    
-0.40085    
0.75940    
1.20393    
0.53087    
0.25882    
-0.19508    
0.94047    
1.01399    
1.68145    
0.51195    
0.47731    
0.96793    
0.75553    
0.06294    
-0.68475    
0.27471    
0.51673    
2.21456    
0.52312    
0.73714    
0.25787    
0.23371    
1.42768    
1.24255    
1.48075    
1.47921    
1.00048    
1.01278    
-0.21488    
-0.48187    
0.23402    
1.23063    
0.29860    
0.01024    
0.25497    
0.02102    
0.25103    
-0.27558    
0.01095    
0.06797    
-0.67282    
-0.71203    
0.51448    
0.74237    
1.68363    
0.99933    
0.72915    
0.54024    
-0.72530    
1.23682    
0.24599    
0.48914    
0.97209    
1.17112    
-0.21720    
0.47290    
0.53460    
1.02990    
-1.15997    
1.05268    
0.03750    
0.03498    
1.47553    
-0.00797    
0.52463    
0.49550    
0.75660    
0.53999    
0.46647    
1.21079    
0.78283    
1.21292    
1.46109    
0.46447    
1.48055    
0.07162    
-0.00237    
1.93104    
1.25602    
1.21036    
0.74287    
1.93507    
0.48722    
1.21226    
1.75748    
0.00109    
1.26628    
1.48950    
0.01160    
0.76736    
0.75048    
0.01381    
0.70591    
0.72336    
0.02737    
-0.45438    
0.94877    
1.20593    
0.49939    
0.49750    
-0.21556    
0.97871    
0.73321    
0.77422    
0.53295    
0.28690    
1.40607    
1.44497    
0.54616    
0.53423    
1.68338    
1.49358    
0.53415    
0.98242    
1.45846    
-0.50845    
0.05072    
0.49893    
-0.20375    
1.26560    
1.24750    
1.93590    
0.78247    
0.06274    
0.97902    
0.50612    
1.24745    
1.22078    
1.47040    
0.97009    
0.99463    
-0.17747    
0.73243    
1.46360    
0.48084    
0.26560    
1.44104    
1.99097    
0.76296    
0.28420    
1.20617    
0.03067    
0.77415    
0.46084    
-0.44859    
1.68768    
0.75388    
0.25525    
1.22660    
-0.43655    
0.93680    
1.02048    
1.20945    
0.97107    
0.51989    
0.26163    
0.97611    
0.48324    
0.74929    
0.52605    
1.02373    
-0.44838    
0.73824    
0.52010    
0.75037    
0.23526    
1.22454    
0.77806    
0.76176    
1.26520    
-0.23339    
1.43009    
0.71140    
0.50968    
1.22336    
-0.22872    
0.49573    
0.49973    
-0.48842    
0.02603    
0.73585    
2.22790    
0.75549    
0.02742    
0.30420    
0.98668    
-0.20361    
1.95803    
0.75106    
2.44546    
-0.00726    
-0.19740    
0.74681    
0.95439    
-0.19275    
-0.40191    
1.71386    
2.19386    
0.73794    
-0.21345    
0.71271    
0.27031    
0.51640    
-0.45625    
0.98850    
0.32229    
0.73162    
0.08071    
0.53438    
0.75088    
0.54492    
0.93654    
1.98366    
0.27640    
-0.21735    
-0.23746    
-0.68444    
0.03462    
0.26220    
0.45584    
1.95790    
-0.18713    
0.73614    
1.19942    
0.25970    
-1.01322    
-0.68658    
0.48140    
1.00028    
0.75962    
0.96513    
0.77649    
0.03319    
0.26575    
0.76626    
1.23041    
1.46223    
-0.42197    
-0.46187    
1.92546    
0.44302    
0.74155    
1.26760    
1.49952    
1.96405    
-0.65896    
1.19933    
-0.43040    
0.52442    
1.00403    
-0.68178    
0.74345    
1.92423    
0.32773    
0.77431    
0.51705    
-0.21486    
1.23448    
0.50974    
-0.66724    
1.19171    
0.75147    
0.77381    
0.68855    
1.45609    
1.49264    
-0.45664    
0.78729    
1.23450    
-0.97686    
0.05788    
0.04590    
1.96335    
1.69913    
0.23837    
0.01754    
