2.94863    
0.11499    
6.14468    
2.13410    
1.06792    
1.10752    
3.04529    
1.15579    
3.07611    
3.98770    
2.97426    
3.40862    
2.59759    
3.42200    
4.02191    
3.88914    
1.70464    
3.03710    
0.07960    
3.84095    
2.06423    
3.43045    
2.93456    
1.10596    
-0.94997    
3.88687    
1.52643    
2.84120    
3.53771    
3.09935    
2.93865    
1.05345    
1.60193    
3.92813    
4.02492    
3.58960    
2.60049    
2.04460    
1.10733    
2.12482    
0.94477    
3.00492    
4.89787    
2.40457    
1.46688    
4.49946    
-1.52048    
2.21476    
5.09082    
3.92631    
3.95257    
3.90438    
2.19088    
4.01776    
1.59188    
0.03921    
2.09168    
1.04734    
2.08910    
2.09378    
-1.00818    
1.58883    
2.52969    
6.84281    
2.98520    
2.04720    
3.44425    
1.12490    
3.44019    
2.91637    
1.98426    
2.52131    
2.14336    
2.56994    
2.90388    
1.99876    
0.59445    
2.37162    
5.84010    
2.16394    
1.96980    
3.91338    
0.57567    
1.96175    
3.05781    
3.55199    
5.82369    
2.46809    
2.98417    
2.61588    
3.50846    
2.41687    
3.99117    
-0.17018    
5.85443    
3.94481    
3.01420    
3.53110    
3.30085    
3.36403    
4.00588    
3.51941    
4.12537    
4.93896    
4.06261    
2.77668    
4.96474    
1.94275    
2.99660    
2.07536    
0.96833    
1.39589    
2.95727    
2.85452    
0.90200    
3.82597    
1.98368    
2.48892    
3.41473    
4.04189    
1.46132    
2.54114    
2.01562    
2.84112    
-0.32167    
-0.82647    
1.46776    
1.98580    
2.22665    
3.16528    
4.89157    
4.99511    
1.16345    
2.96970    
-0.88068    
2.92687    
2.89151    
2.60256    
3.93178    
1.99713    
2.54076    
5.96548    
4.50214    
2.98557    
2.03509    
1.03517    
2.87551    
3.58091    
1.03138    
3.36006    
3.83296    
3.09025    
1.53880    
4.02262    
3.14227    
3.80837    
4.00217    
4.85844    
3.39794    
3.99433    
-0.46469    
1.99079    
3.53211    
4.02465    
2.08726    
0.96161    
3.13088    
2.35726    
1.77918    
0.55640    
2.47331    
1.94293    
3.09183    
-0.75470    
2.47548    
4.96088    
3.93922    
1.05260    
3.10124    
6.05151    
1.07306    
4.95825    
2.46362    
1.97469    
4.80131    
2.94096    
1.92717    
3.92026    
2.10460    
0.06689    
-0.48663    
0.50400    
2.43888    
1.01148    
2.58725    
3.11371    
3.97198    
3.89076    
1.49921    
4.06822    
3.35938    
1.59914    
2.91980    
2.55591    
3.65307    
4.06206    
3.50850    
3.00061    
3.88426    
1.56240    
3.32293    
3.45457    
4.88880    
1.05642    
2.52265    
4.75013    
2.00374    
4.98600    
2.95886    
2.84703    
1.93665    
5.49041    
1.47456    
4.03517    
2.02592    
4.38751    
2.02333    
4.24855    
3.80684    
0.89504    
1.96819    
3.96427    
-0.83776    
3.64480    
2.08440    
4.46605    
3.01595    
2.18734    
5.27545    
3.43955    
2.56764    
1.19056    
2.90733    
1.95618    
1.97861    
3.92277    
0.90582    
3.39421    
2.88514    
2.46914    
1.51076    
1.48449    
2.46205    
3.40135    
1.06281    
1.91568    
1.11814    
2.09816    
1.02049    
4.91244    
3.50387    
3.96033    
3.51063    
-0.51280    
1.95452    
2.02036    
3.45383    
2.00874    
3.09019    
2.00481    
3.05668    
3.95278    
0.86740    
3.31900    
3.51878    
1.89506    
2.09169    
1.03526    
3.08017    
-0.80800    
3.47229    
5.42190    
6.02576    
3.80772    
2.90596    
1.93864    
0.99255    
0.26288    
1.04216    
3.89994    
2.96823    
7.03251    
1.92402    
4.96976    
3.95567    
4.48481    
3.92861    
2.89175    
2.56530    
2.04127    
4.86568    
1.83655    
5.00851    
1.06555    
4.98726    
4.40565    
2.95338    
2.48612    
3.90785    
4.03805    
3.41978    
2.98863    
-0.94360    
3.70504    
3.88127    
4.98737    
2.87074    
3.86211    
1.99251    
1.96494    
0.52372    
5.44956    
2.85356    
4.88154    
2.97021    
3.67014    
2.98370    
3.12933    
2.99252    
1.11847    
4.14107    
2.43276    
2.15298    
4.97286    
4.37329    
3.36236    
2.19961    
3.08960    
2.91097    
2.97217    
2.90355    
1.91712    
4.82915    
2.97564    
3.07033    
3.55224    
4.46679    
2.94825    
1.97527    
4.06018    
5.88287    
3.83310    
2.96422    
3.55796    
5.43987    
3.46924    
3.01082    
3.07547    
1.62716    
2.50559    
0.54357    
1.92914    
2.10014    
3.82440    
3.41375    
2.06582    
3.52859    
3.34358    
1.59092    
2.10333    
4.45979    
1.15610    
4.40245    
3.14512    
3.35759    
3.48303    
3.41812    
4.82805    
3.07673    
3.30827    
5.89065    
1.09933    
5.05678    
3.01986    
2.97925    
1.96036    
1.99106    
2.15745    
4.43534    
2.11692    
1.41428    
-0.81466    
2.47669    
2.98235    
3.00097    
5.07337    
3.40717    
1.40916    
1.43578    
0.04341    
4.97403    
3.97532    
4.96092    
2.96302    
3.05107    
2.91905    
3.02732    
5.92624    
2.94364    
3.45645    
0.08463    
1.10200    
4.00799    
2.98030    
1.97520    
1.96679    
0.53305    
1.83618    
2.37781    
2.95626    
0.05441    
2.89845    
4.96171    
2.46673    
0.01849    
6.04221    
3.85632    
4.01003    
2.96370    
3.99939    
5.52347    
3.97101    
3.85146    
2.96011    
1.05678    
5.50037    
2.60669    
1.89938    
2.95990    
2.40503    
0.89641    
2.54493    
4.28010    
3.49275    
3.48160    
2.87762    
5.78760    
4.36520    
0.17196    
1.94536    
2.57267    
1.15538    
0.19546    
3.04367    
4.04304    
2.92703    
2.46344    
2.51045    
5.00732    
1.43831    
2.06142    
2.96198    
2.96211    
0.13311    
1.59957    
4.07745    
2.89333    
3.93056    
1.10108    
3.39132    
3.94625    
4.07043    
3.87903    
3.86684    
2.07740    
2.96849    
1.01571    
3.89696    
1.44529    
1.94669    
4.04725    
2.56097    
0.05308    
2.38293    
3.03361    
4.54971    
3.90974    
3.40801    
2.07064    
3.95275    
4.01045    
3.43919    
1.02530    
2.54296    
1.06895    
5.91932    
2.00706    
0.89481    
1.14646    
3.50954    
3.01445    
3.58374    
5.95009    
2.97958    
3.07455    
0.98624    
4.96651    
2.93446    
2.40384    
4.86545    
2.56318    
2.42865    
1.04748    
-1.74569    
-0.91762    
2.00222    
2.04233    
2.38880    
4.81204    
3.52407    
3.00067    
-0.98034    
-1.34951    
2.97148    
2.22086    
2.93985    
5.07442    
2.12883    
3.86764    
2.49143    
3.53247    
1.12735    
2.86724    
0.42763    
0.10755    
3.01440    
1.05503    
3.16166    
3.86654    
5.01319    
2.18288    
3.01558    
3.96155    
2.50638    
2.95537    
2.21389    
2.10238    
1.56639    
4.10154    
3.08445    
1.52587    
3.05133    
1.95954    
4.93885    
0.09699    
2.02464    
-1.88676    
3.61267    
-0.02815    
4.97018    
1.05147    
3.01488    
3.89012    
1.51393    
3.39524    
4.97296    
3.95824    
0.10065    
1.93520    
0.91303    
4.90195    
3.54379    
1.94267    
4.92428    
4.92115    
0.11798    
4.07346    
0.17744    
2.11292    
2.03060    
2.42086    
0.14427    
2.92948    
3.89501    
3.09312    
2.46833    
2.09003    
1.07166    
5.82154    
3.59720    
4.06655    
0.00302    
5.93546    
3.04044    
4.04737    
1.99252    
1.93307    
4.10819    
1.53137    
3.05656    
3.94503    
2.98747    
5.86973    
4.02165    
3.84445    
4.01191    
1.94051    
5.38400    
1.08493    
3.93751    
1.99256    
4.08608    
2.91244    
2.95422    
2.51763    
1.08535    
3.45953    
3.50978    
2.57185    
4.83666    
3.16451    
2.95125    
3.94431    
1.99019    
1.01437    
0.97580    
4.44546    
2.97054    
3.52157    
1.47139    
4.01964    
1.05046    
2.04471    
2.99936    
2.04759    
5.41671    
2.47566    
2.00650    
1.57570    
1.99686    
5.06339    
1.07081    
4.09877    
3.03712    
3.05119    
4.08970    
4.04581    
1.60593    
4.40291    
1.07061    
0.61432    
1.97566    
4.03927    
2.90967    
2.03600    
3.99823    
3.96028    
1.15906    
1.10253    
0.54993    
-1.87217    
2.98297    
3.92162    
1.92894    
4.99749    
2.57598    
3.99287    
-0.85009    
3.92119    
3.07811    
2.34745    
3.94368    
2.45543    
3.18691    
3.07704    
2.77295    
2.96798    
4.93535    
-0.49841    
3.54147    
4.99082    
5.90112    
3.01663    
4.58689    
2.08348    
3.82840    
3.00318    
3.94335    
3.01836    
2.93141    
4.92832    
2.14027    
2.40104    
2.02736    
1.94229    
4.03494    
2.61039    
2.17479    
2.98816    
0.97886    
-1.58279    
3.00380    
5.97247    
3.48783    
3.01092    
1.02460    
2.93487    
4.43173    
0.96275    
-0.42007    
2.57480    
2.15349    
2.11503    
7.90375    
3.08562    
1.98612    
4.02047    
2.14141    
3.15650    
3.57981    
3.01460    
-0.80254    
2.50281    
3.93072    
4.84954    
4.96815    
0.63536    
2.03529    
2.97367    
4.00898    
1.03756    
3.18101    
2.45769    
3.44038    
2.13017    
2.55717    
2.93842    
4.32103    
2.05319    
4.08173    
1.99910    
0.12878    
4.76841    
2.98799    
2.90371    
-0.37161    
2.50041    
1.98909    
3.80881    
-0.03596    
2.06263    
3.05392    
2.95397    
1.95553    
2.43630    
1.96097    
1.20138    
2.65075    
3.07264    
0.61980    
3.98596    
0.05010    
4.01707    
2.91571    
4.96356    
4.02970    
4.88844    
3.92908    
1.90427    
0.13309    
2.01650    
0.11038    
-0.04296    
5.36676    
3.48801    
0.14497    
2.97998    
3.89324    
-1.40441    
1.49738    
1.06798    
3.50651    
2.16483    
3.00556    
4.05293    
2.90335    
4.80879    
1.17947    
3.88081    
2.12815    
3.45113    
3.65347    
5.90960    
1.46110    
3.11513    
5.06515    
4.46582    
3.10894    
1.91893    
3.52189    
1.59930    
2.84718    
0.13858    
-1.33113    
1.52601    
2.36565    
2.87730    
1.09337    
3.94292    
2.50145    
2.53501    
2.13193    
1.05582    
4.41804    
0.15425    
4.97815    
3.07213    
0.92212    
3.42098    
2.89490    
2.01335    
3.96680    
1.75896    
5.35323    
5.37924    
2.08276    
2.97342    
1.95171    
2.94044    
0.86506    
1.93734    
1.10320    
6.37792    
0.52204    
2.95416    
-2.72655    
4.05247    
1.03880    
1.09703    
4.12181    
3.00821    
1.51014    
2.14590    
2.92386    
1.04640    
1.96367    
2.55894    
3.90709    
1.03594    
3.15554    
2.12958    
-0.54470    
2.98145    
1.46631    
5.52251    
3.93464    
1.50460    
1.07370    
4.81158    
0.10904    
1.44995    
2.39855    
1.60578    
3.89838    
3.04298    
5.78608    
5.83196    
2.10026    
3.00668    
2.94223    
5.89844    
2.93350    
5.04016    
3.00453    
3.99038    
3.55395    
0.95501    
2.05687    
1.99436    
2.78739    
2.10529    
5.49220    
2.48062    
0.96705    
4.84077    
4.93605    
1.10692    
2.03517    
1.51541    
1.10729    
2.03699    
2.06120    
2.95660    
2.01663    
3.30336    
2.95032    
1.01436    
1.60591    
4.38634    
4.12757    
4.92540    
4.88240    
0.96751    
2.89201    
4.99428    
4.00814    
5.82385    
0.57788    
3.06299    
3.36996    
1.94899    
4.52673    
2.15842    
3.91323    
3.44455    
2.99705    
3.97510    
3.01018    
4.47286    
3.86879    
2.05489    
3.03571    
4.85693    
4.46403    
1.99669    
4.03770    
-0.01065    
2.55700    
4.62706    
3.95915    
2.98907    
2.90422    
2.00593    
2.95922    
1.33400    
2.40746    
3.96206    
3.96803    
-0.93638    
0.82872    
1.56045    
0.50790    
2.11716    
4.00920    
2.53193    
2.90049    
4.85574    
3.06080    
3.06819    
2.47718    
2.87477    
4.96154    
4.58912    
3.55016    
3.94044    
4.17384    
3.80386    
3.11311    
2.90425    
3.62258    
3.00127    
2.01582    
4.98844    
1.98874    
4.49462    
3.08488    
7.79390    
0.92117    
0.66085    
0.38251    
2.48961    
1.08783    
1.98613    
3.78271    
2.42322    
2.92209    
1.01008    
-0.51469    
2.95357    
4.86343    
3.00469    
2.93915    
2.03038    
1.58544    
1.93176    
2.88973    
0.21787    
2.91815    
1.51413    
3.92409    
3.50277    
3.90476    
2.38472    
1.61707    
3.96021    
1.07602    
3.51198    
2.95492    
4.01956    
4.91823    
2.54067    
2.77543    
1.96033    
2.95806    
5.99392    
1.51903    
2.95737    
3.97816    
6.68805    
3.33525    
2.52817    
2.98134    
3.92928    
2.77045    
3.50348    
4.89360    
2.93236    
-0.32007    
4.00607    
2.78786    
1.01907    
3.50493    
4.97055    
3.96684    
2.93234    
2.62239    
3.36625    
5.29514    
0.10685    
1.89225    
1.92390    
0.46735    
2.46189    
2.97144    
2.09833    
1.06315    
4.87547    
3.55367    
2.47855    
3.50484    
2.88631    
2.56999    
2.01663    
2.89901    
2.35347    
1.06639    
2.70709    
2.06868    
2.07830    
6.82850    
0.21166    
3.54136    
0.93651    
-1.02603    
3.96649    
2.95779    
4.32299    
-0.87572    
0.07315    
2.06835    
2.86057    
2.98849    
2.95816    
3.01339    
3.91234    
3.82886    
2.48547    
1.03106    
2.09508    
1.48510    
2.94990    
3.96009    
2.91062    
2.94543    
1.07864    
2.99815    
1.41998    
4.02385    
3.46487    
5.49138    
2.08318    
3.98025    
1.10306    
4.36641    
1.10663    
3.51665    
1.58121    
1.90063    
4.89831    
2.90783    
4.89221    
2.53769    
3.56972    
3.02296    
1.97958    
1.47809    
2.55108    
3.61226    
5.43795    
3.45191    
1.97777    
2.99478    
5.40396    
3.98735    
2.13015    
2.72103    
4.08761    
0.40819    
1.07415    
1.55055    
4.03793    
3.93165    
0.91990    
1.11160    
0.56337    
2.08377    
3.07285    
1.15879    
0.46148    
2.98322    
2.37835    
1.84127    
2.55398    
2.96722    
5.03385    
2.99619    
2.99950    
4.03738    
3.01665    
3.54380    
4.09505    
3.49057    
3.66750    
1.95371    
3.08820    
3.11584    
4.91152    
-0.55396    
0.03873    
3.10856    
4.93171    
3.88391    
0.58480    
0.56462    
4.92284    
2.45370    
0.62055    
4.12478    
2.91845    
1.55206    
3.13468    
4.00673    
6.44693    
1.98419    
4.11597    
3.62793    
2.06663    
2.55224    
1.01786    
7.83385    
3.40087    
2.17817    
2.56106    
1.48833    
4.90676    
2.60820    
2.03728    
2.94710    
2.60784    
1.43536    
3.02482    
5.02865    
2.02518    
3.78293    
2.11826    
1.68058    
4.08028    
3.42375    
0.52696    
1.47328    
3.08044    
1.06644    
0.58725    
4.04428    
0.00207    
2.92176    
2.48330    
3.94797    
3.97879    
4.33518    
2.06333    
3.28163    
-0.37912    
2.81014    
2.41674    
1.94097    
2.94260    
2.04508    
4.72891    
3.95461    
4.88293    
3.32851    
1.54580    
0.07844    
1.56978    
3.38712    
2.00781    
3.84326    
3.01889    
1.55448    
4.04544    
4.93996    
0.00518    
3.88522    
1.90179    
2.47678    
2.50562    
2.88180    
4.93354    
0.99152    
4.89188    
1.08110    
3.05828    
3.89834    
3.37941    
1.08109    
3.95343    
4.32287    
3.38767    
3.47285    
2.07433    
4.93242    
2.04501    
5.32835    
1.07551    
5.39925    
2.94261    
2.91519    
1.54969    
0.00735    
2.11427    
2.95687    
2.91030    
3.02891    
2.00888    
3.52382    
1.10485    
2.59181    
0.97460    
3.06654    
3.59498    
1.69311    
3.09258    
5.75357    
1.11856    
2.40521    
2.02571    
1.05260    
3.90034    
1.52930    
5.98499    
4.92360    
3.44555    
2.95916    
1.00990    
3.33064    
4.39718    
4.00524    
4.40407    
-0.39632    
2.59965    
3.02048    
2.89322    
1.48005    
3.82683    
3.09557    
1.54430    
2.98734    
1.90975    
0.14447    
2.89525    
2.13608    
1.11948    
1.63423    
0.99454    
3.89813    
3.94242    
5.91548    
2.54159    
2.88434    
0.88184    
1.94129    
2.10863    
1.03889    
-0.49502    
3.02012    
4.43190    
3.90078    
5.91058    
-0.02728    
2.09705    
3.39733    
3.33542    
3.83373    
1.97406    
2.37527    
2.04273    
3.41720    
2.91787    
3.42293    
5.90759    
4.82719    
3.86366    
1.99226    
3.48838    
3.01843    
2.01203    
1.03476    
3.36106    
3.94729    
4.46064    
3.17861    
3.95264    
4.95001    
4.02019    
0.04781    
4.09366    
3.00091    
4.94253    
3.91817    
4.87708    
2.13595    
1.24875    
1.09015    
4.47817    
3.37123    
0.47817    
1.37397    
0.07860    
3.98257    
1.96503    
4.83172    
2.99310    
2.56965    
4.81728    
3.96808    
1.99401    
3.97506    
-0.91791    
1.97772    
1.53994    
3.26258    
3.41091    
4.90473    
-0.36384    
5.86409    
3.02636    
2.01913    
2.88558    
0.47560    
2.95433    
2.43168    
2.94736    
5.07175    
3.20737    
3.17430    
3.85944    
2.04940    
1.07358    
2.77357    
4.12749    
2.83247    
2.02239    
2.06928    
2.53760    
1.98675    
2.00923    
2.53548    
-0.84718    
0.64702    
-0.70388    
0.99722    
3.36588    
1.57380    
3.54798    
3.47068    
2.58559    
1.88574    
3.92611    
4.48480    
3.73305    
4.00539    
2.93307    
4.47116    
1.62847    
5.45438    
1.01879    
1.14742    
1.36009    
4.52459    
2.34038    
1.04592    
0.08796    
1.96846    
4.96295    
3.01391    
0.99489    
0.18402    
2.05143    
-0.47682    
0.59354    
4.52796    
4.00348    
2.11841    
2.08435    
2.44331    
3.49671    
3.12456    
1.95385    
3.04678    
1.06971    
2.15061    
7.21258    
3.53301    
5.45574    
3.05353    
2.99257    
3.01943    
3.55948    
3.86124    
4.86817    
3.54503    
1.19640    
3.01936    
1.04094    
1.02513    
2.08311    
1.73177    
2.88533    
3.00204    
0.57005    
1.97306    
2.93939    
3.12743    
2.07076    
2.39982    
0.95943    
1.56028    
3.48440    
3.50027    
3.96134    
3.91148    
3.16893    
5.95758    
2.91022    
3.07479    
-0.44675    
2.97596    
2.87102    
1.08163    
0.08404    
3.05283    
1.11849    
1.22824    
0.09582    
0.04104    
2.49065    
1.99652    
0.91181    
4.08036    
4.90158    
0.49526    
3.13862    
3.02791    
3.93821    
3.45012    
3.04843    
3.01233    
-1.30402    
7.26351    
4.51412    
1.54200    
4.96994    
2.94725    
-0.45801    
3.01243    
1.25499    
0.07519    
-1.94706    
5.11077    
3.87430    
2.02680    
3.04013    
1.08723    
3.09998    
3.02275    
3.00766    
4.44789    
6.37539    
3.89904    
2.99064    
0.15968    
3.41320    
2.95278    
2.97548    
3.89057    
5.04706    
3.07636    
5.00161    
2.88218    
1.07453    
2.95945    
4.42324    
1.06159    
1.92468    
4.94534    
0.98109    
3.10523    
4.05000    
4.00129    
3.83290    
2.59801    
1.56918    
1.92162    
1.06601    
0.43261    
2.02408    
2.00215    
1.11345    
2.55953    
1.61942    
1.50331    
4.43018    
4.07715    
2.02876    
4.01172    
2.41629    
2.60239    
0.99803    
3.01692    
0.65982    
1.12130    
2.99280    
3.95544    
3.04212    
0.10921    
4.92414    
4.03943    
1.93100    
1.46599    
2.80851    
3.18305    
0.96150    
1.73175    
1.91240    
5.34542    
2.91194    
2.52577    
4.04186    
1.12515    
2.03312    
2.93305    
2.49967    
1.99988    
2.01406    
3.31735    
2.15988    
4.41975    
3.86987    
3.96645    
2.85145    
2.59237    
3.13303    
2.43377    
5.37474    
3.00767    
2.46279    
3.06921    
4.36422    
5.02044    
2.96944    
4.03310    
3.05505    
3.61478    
4.04100    
3.19978    
0.03299    
2.38426    
2.12145    
4.88469    
1.07404    
3.49661    
5.12777    
4.77370    
5.46031    
4.02561    
3.17355    
3.78948    
3.00508    
2.47569    
3.46470    
2.05214    
4.38444    
3.50968    
0.04180    
2.05966    
2.55834    
2.11930    
2.83017    
3.44127    
1.03310    
2.43727    
1.50125    
1.82701    
2.96517    
4.94427    
2.71583    
2.08369    
0.55166    
3.92767    
2.47191    
1.03225    
6.48376    
5.89262    
0.93253    
1.17622    
2.08036    
1.92736    
1.02049    
3.93984    
3.07890    
2.80196    
1.06556    
4.93286    
4.12356    
3.03922    
3.93963    
3.98670    
1.94696    
2.04318    
4.40158    
3.02415    
3.07470    
3.04074    
3.03467    
1.07100    
3.91757    
1.99817    
5.00671    
5.94689    
2.51384    
2.96631    
3.22656    
2.06948    
2.03598    
4.36574    
1.97695    
4.33931    
4.96826    
3.59373    
5.91328    
1.97260    
5.01316    
1.03960    
1.50775    
2.99766    
2.98545    
2.99900    
3.05578    
4.02552    
1.83451    
1.00725    
3.92644    
2.10806    
1.54481    
3.50155    
3.02565    
2.79108    
3.85329    
2.93525    
2.96994    
2.90529    
1.07037    
2.48278    
2.88919    
1.15320    
1.97413    
3.60766    
2.49425    
2.08724    
3.04484    
1.05060    
1.51711    
0.57273    
1.26749    
0.94101    
3.39098    
3.57139    
0.99980    
2.02703    
2.63007    
2.15530    
2.87248    
2.16142    
2.09946    
3.05695    
2.03336    
4.90876    
1.56748    
4.87956    
2.89395    
5.02785    
5.89593    
3.48376    
2.13029    
1.04438    
3.06904    
4.06012    
3.11537    
1.15811    
2.21045    
4.81139    
1.58060    
1.98544    
3.10916    
3.08857    
7.36082    
3.93467    
1.50064    
2.81550    
3.88077    
1.02054    
3.61671    
2.54487    
3.95258    
2.05931    
1.93150    
2.02541    
3.05862    
3.48395    
5.30136    
1.18801    
4.03325    
1.93164    
6.01277    
3.10091    
3.94328    
-0.44372    
3.82329    
3.86246    
2.50161    
1.49632    
5.04098    
3.97316    
1.92402    
3.89605    
2.99363    
2.48820    
1.61565    
4.02079    
1.43793    
5.76119    
2.45168    
1.97770    
5.12829    
1.10302    
0.10009    
1.09545    
4.04226    
0.06848    
2.47070    
2.91897    
3.82757    
0.92834    
0.12244    
0.90815    
5.93358    
4.00505    
5.75940    
4.00627    
3.39652    
5.36741    
1.07910    
2.93561    
-0.36530    
2.02374    
-2.32811    
2.98262    
3.85608    
-0.08000    
2.16656    
4.98148    
3.80093    
2.03683    
4.09798    
1.96343    
2.87191    
4.49776    
2.11127    
2.12649    
2.98181    
4.96819    
2.02660    
2.07434    
1.54303    
3.93385    
1.00697    
5.45495    
3.04206    
2.89488    
-0.86299    
2.03549    
3.87225    
6.95731    
1.15507    
3.05300    
1.94824    
2.90058    
4.46137    
-0.82407    
1.98826    
4.81359    
2.08079    
4.41022    
2.07929    
3.87955    
1.40334    
2.02967    
3.92384    
2.86149    
2.95797    
5.40439    
0.93472    
3.95746    
2.94873    
0.04209    
-0.45881    
3.08121    
3.59330    
4.94316    
5.27788    
4.95534    
3.39031    
1.94680    
1.97884    
5.00040    
4.44126    
3.01014    
1.03573    
1.49370    
4.14132    
4.85496    
0.60434    
3.02450    
4.79018    
5.02377    
4.06035    
3.54092    
1.03958    
4.00405    
2.37298    
3.99366    
2.57721    
-0.93096    
1.87772    
3.85944    
1.46821    
4.90785    
3.94019    
3.44129    
0.07404    
1.11760    
4.87152    
1.38900    
3.91706    
2.11188    
2.82570    
4.81006    
3.74215    
3.37610    
3.88094    
3.41130    
3.76236    
1.51976    
2.51134    
3.05209    
1.00874    
2.20663    
2.08024    
4.86708    
1.87445    
4.94458    
5.88871    
2.02067    
4.06788    
4.93645    
1.57131    
4.85988    
5.90510    
2.99793    
-0.82883    
2.97177    
1.56396    
1.40141    
4.96273    
4.92358    
3.02294    
1.97633    
3.92689    
2.05520    
1.98298    
1.07227    
2.91333    
3.35387    
2.38004    
3.91982    
0.47922    
1.97022    
4.81568    
3.40559    
3.05888    
1.96434    
3.87375    
4.55980    
5.86041    
-0.85431    
2.54221    
3.44403    
5.92239    
2.06428    
1.89815    
4.27659    
4.94599    
5.35744    
1.15922    
1.94096    
1.53475    
3.94054    
0.92376    
1.96610    
2.09847    
3.85526    
0.05483    
2.03729    
1.01267    
1.10635    
2.96689    
3.95781    
2.42208    
1.84585    
4.99344    
3.84149    
2.91704    
3.07233    
3.97396    
1.94436    
4.34395    
1.64908    
2.03998    
2.96591    
4.40669    
0.93965    
5.45349    
3.06072    
3.96250    
3.10385    
2.01693    
4.45351    
-0.89283    
6.82511    
0.58223    
2.11325    
3.42821    
1.94334    
3.51688    
3.97233    
3.15073    
2.85274    
4.31960    
3.01168    
2.99112    
2.56518    
2.92509    
1.48378    
2.49620    
6.30530    
1.94105    
1.05707    
3.91091    
2.10254    
1.45266    
2.96953    
2.42055    
3.83875    
1.96139    
4.54932    
1.56948    
3.84614    
2.10337    
5.95802    
3.93648    
4.01981    
4.88440    
1.99483    
3.55697    
2.05289    
1.12351    
3.03962    
1.97655    
4.91194    
4.00062    
4.41241    
3.02737    
3.58124    
1.51920    
2.91339    
4.99919    
2.11019    
3.50775    
2.88895    
4.87228    
2.39133    
4.14660    
1.96777    
1.98751    
4.02900    
1.98869    
1.56328    
4.58331    
4.07822    
5.51574    
1.93621    
0.47839    
5.99232    
2.45926    
3.88875    
3.40011    
0.92879    
3.94953    
2.92152    
4.92582    
-0.92110    
3.50022    
0.96934    
4.50224    
2.55312    
2.48709    
5.26331    
2.97161    
1.90773    
0.03896    
2.00343    
4.99321    
5.82902    
-0.93077    
3.55632    
1.65315    
3.91589    
0.15923    
3.03507    
3.81460    
2.59998    
4.66617    
1.54025    
1.98229    
-1.40607    
1.49914    
3.96676    
3.05299    
-0.42965    
2.04495    
3.98005    
4.97174    
0.51117    
3.06313    
1.50532    
3.05846    
2.05822    
4.03258    
1.20763    
3.99011    
2.03950    
5.44343    
2.98387    
0.98082    
1.50177    
2.99606    
3.19768    
3.05086    
4.49402    
1.08055    
6.85604    
4.20560    
2.56400    
1.92649    
2.99550    
5.05466    
3.55474    
1.04920    
2.08960    
2.12381    
2.55438    
3.80801    
3.03757    
3.87947    
4.09141    
2.08230    
1.94955    
4.09305    
2.61254    
2.01411    
5.41181    
1.06587    
3.85244    
1.07543    
3.92246    
3.99597    
0.01412    
1.16070    
3.82741    
1.91082    
4.07271    
4.81640    
2.03815    
1.80426    
3.10147    
1.10775    
2.47469    
4.51295    
1.92564    
4.82386    
1.05403    
3.10148    
2.20181    
2.00787    
1.12279    
4.00712    
2.41169    
4.95088    
1.91973    
2.19392    
3.99983    
1.02074    
2.03464    
4.40210    
3.08400    
4.88634    
2.94469    
4.43340    
4.03040    
2.92119    
5.00999    
3.03701    
4.79697    
1.49337    
1.05424    
2.93396    
3.96183    
0.44241    
3.05850    
2.03753    
3.46598    
0.99583    
4.91280    
2.90496    
3.58182    
2.08987    
2.93443    
4.43872    
2.15101    
3.06790    
1.06380    
3.04616    
0.21180    
-0.42711    
2.99682    
5.36038    
0.62484    
-0.34976    
3.87481    
1.06911    
2.56446    
2.94507    
3.62889    
5.04193    
3.85528    
0.88362    
4.52758    
2.08895    
4.95524    
1.05912    
3.96829    
0.92781    
2.03899    
0.94587    
3.49751    
1.62038    
4.88730    
1.97752    
2.00370    
2.55159    
3.98294    
2.08130    
3.35052    
2.76763    
2.21787    
3.50930    
5.46062    
4.96301    
2.05966    
0.63583    
1.44975    
4.31540    
2.89713    
4.88233    
3.28285    
7.43444    
1.16687    
-0.85291    
3.93035    
2.94572    
2.82878    
5.93558    
4.34395    
3.63250    
2.36092    
3.95703    
2.49273    
1.57097    
2.89249    
2.43773    
1.90713    
3.45725    
2.58082    
3.93473    
2.53117    
1.04170    
3.99854    
2.02776    
0.10619    
3.49286    
2.86481    
2.93041    
1.43020    
2.03972    
1.12158    
0.09432    
2.39691    
2.87787    
1.96580    
5.03902    
2.96097    
3.43468    
4.40926    
4.00308    
3.03378    
1.05096    
3.43093    
1.96094    
1.16462    
1.55237    
2.57089    
3.86620    
0.14672    
2.08851    
2.04528    
4.91181    
2.10016    
3.36752    
2.99927    
1.14913    
4.01951    
5.05273    
4.98991    
1.03278    
1.22602    
1.96015    
4.38088    
3.90746    
2.97561    
5.01045    
2.97171    
1.83497    
4.01731    
4.80243    
1.08681    
2.59570    
-0.91404    
4.10350    
3.90606    
2.39022    
2.08709    
2.93714    
4.01785    
3.03242    
2.63760    
2.09833    
3.04267    
1.65317    
4.94560    
2.13364    
1.91788    
1.91490    
3.63453    
3.98446    
3.03744    
3.86783    
2.15123    
2.94509    
1.56540    
0.07751    
1.42564    
1.87463    
1.07554    
3.83149    
5.56181    
-0.43371    
3.06114    
0.00403    
2.41538    
3.99465    
1.56255    
2.35143    
3.60808    
1.56951    
2.34921    
2.59426    
5.08188    
3.48773    
4.54895    
3.54714    
3.45130    
2.00443    
5.39889    
3.97579    
2.00970    
2.01582    
5.53475    
0.95913    
4.00114    
2.08550    
-0.41651    
4.92023    
0.47377    
3.01324    
2.99013    
0.50414    
3.61223    
2.09795    
4.01105    
-1.88993    
3.05931    
7.78582    
1.10112    
3.89161    
2.97286    
2.89987    
4.43852    
5.43742    
1.93819    
3.03876    
0.06357    
3.78459    
1.52420    
1.01497    
3.43796    
-0.84007    
2.08728    
1.12134    
-0.35114    
3.44085    
1.92703    
4.89915    
3.53784    
1.15911    
3.08606    
2.47144    
6.91612    
3.88547    
4.01091    
1.11987    
1.99416    
3.38812    
1.53182    
1.61912    
2.04933    
3.03210    
1.58123    
4.00906    
4.17225    
2.90368    
1.57886    
2.91669    
3.02691    
4.89716    
2.95807    
1.98397    
2.56409    
1.92819    
3.84068    
3.95147    
4.04116    
2.10562    
2.06431    
1.51835    
5.02603    
3.80684    
2.16026    
1.98978    
4.53402    
3.41665    
3.00364    
1.98391    
3.97518    
2.16436    
3.55636    
3.03067    
3.38916    
2.05915    
2.08317    
1.98333    
1.53055    
2.91196    
0.56676    
2.46492    
-0.46223    
1.10335    
3.18774    
1.51589    
0.63249    
3.95998    
1.11518    
4.07268    
3.92252    
3.06766    
3.27024    
5.03014    
1.16967    
2.09550    
4.45419    
2.41208    
3.88079    
5.41252    
0.01358    
3.54188    
3.50195    
2.07400    
5.00995    
1.87987    
-2.37892    
-0.01857    
3.06483    
3.94709    
1.58118    
3.92174    
2.04268    
1.00127    
3.59219    
4.94437    
4.36858    
1.44250    
3.86272    
3.03389    
3.44113    
-0.37363    
2.12383    
2.53362    
3.45104    
2.50818    
3.06817    
0.63820    
3.08645    
-1.29384    
2.56433    
0.53037    
1.00772    
3.94602    
3.96735    
1.98982    
1.48453    
4.48078    
3.28817    
4.92827    
4.47984    
2.94809    
2.15810    
3.87297    
0.10360    
4.94410    
2.06585    
-0.33781    
2.98993    
1.03714    
1.11140    
2.03341    
2.85347    
3.08472    
-2.02222    
1.10505    
0.87009    
-0.46623    
6.43398    
4.05262    
2.13883    
0.56145    
3.80978    
1.97413    
3.95346    
6.32743    
3.00855    
2.94710    
2.62525    
2.58366    
0.97628    
5.04500    
1.03927    
1.68718    
2.92604    
4.89917    
0.98799    
2.95472    
3.04978    
5.90588    
2.87072    
4.90860    
3.00627    
0.92416    
4.15658    
2.51255    
2.10146    
1.97013    
3.97661    
0.05750    
1.95321    
2.02325    
2.94180    
2.03750    
1.99209    
2.97988    
2.04440    
4.88363    
5.00456    
1.04621    
0.55616    
2.98121    
3.99818    
2.12331    
6.00637    
2.38708    
5.38009    
2.10531    
3.92693    
3.09035    
3.10388    
2.48840    
2.07705    
4.90462    
5.93480    
2.45473    
2.02556    
3.99953    
2.17473    
2.93558    
5.85949    
5.04769    
0.49612    
2.87686    
1.46810    
4.42877    
1.06430    
3.40822    
2.06511    
2.06296    
4.55253    
3.20423    
2.83206    
2.99112    
1.59975    
3.05403    
1.59482    
2.86949    
0.61213    
2.98376    
2.89387    
1.01946    
3.81258    
3.95714    
4.90273    
3.94612    
6.35844    
2.92749    
2.51528    
4.92558    
3.43674    
5.40345    
0.58257    
2.98209    
3.87689    
2.02181    
3.08081    
4.06319    
3.06636    
4.07904    
-0.37490    
0.93791    
2.07373    
3.94078    
3.02893    
2.91777    
3.48880    
0.07099    
1.93323    
3.01691    
3.29370    
1.39721    
1.13931    
4.01938    
3.89269    
2.01390    
3.15759    
2.93672    
3.47313    
1.11609    
2.11473    
4.41067    
0.07778    
4.91854    
2.06997    
1.18051    
3.01086    
6.55722    
2.47709    
-0.38865    
3.85622    
1.58053    
2.02890    
2.48981    
2.54835    
3.94855    
1.96597    
2.11444    
1.02111    
4.39037    
5.40412    
1.08167    
0.03109    
1.94352    
3.91538    
3.99613    
3.02330    
2.83042    
4.14173    
2.40089    
1.55538    
3.03235    
1.04312    
1.99765    
3.06858    
2.14115    
2.66054    
4.51144    
0.12215    
1.99194    
3.01497    
2.59000    
2.00083    
1.49809    
2.86984    
1.98730    
3.03648    
2.44606    
0.99764    
3.46196    
4.40879    
4.91201    
4.98637    
3.05451    
5.00722    
0.71473    
2.18395    
2.08099    
3.03896    
2.49993    
0.98875    
0.95809    
5.00586    
5.92710    
4.40556    
2.00297    
2.80935    
3.00811    
1.93970    
-1.05954    
4.97126    
-0.73775    
5.48331    
3.93703    
3.92088    
3.38330    
3.49448    
2.06580    
2.04326    
2.91971    
-0.02831    
2.36303    
1.98188    
4.12308    
2.69260    
5.02645    
3.05685    
3.45501    
1.05794    
0.00537    
2.06812    
3.37915    
2.55933    
3.09377    
1.14052    
3.94420    
2.48237    
3.02577    
3.09043    
2.96953    
2.96384    
-0.02607    
3.52495    
2.52395    
2.89853    
5.04758    
2.07165    
3.03366    
2.43507    
2.53700    
2.08404    
1.46384    
4.43138    
0.94325    
2.03897    
5.07216    
2.06730    
3.84032    
1.41790    
3.34597    
3.89967    
4.97531    
0.59496    
4.52919    
2.97877    
1.97505    
3.15770    
3.44818    
0.06484    
2.47979    
3.90277    
2.61515    
3.96991    
3.49810    
8.37451    
1.92264    
2.56415    
1.37931    
0.40547    
3.54468    
1.53977    
0.90485    
2.91021    
2.08107    
1.97971    
2.52910    
5.05689    
2.91903    
4.86234    
2.35489    
0.42511    
3.82103    
1.12011    
1.95066    
1.05059    
4.06006    
4.94427    
2.01886    
3.88073    
0.47634    
4.07429    
0.00689    
1.80328    
2.07618    
4.50245    
1.59074    
0.13492    
5.39326    
2.08124    
3.03263    
1.96295    
3.10698    
4.79969    
3.49747    
1.97118    
1.61457    
1.04708    
2.03714    
2.69030    
2.00820    
3.02184    
1.07177    
5.32281    
1.98929    
2.61041    
2.86734    
3.52806    
1.03649    
3.95467    
1.47023    
1.49485    
5.00921    
1.07558    
3.00938    
1.06188    
3.92439    
5.34187    
6.42249    
2.98577    
0.03102    
2.60446    
3.90975    
4.44880    
5.47928    
2.07435    
1.90360    
3.97657    
4.63590    
2.52538    
5.10244    
1.43962    
2.03070    
3.42244    
3.53559    
3.49830    
2.00178    
2.02193    
3.49400    
3.48713    
4.86477    
3.04587    
0.99258    
1.94901    
2.88501    
4.04363    
2.85883    
1.07074    
1.11079    
0.88479    
3.56602    
2.07254    
1.36742    
5.45068    
4.92866    
1.00553    
4.45263    
6.71901    
0.56552    
4.33953    
3.58753    
2.03743    
3.95410    
3.79730    
2.57097    
3.89023    
3.87409    
5.90061    
2.49616    
2.50933    
3.38703    
4.86514    
1.69145    
2.99257    
1.53513    
3.40670    
4.41856    
3.51166    
2.98839    
3.45613    
4.45446    
4.05348    
4.91360    
2.97877    
3.01752    
0.10884    
1.03178    
4.00870    
3.07220    
2.88100    
3.04117    
2.94376    
3.90916    
1.07730    
2.92350    
1.17765    
4.97358    
5.49326    
3.45952    
2.02330    
1.69805    
0.63723    
2.96865    
2.13057    
4.00546    
5.07004    
3.56456    
3.00503    
1.24480    
4.85647    
3.00297    
5.34214    
1.90875    
2.10813    
1.07707    
1.01379    
3.58700    
4.52095    
1.08525    
1.44370    
2.07210    
3.09507    
1.49478    
4.00614    
3.97477    
3.46747    
1.55651    
4.02777    
2.90080    
2.08400    
4.81348    
1.01710    
3.06162    
4.98407    
1.23047    
1.00875    
0.13263    
1.58053    
1.02242    
-0.87725    
4.01123    
2.49081    
3.92392    
1.18596    
2.84352    
2.94949    
0.95174    
5.05275    
3.07178    
4.85092    
1.84580    
2.16065    
2.87549    
2.11577    
2.82876    
3.89493    
4.38566    
3.93575    
-0.39858    
2.03563    
2.35587    
2.58536    
6.06737    
5.83151    
2.95544    
5.94945    
4.86592    
2.08526    
4.04315    
1.94353    
2.63563    
4.90206    
1.46185    
3.06306    
1.55100    
3.79349    
3.36486    
2.91033    
4.08438    
3.89802    
0.55881    
1.99711    
4.03993    
3.95255    
2.09290    
2.91867    
2.03890    
5.76569    
3.10327    
4.40031    
-1.74652    
3.96150    
2.06613    
4.06292    
4.87478    
1.06674    
1.12280    
4.92665    
1.94472    
2.87346    
0.54904    
2.44917    
2.38325    
1.53684    
1.60743    
2.91305    
0.11761    
4.09760    
2.96894    
1.08295    
2.94995    
2.48939    
2.03999    
-1.01157    
2.60927    
4.50228    
2.90814    
4.62254    
1.62037    
3.04424    
2.04864    
3.99823    
2.00499    
1.90058    
3.43650    
2.05853    
1.97156    
4.97894    
3.05223    
3.87280    
1.07870    
2.05568    
-0.46688    
0.97706    
1.01870    
2.51400    
-1.91003    
4.03448    
2.61666    
2.12488    
1.50916    
3.03661    
3.45918    
2.54823    
2.37215    
1.99355    
1.99117    
2.88680    
4.41264    
3.05612    
3.53840    
1.53488    
4.87856    
1.52695    
4.09945    
1.05359    
1.94714    
3.92256    
0.06298    
2.93897    
4.09664    
3.97289    
3.06430    
1.93795    
3.00856    
2.91358    
1.05348    
1.62861    
6.79484    
1.19022    
4.56073    
3.32006    
4.97466    
2.92250    
3.40332    
2.97500    
3.13930    
1.63589    
2.97954    
1.06489    
2.85424    
2.13292    
2.99096    
3.03769    
5.90239    
4.43564    
2.03784    
2.13264    
2.93152    
2.02139    
1.71809    
1.55539    
6.87758    
2.55135    
1.09229    
3.41038    
2.46712    
4.98521    
2.00567    
2.58422    
3.84634    
3.38551    
4.41807    
1.05854    
5.89092    
0.95748    
3.79311    
4.42307    
2.55605    
5.86048    
2.99731    
3.42428    
3.03493    
0.96331    
3.11313    
2.07737    
3.97605    
2.95304    
2.07117    
2.07627    
3.08375    
2.83853    
-0.88475    
2.88301    
1.51509    
2.84216    
0.94106    
3.45875    
5.95023    
2.07322    
1.97544    
5.82067    
2.54220    
4.90844    
3.89148    
5.29706    
2.05532    
3.12284    
3.07670    
4.30328    
3.88722    
2.94088    
3.01646    
1.99880    
3.98945    
2.59821    
0.13683    
3.08788    
3.95403    
1.03970    
-0.03182    
1.08846    
2.02608    
2.03067    
2.00418    
2.94914    
5.84512    
3.94667    
2.54109    
0.06234    
2.30400    
1.07864    
1.14109    
3.06345    
2.97354    
3.01003    
3.07198    
2.04739    
3.89086    
2.08186    
1.89894    
5.75739    
1.87026    
3.93179    
5.41015    
4.81219    
1.98961    
3.99455    
1.58619    
1.96503    
3.89705    
4.04171    
3.54085    
2.16610    
1.49230    
2.09128    
-0.82819    
1.93478    
2.91894    
3.33281    
1.61657    
2.00249    
5.04373    
1.12735    
3.46084    
4.00856    
3.34881    
2.21688    
2.03268    
4.37604    
2.03118    
2.45719    
3.98979    
2.13362    
3.94908    
1.02532    
2.94601    
0.64201    
2.96220    
1.16044    
1.14640    
0.02250    
1.48730    
1.50938    
1.97160    
2.91949    
4.05406    
4.03506    
3.15952    
5.80897    
1.95270    
2.97724    
2.43955    
1.12702    
4.06304    
1.48163    
2.94403    
3.93608    
4.46538    
3.11769    
2.08582    
0.06649    
1.61530    
1.10552    
2.92600    
2.18453    
0.61042    
2.06627    
3.54199    
1.96790    
0.07089    
2.10509    
4.89981    
2.95320    
3.99959    
1.93476    
2.49578    
2.44855    
4.11668    
2.06282    
2.97493    
2.07769    
4.96857    
4.02483    
2.47768    
1.49031    
2.35071    
1.02771    
1.11239    
2.45083    
-0.08070    
3.96907    
2.12321    
6.08398    
4.76943    
2.93176    
1.61179    
0.90492    
4.75274    
3.95260    
0.62590    
1.52901    
3.97971    
2.07225    
3.77718    
0.98953    
3.55608    
2.10428    
3.98762    
2.81368    
4.00216    
1.51946    
1.53836    
0.16034    
0.96045    
0.59854    
3.85008    
2.19417    
3.04555    
2.40264    
3.47272    
2.04342    
4.44544    
0.87651    
2.02288    
6.00458    
4.36952    
3.93861    
3.06674    
4.46880    
6.86783    
3.06361    
2.08992    
7.92228    
4.30820    
1.94653    
2.08541    
3.93076    
3.45439    
1.99550    
3.97577    
5.07911    
1.55028    
5.02651    
3.47035    
0.86132    
3.96916    
3.43863    
2.18186    
4.40732    
2.94806    
0.15020    
0.02326    
0.09902    
3.92622    
1.96449    
4.49246    
2.35152    
2.59216    
5.28270    
2.98092    
1.00671    
2.87680    
2.14322    
0.14548    
3.39651    
2.89187    
1.50553    
2.98734    
1.08011    
2.86939    
3.19555    
3.95687    
3.04165    
3.02210    
2.07095    
3.35397    
1.55632    
2.99424    
1.94615    
3.94654    
1.98730    
0.14538    
2.02486    
2.88524    
-0.33732    
0.04451    
1.96243    
0.47565    
3.92360    
3.94983    
2.00515    
5.30583    
3.01813    
3.02535    
2.52317    
4.02213    
2.08055    
2.05450    
1.35163    
2.05774    
2.94604    
5.38986    
0.86191    
2.03249    
1.97172    
3.49078    
2.00582    
2.48727    
5.29579    
4.06390    
5.44689    
4.89808    
3.40912    
3.41772    
2.90477    
4.00975    
2.98406    
3.86011    
2.55439    
1.04198    
2.09007    
3.36582    
2.88756    
1.89737    
-0.02218    
3.82243    
1.15966    
3.06983    
3.44513    
1.83443    
4.05383    
3.98932    
2.07843    
4.58358    
0.91598    
3.01160    
4.87046    
2.00606    
2.55945    
5.35726    
1.11037    
1.52024    
1.50550    
1.92222    
2.60396    
2.91387    
4.85089    
1.49027    
5.93452    
4.90302    
0.05828    
4.10983    
3.05993    
2.53197    
2.06020    
4.02222    
1.17052    
4.86698    
2.57496    
1.86252    
0.96029    
3.05919    
2.98368    
3.47435    
3.79547    
3.05447    
5.81074    
4.00032    
3.83492    
2.56848    
1.99514    
0.53798    
0.49550    
2.45482    
3.62516    
1.96034    
2.86168    
2.98238    
3.90992    
2.51332    
2.90828    
4.12738    
2.15780    
3.00706    
3.03589    
1.96015    
4.05682    
3.85311    
5.48179    
1.99277    
-0.92687    
1.17630    
1.49593    
0.70789    
-0.00499    
3.95559    
3.89699    
0.62841    
1.09083    
4.03358    
4.02492    
3.92351    
3.99038    
1.00413    
1.11041    
5.94287    
0.88064    
4.99331    
1.07204    
4.08552    
3.94532    
2.50927    
2.95488    
4.62401    
3.95576    
3.50918    
2.56174    
2.58402    
2.01126    
1.31947    
4.36935    
0.17629    
2.87153    
3.88538    
4.02530    
2.04883    
2.45214    
2.06381    
3.04162    
0.95053    
4.14412    
2.43826    
0.96093    
1.02279    
4.89307    
0.17380    
2.49228    
2.97863    
0.96947    
0.03733    
3.10288    
4.86358    
3.87891    
3.00266    
3.98968    
3.92083    
0.19217    
4.89728    
3.94659    
0.98292    
3.87765    
2.47259    
2.48462    
3.94834    
4.11633    
3.06176    
3.01579    
5.48172    
0.05336    
5.00333    
2.09012    
2.86032    
3.37371    
3.91269    
1.95960    
1.93929    
2.61558    
1.99005    
3.01985    
3.97288    
1.04025    
2.16321    
5.86535    
1.59825    
0.44031    
3.25982    
2.85643    
3.94197    
3.06343    
4.00117    
0.49228    
5.00768    
3.48624    
5.81258    
5.97594    
0.15809    
3.05387    
2.90040    
4.99429    
3.49801    
0.14592    
2.56528    
0.01282    
3.51085    
3.95487    
1.95992    
3.43325    
4.36751    
2.02310    
3.08161    
2.97190    
0.90937    
3.03896    
1.10858    
2.91151    
-0.84473    
1.61794    
0.40929    
-0.04179    
3.91962    
2.11125    
1.98530    
0.91567    
-1.00012    
2.55735    
2.05512    
4.43664    
2.67168    
2.99978    
4.12894    
0.99547    
4.86462    
3.03640    
2.83966    
0.10294    
3.06965    
2.00379    
2.93520    
3.84973    
2.48073    
5.47667    
4.58094    
3.09290    
4.86816    
5.01517    
1.97485    
2.54648    
3.51736    
4.80988    
4.98202    
4.42414    
1.53809    
2.96238    
3.55999    
3.04121    
0.51601    
1.04294    
2.85609    
3.40176    
4.98769    
2.49952    
-1.48663    
2.58598    
0.11464    
1.99754    
3.94150    
3.57642    
3.82676    
2.94008    
2.03275    
1.19850    
4.35618    
4.00823    
0.98278    
2.01225    
2.43622    
2.16854    
3.97988    
5.03304    
0.01328    
3.01431    
4.10144    
3.56410    
4.02706    
5.01936    
0.12303    
3.23946    
3.06282    
5.83629    
-0.87326    
4.05297    
0.48295    
3.51694    
4.12814    
3.55668    
0.61391    
2.52070    
4.04075    
2.10802    
1.53706    
2.15631    
0.13351    
3.01571    
3.04322    
3.45534    
2.90547    
2.91109    
1.36505    
4.46184    
2.01698    
3.87453    
1.11575    
0.95824    
2.12407    
2.78712    
0.03059    
1.12699    
0.60787    
2.02213    
2.85951    
0.57841    
3.15733    
1.20692    
4.76481    
1.02071    
0.99816    
3.96331    
0.67277    
1.73614    
3.66652    
4.12461    
1.93439    
1.09716    
4.96367    
4.05475    
5.33694    
5.88806    
2.96169    
2.44086    
2.09153    
3.08545    
3.88417    
2.93165    
1.61882    
5.92696    
3.08483    
2.97111    
2.58838    
0.02556    
3.93937    
5.00917    
3.90586    
1.92280    
4.49088    
1.99875    
1.13602    
1.93017    
2.54308    
4.39487    
4.48719    
4.47149    
1.86438    
3.86119    
2.35649    
3.44005    
1.63388    
3.53153    
1.99558    
1.97875    
4.08815    
3.90752    
3.06284    
5.75566    
1.49907    
5.04515    
2.97439    
0.93674    
5.80218    
0.06744    
2.84169    
-0.90897    
2.99580    
4.01178    
2.12407    
2.35978    
1.49873    
3.93726    
4.97855    
-0.80510    
2.87681    
3.07493    
3.92250    
6.32109    
2.73349    
5.39879    
0.94743    
1.91059    
3.07922    
-0.86810    
0.14917    
0.96928    
2.53498    
3.87891    
0.60183    
1.01711    
1.67581    
2.46950    
-1.45820    
4.90411    
3.12692    
1.13171    
1.05011    
2.92976    
5.49273    
3.97732    
0.09956    
2.47628    
1.51579    
0.94051    
4.94751    
3.83406    
2.89413    
2.96918    
3.84873    
4.92321    
4.00347    
1.54103    
4.41592    
3.00705    
1.05125    
4.13295    
4.45215    
1.48229    
3.02406    
3.42173    
1.15647    
3.94789    
4.05025    
2.01418    
2.96024    
0.74568    
3.06581    
0.92958    
3.89767    
1.08821    
2.73915    
2.04337    
3.07813    
2.94287    
1.44906    
2.98501    
3.45743    
3.08758    
5.37853    
3.90237    
3.94486    
1.99327    
1.93334    
0.59224    
4.07736    
0.72553    
1.00252    
1.95231    
0.14619    
2.60167    
1.46741    
2.22376    
2.82994    
4.06202    
2.07944    
5.95975    
1.98838    
2.56950    
4.90323    
1.09594    
2.60606    
2.98625    
3.10869    
1.90880    
3.06238    
3.90594    
4.10557    
1.08097    
2.90428    
2.02536    
1.52040    
4.37615    
2.01476    
3.95879    
2.01812    
3.53038    
0.61602    
1.09361    
3.74957    
3.41650    
1.56132    
1.96986    
4.09790    
1.70018    
2.81127    
2.56766    
1.97084    
3.06615    
2.93434    
3.49944    
3.02808    
0.45913    
4.95371    
1.03218    
1.15228    
4.01128    
3.02251    
2.03387    
2.92437    
2.47697    
0.51384    
3.51325    
1.93324    
4.43397    
2.93488    
3.19364    
3.54756    
1.48903    
2.48885    
2.54657    
3.01621    
4.84291    
4.46933    
0.50742    
3.37345    
2.97478    
2.43395    
2.48179    
1.97136    
3.12399    
2.99040    
3.04822    
4.86714    
5.41179    
0.65857    
2.04309    
3.58147    
2.00252    
0.98838    
1.94038    
1.49078    
1.51749    
1.93102    
4.85335    
1.50858    
2.08975    
0.95240    
2.98141    
3.97627    
1.45434    
2.42735    
0.04112    
4.09441    
1.39118    
3.94371    
2.22522    
3.41784    
3.04776    
3.99708    
0.37592    
5.38800    
4.86054    
3.53809    
2.91564    
2.05253    
3.48693    
1.18653    
2.49192    
0.87332    
3.03035    
1.93180    
1.95932    
1.99133    
4.03867    
4.46518    
3.00155    
1.02372    
4.96197    
3.88821    
1.15999    
2.06142    
2.01031    
1.02138    
4.91268    
3.07923    
4.93588    
1.89559    
3.05558    
4.86124    
0.47802    
3.09923    
2.95208    
1.47632    
1.51533    
2.43433    
2.03702    
2.09547    
3.07845    
1.43612    
-0.35150    
2.91743    
0.57634    
3.05214    
5.57861    
1.94299    
4.95723    
3.15037    
4.05495    
2.94789    
6.00338    
3.44817    
4.89678    
3.39298    
4.56493    
4.99667    
5.39435    
2.15421    
3.99444    
2.49363    
0.56141    
2.11435    
6.34014    
0.52506    
1.01012    
3.97199    
2.87564    
3.45371    
3.99486    
2.59399    
2.12431    
-0.86171    
3.86945    
2.89086    
3.07471    
4.35930    
4.98714    
-0.45193    
1.13127    
3.01177    
2.95029    
4.00969    
4.01720    
2.92813    
2.01898    
2.97583    
2.14418    
1.08580    
6.80761    
1.93307    
3.42386    
5.86577    
2.16478    
1.38362    
3.44373    
2.95355    
0.54671    
1.13662    
1.11981    
4.06123    
2.46119    
2.89636    
4.10106    
4.02534    
1.04422    
3.34925    
2.89795    
3.02018    
1.62076    
2.81348    
4.43199    
2.78163    
4.55264    
3.50611    
2.01860    
3.50413    
2.03338    
2.59448    
3.07236    
3.89753    
3.91994    
2.82870    
4.54261    
1.99204    
4.41418    
1.64827    
1.57072    
2.92081    
2.56257    
1.92834    
3.99018    
3.06428    
3.90518    
3.98424    
2.97767    
2.95155    
4.01168    
4.40026    
3.02806    
3.02711    
4.42694    
2.43151    
2.92675    
4.08154    
5.06491    
3.99585    
5.07782    
4.41838    
3.01800    
3.36696    
2.08562    
4.55158    
3.01655    
3.99193    
0.97392    
1.61389    
1.11134    
2.02292    
3.03650    
2.39539    
3.05239    
0.94507    
1.13425    
1.50558    
0.87822    
0.53187    
2.54460    
2.48288    
2.57999    
2.43789    
2.95179    
4.49134    
3.76315    
-0.37687    
2.90794    
2.58110    
3.04971    
3.13735    
2.01736    
3.10655    
3.91427    
5.04988    
1.05278    
1.93762    
3.00898    
4.42597    
2.07092    
2.19645    
1.06291    
6.87966    
2.91023    
6.00083    
2.06060    
3.42324    
4.81992    
2.21197    
2.02451    
3.63191    
1.87522    
1.81072    
1.01939    
2.94702    
2.39092    
4.90547    
1.11611    
2.47311    
2.49163    
0.52494    
4.46711    
1.47368    
2.05364    
2.04764    
2.02799    
2.80824    
3.34092    
2.87045    
2.03537    
3.00728    
3.00965    
3.59186    
2.08220    
2.68135    
2.00239    
2.53558    
3.92562    
2.47953    
2.17573    
2.58346    
2.93622    
3.16563    
1.88023    
3.93071    
2.94984    
2.87710    
2.09368    
3.75683    
5.89738    
3.97543    
1.05019    
3.87405    
3.96432    
5.40221    
0.07568    
4.97107    
3.02498    
0.72542    
6.85848    
2.09230    
4.00383    
1.93985    
2.44990    
3.01138    
1.54631    
5.42678    
1.04670    
2.91661    
3.43156    
3.95314    
1.04056    
4.78922    
1.14091    
2.91693    
3.42036    
2.13075    
5.85750    
5.76879    
3.83440    
3.88738    
3.58012    
0.95792    
2.99702    
5.89108    
-0.00571    
5.37960    
3.10924    
3.53648    
3.29006    
3.41183    
1.94329    
3.87876    
1.67831    
5.96100    
3.03078    
3.45439    
2.09715    
1.58113    
0.76878    
0.91212    
0.00216    
1.99417    
4.04777    
1.09285    
1.49899    
1.97797    
2.99422    
2.15384    
-0.01245    
2.97196    
0.06419    
1.95957    
1.13421    
-0.10992    
4.36195    
1.14521    
2.22502    
5.76170    
3.05729    
1.91070    
2.92166    
2.48712    
2.60825    
4.00368    
1.54183    
3.93843    
1.88012    
2.39299    
1.62342    
1.98331    
3.04216    
2.08659    
2.93727    
1.41457    
3.08595    
3.00493    
3.08042    
3.06242    
3.95093    
2.06002    
5.69097    
3.99650    
0.56671    
2.97154    
4.42703    
3.02109    
2.94073    
1.03730    
1.85124    
3.89015    
2.94336    
0.09118    
1.97842    
3.44671    
2.22485    
4.96350    
5.49612    
2.94114    
4.28094    
2.47458    
1.62900    
1.47395    
2.40920    
1.33139    
2.67340    
3.52615    
4.90767    
4.99165    
2.60281    
1.59576    
2.01174    
3.49977    
3.38809    
2.84518    
-0.34887    
3.95073    
1.07339    
5.88580    
-0.91987    
2.57487    
0.53153    
2.91336    
4.36475    
2.44766    
3.98122    
2.84192    
1.46814    
-0.03713    
3.88703    
2.08702    
1.04356    
3.48079    
3.85966    
2.54378    
4.04155    
2.09366    
3.04659    
3.99900    
2.93534    
2.05773    
2.57159    
2.38743    
5.40119    
1.64728    
2.49292    
4.86502    
1.86466    
2.18018    
2.00104    
4.46290    
2.98873    
3.06093    
2.93303    
3.92876    
3.56240    
2.96776    
5.51977    
3.03757    
2.94580    
0.55772    
5.94921    
0.57668    
3.95241    
2.08648    
1.97073    
2.39168    
3.05336    
0.09422    
4.99202    
2.95517    
0.92616    
2.38354    
2.72747    
3.90236    
1.93583    
7.22789    
2.47600    
3.04494    
1.58337    
-0.41034    
2.98584    
2.53114    
0.93460    
5.02219    
5.01705    
3.54477    
1.99650    
0.99841    
3.80411    
2.98906    
2.91318    
5.85591    
2.54464    
1.48315    
5.85197    
1.04801    
3.96775    
2.03480    
1.00859    
1.53436    
1.13569    
1.90487    
3.02278    
3.39137    
2.97589    
2.41188    
1.54093    
2.04899    
5.96937    
4.04910    
5.92520    
1.99885    
4.02466    
2.02044    
1.92315    
3.93814    
3.00037    
4.04438    
5.07177    
3.97795    
2.93200    
1.59709    
1.03861    
2.99610    
3.99631    
2.49637    
5.26560    
2.99354    
3.89611    
2.11795    
2.86819    
2.55499    
3.42779    
2.92889    
4.86460    
2.06679    
3.92037    
4.94456    
2.46058    
3.00615    
5.76932    
4.40674    
3.18399    
1.38710    
2.01307    
0.40346    
1.06188    
2.91777    
2.95147    
4.86334    
4.75662    
1.63693    
4.06011    
2.13042    
2.75603    
4.46077    
4.90705    
2.08840    
2.52925    
2.97160    
2.89441    
4.46256    
0.92891    
3.91191    
2.96166    
1.90756    
4.01524    
2.08172    
2.88891    
2.54423    
0.19870    
3.11220    
3.04668    
-0.44745    
3.14801    
1.00949    
2.99255    
4.93128    
4.11548    
2.89234    
1.99566    
1.95004    
3.48383    
3.92991    
2.95014    
2.08568    
3.23354    
2.13123    
0.05134    
2.00000    
2.04721    
2.10079    
3.01327    
5.45477    
3.85299    
3.37587    
1.63315    
3.91015    
3.92107    
2.03353    
1.43004    
2.05145    
1.00195    
1.22975    
4.02243    
1.42560    
1.97965    
1.51681    
2.17042    
3.90602    
3.88880    
1.99012    
4.01811    
3.96242    
1.07015    
2.52295    
4.05335    
1.02415    
3.83010    
3.37694    
2.76814    
5.55776    
2.49156    
2.05864    
1.08098    
1.05359    
2.50119    
2.47330    
5.42803    
5.02554    
3.93401    
1.05903    
2.06826    
3.02027    
3.01700    
2.38703    
3.98298    
2.06352    
4.92103    
3.00339    
2.01738    
1.01228    
4.89745    
4.94032    
2.01795    
5.01518    
1.08810    
2.02606    
1.16861    
4.45649    
0.54267    
1.90276    
2.04496    
2.02624    
1.07732    
2.98529    
2.43801    
2.17408    
2.90794    
0.98355    
6.87370    
3.07210    
2.83051    
1.88159    
2.04188    
3.02130    
5.00336    
1.04700    
2.99752    
2.51587    
3.40382    
2.04637    
1.98557    
4.07786    
1.05887    
3.94381    
2.06365    
2.07274    
3.87366    
1.02197    
4.93874    
3.96375    
4.00972    
1.03820    
-0.92004    
1.91676    
2.91037    
4.84092    
3.00730    
3.06731    
6.40224    
4.46293    
1.98783    
4.49063    
1.47760    
4.02530    
2.85594    
8.37824    
1.79179    
0.11497    
3.99870    
0.20436    
2.00072    
3.14195    
3.07099    
2.80202    
1.06981    
1.99514    
2.01528    
3.39970    
4.06153    
2.98722    
3.09320    
1.11196    
1.99621    
2.40918    
3.01650    
0.47098    
3.01812    
2.54630    
3.90553    
2.93123    
1.86174    
0.91874    
4.98954    
0.11730    
2.04157    
5.93166    
3.86578    
3.89470    
2.54132    
2.93659    
3.00222    
4.04569    
2.06323    
4.00501    
3.07113    
0.83676    
0.21584    
4.89120    
1.09459    
3.93711    
4.00761    
1.04348    
3.42257    
5.87368    
3.89419    
5.34394    
0.18247    
2.99526    
3.04568    
2.87836    
0.19565    
2.96420    
3.97091    
0.58197    
3.06053    
2.89384    
1.15162    
3.54259    
2.93525    
2.00340    
0.12240    
1.47659    
2.50227    
3.78250    
2.98402    
2.91808    
2.88732    
0.55737    
0.11817    
4.82272    
1.98451    
3.93952    
1.59925    
4.93252    
4.04932    
-1.79092    
-0.87553    
1.03301    
3.02068    
4.42719    
1.14828    
1.01589    
2.96399    
0.94384    
2.10868    
5.41748    
5.50708    
4.90954    
3.87185    
1.99938    
0.62191    
2.98853    
3.96906    
2.95287    
3.00755    
4.83469    
0.00348    
5.91099    
3.97610    
0.54423    
-0.34717    
0.11071    
1.22334    
3.85852    
1.02959    
1.51440    
3.61530    
3.12990    
4.80923    
1.99248    
2.48309    
2.97922    
-0.38350    
2.91124    
3.43755    
1.62466    
3.15510    
0.07330    
0.14649    
5.05588    
3.95547    
0.57158    
3.96389    
1.54482    
1.98439    
1.09172    
-0.04052    
2.62458    
2.96785    
2.94933    
2.46757    
2.06906    
1.92267    
3.94200    
2.01942    
3.53975    
2.06606    
1.97300    
0.02345    
2.00977    
3.00200    
3.46972    
2.88147    
1.87036    
4.47357    
1.10846    
2.49343    
2.09227    
2.51461    
-1.09482    
1.14317    
3.85097    
2.98673    
6.46896    
2.85381    
4.10909    
3.99441    
3.84661    
3.64799    
4.91146    
-0.44045    
0.01988    
2.97619    
1.04420    
4.54972    
0.51564    
3.51870    
-0.87468    
3.01594    
4.02392    
3.38544    
4.88456    
4.52820    
2.93926    
2.88574    
-0.31144    
3.02453    
5.32995    
1.94910    
1.94593    
3.98762    
2.91922    
2.90965    
4.90497    
1.03604    
3.00163    
4.98381    
0.07820    
2.92111    
3.94993    
3.96253    
1.21175    
3.95618    
2.52228    
3.93064    
1.55302    
2.07040    
2.97760    
3.06201    
2.98146    
2.99617    
2.93858    
4.07769    
1.92717    
3.48397    
1.13387    
1.01717    
-0.91200    
1.97998    
3.12562    
3.57294    
2.83244    
3.99689    
3.96244    
3.12513    
2.97457    
3.89383    
3.98990    
3.02830    
3.02713    
2.05786    
-1.29716    
1.03115    
2.99854    
1.98961    
5.97115    
3.45176    
4.14419    
3.96539    
3.10056    
2.36336    
3.07172    
2.01996    
2.40083    
1.97142    
4.95094    
3.38053    
3.03746    
1.91996    
2.96448    
3.95698    
1.89750    
3.52275    
3.15050    
2.46020    
2.88171    
4.92411    
4.35656    
2.04454    
1.55255    
2.45129    
2.16737    
3.43922    
3.56409    
3.57396    
3.01026    
2.81908    
3.41836    
3.91084    
2.98583    
2.85516    
1.36947    
1.95848    
4.88956    
1.43644    
4.53461    
3.07576    
1.06275    
3.97574    
5.48423    
1.11667    
2.04814    
6.47967    
3.36099    
2.49366    
2.08342    
1.90967    
-0.01390    
2.47087    
-0.07217    
4.51561    
2.87894    
3.04340    
3.00150    
6.07799    
1.94541    
5.16641    
3.43928    
3.86701    
4.43299    
3.83859    
2.81134    
2.55711    
3.01447    
2.97425    
1.54528    
3.41283    
3.04680    
5.93157    
2.50600    
1.44326    
3.17189    
2.78253    
3.06928    
2.13086    
2.06748    
5.90071    
2.98068    
2.51739    
2.92020    
2.88131    
2.95222    
2.91910    
4.85858    
3.98992    
0.01678    
2.55892    
3.00125    
2.97953    
1.89355    
1.03779    
4.18783    
-0.07074    
3.18412    
1.12103    
3.42523    
2.59095    
3.90607    
5.30875    
4.07568    
1.89128    
1.09675    
2.98008    
-0.97089    
3.54293    
4.29235    
3.00559    
3.10044    
0.93012    
2.08082    
2.92856    
2.85295    
0.85712    
3.36198    
2.95867    
2.47167    
2.38298    
1.54045    
4.90424    
3.88276    
2.95459    
1.56440    
4.02373    
2.00372    
1.49034    
2.09208    
1.49705    
-0.83154    
0.02243    
2.16675    
2.85879    
1.12767    
4.85199    
4.96574    
4.44185    
4.89885    
4.79294    
2.02366    
1.99834    
3.96872    
4.39577    
1.71085    
5.05012    
6.78963    
4.95522    
3.00044    
0.92006    
0.89592    
3.03132    
1.91456    
2.09335    
3.48535    
3.04019    
5.41699    
2.80076    
4.06957    
1.17520    
2.95580    
-0.52914    
2.04369    
0.97002    
3.85194    
1.59513    
4.92706    
4.03834    
5.96396    
3.97078    
3.34859    
1.13637    
2.41626    
1.98941    
2.96055    
2.97441    
3.98390    
2.96754    
3.00551    
3.82361    
2.54653    
2.51018    
2.44005    
2.50460    
1.56559    
3.07045    
0.60563    
3.79476    
4.04342    
3.42584    
1.15285    
2.97206    
1.03872    
3.46488    
3.58177    
1.90746    
