5.28616    
4.41229    
4.40854    
2.93980    
5.94733    
2.89413    
3.47449    
3.94260    
8.37635    
4.94754    
4.98619    
4.81313    
3.98185    
1.45613    
3.45579    
7.42916    
5.91391    
1.01516    
4.01929    
6.88409    
4.46594    
4.93424    
4.85457    
5.04881    
5.04576    
6.86568    
4.50993    
6.85337    
5.01565    
4.91872    
4.43495    
2.08815    
5.44298    
6.32142    
4.07471    
5.85869    
6.87209    
4.07371    
6.02053    
5.85497    
4.92875    
3.57380    
6.89685    
5.97720    
0.96964    
7.02312    
4.02702    
5.53146    
5.94419    
4.08595    
5.06127    
1.51784    
4.98202    
2.15797    
4.34054    
5.42352    
4.91939    
2.49731    
2.08332    
3.09609    
6.21873    
3.56641    
4.91436    
3.10161    
2.47927    
2.99564    
2.00343    
4.01854    
4.04282    
5.86663    
4.36826    
4.56522    
6.88964    
4.97511    
4.00117    
4.46864    
2.54953    
4.84402    
4.85483    
3.92618    
5.02711    
2.97449    
5.79036    
5.02483    
1.47496    
4.02217    
6.87758    
6.37685    
3.45925    
5.04502    
3.06018    
3.14771    
3.95105    
3.92094    
5.51406    
5.44364    
4.82107    
6.50135    
3.97379    
5.47228    
5.54550    
3.00331    
5.40135    
4.06651    
4.24071    
3.55404    
5.85091    
4.06007    
6.86762    
5.92586    
5.10687    
3.58060    
4.95941    
5.92373    
4.91623    
4.99676    
4.40525    
7.10122    
2.63861    
5.04715    
2.03810    
3.91677    
2.51874    
6.54963    
5.02569    
2.96599    
5.06451    
6.46541    
5.90351    
5.00382    
4.98098    
4.50909    
5.50923    
5.01193    
7.42770    
5.43767    
3.99036    
4.95603    
6.36549    
3.95699    
4.97952    
6.94883    
5.95004    
1.00158    
5.46605    
5.01383    
3.99830    
2.85209    
5.02324    
5.91249    
4.13413    
3.95334    
6.42664    
5.81478    
4.54986    
4.98453    
6.78275    
3.94740    
3.10167    
3.51769    
5.00707    
5.47576    
5.12375    
5.89366    
3.39694    
3.91002    
5.11909    
5.37162    
5.98757    
2.25476    
4.91791    
4.95688    
5.96361    
3.94810    
5.97950    
4.48379    
6.13672    
3.99564    
3.99557    
5.44415    
5.85859    
4.95768    
4.05128    
5.04956    
4.88485    
2.88141    
5.92782    
5.15881    
2.63063    
5.90520    
3.02506    
5.08372    
2.91058    
2.97701    
5.37505    
5.84448    
4.06298    
1.07194    
2.94506    
2.88468    
4.93994    
3.49488    
4.05383    
4.88457    
4.95577    
2.85129    
5.10660    
1.84182    
6.86369    
5.46002    
5.05675    
4.51749    
6.90386    
4.92378    
4.51043    
4.95870    
1.98127    
3.43626    
4.10660    
4.40899    
2.20773    
2.87666    
4.44193    
6.42837    
3.99207    
4.09097    
5.81385    
4.51279    
3.45161    
5.46199    
6.45593    
3.58060    
4.13058    
5.98502    
3.42206    
2.92241    
6.40294    
5.03228    
3.45342    
6.02427    
5.47805    
4.76324    
1.61049    
5.90763    
1.67987    
2.94186    
3.93793    
3.57909    
5.40742    
2.01273    
3.39696    
4.85448    
5.03227    
3.96136    
4.51654    
6.03120    
4.01134    
3.12402    
5.87900    
6.07092    
3.93055    
6.51897    
5.64520    
5.94108    
4.01401    
6.88112    
4.46111    
5.98249    
3.01135    
3.99212    
4.01025    
5.45806    
5.00805    
4.99788    
3.93901    
3.00062    
5.03884    
5.95611    
7.89577    
5.92638    
5.94728    
3.89631    
4.97139    
5.94830    
0.60571    
3.95951    
0.90016    
3.94647    
3.43749    
3.94487    
5.52787    
2.55347    
4.94863    
4.53840    
5.01294    
3.44596    
3.98238    
6.43515    
3.54117    
3.99738    
7.83591    
5.17916    
3.95558    
6.94558    
5.49931    
6.43723    
7.06630    
8.00204    
3.51004    
6.99026    
3.89993    
5.93627    
5.03470    
1.97358    
4.51512    
4.40901    
5.88437    
5.88643    
3.94274    
3.99770    
4.40615    
4.47654    
3.66132    
2.69830    
5.90573    
2.93523    
3.01754    
4.99663    
5.47125    
5.01220    
3.00612    
4.57677    
6.08086    
3.99954    
5.44418    
6.36865    
6.34126    
4.88948    
5.86887    
2.99989    
5.77962    
3.04568    
4.79103    
6.40811    
3.90663    
5.06482    
2.48327    
3.98822    
2.06665    
4.93268    
5.93289    
2.06141    
4.48155    
3.88305    
4.93115    
5.95708    
6.42422    
3.89311    
4.57151    
4.61222    
5.63979    
3.07525    
3.08406    
6.85282    
4.03802    
6.97834    
3.19454    
4.93200    
4.88972    
5.42206    
3.97230    
6.38771    
3.95693    
5.44004    
4.86583    
2.15026    
5.49802    
3.00231    
2.93704    
2.94393    
5.42693    
2.44035    
5.01327    
5.51492    
2.34772    
3.93036    
2.94881    
3.06394    
4.03056    
2.01147    
2.99006    
5.97466    
4.14142    
5.49240    
5.92235    
4.52742    
3.98275    
5.97540    
5.07024    
5.50461    
2.10454    
4.89429    
4.95060    
2.89598    
3.46202    
3.03731    
4.02270    
3.92583    
4.02140    
2.08812    
1.09616    
6.81669    
7.98402    
3.97386    
7.88338    
4.87930    
3.56104    
4.89737    
5.53644    
5.36427    
2.96410    
4.96726    
5.02645    
4.03144    
3.02010    
4.51005    
4.07895    
3.96597    
6.01086    
5.51349    
4.02937    
2.43830    
4.99176    
4.48992    
3.44863    
6.87894    
3.87892    
4.55816    
5.19892    
6.97771    
5.39099    
5.75688    
1.95421    
4.92139    
6.95043    
6.09169    
6.90376    
6.00203    
3.38276    
4.91819    
2.92893    
7.49864    
4.96295    
3.97712    
5.07138    
5.91747    
5.94913    
6.50930    
6.43189    
3.03227    
5.87270    
5.47153    
5.27874    
4.93999    
3.99427    
5.99372    
2.06435    
3.04478    
2.64163    
4.07998    
5.97909    
2.94391    
6.53986    
4.46063    
3.08119    
4.91413    
3.40620    
3.90002    
2.01301    
4.08433    
6.84915    
3.97465    
5.47782    
4.13369    
4.17988    
4.44623    
7.94059    
3.53559    
0.97879    
5.82857    
4.09962    
5.50344    
3.00406    
4.90588    
7.88715    
6.00049    
7.40813    
4.90031    
4.96419    
5.43102    
6.87806    
4.52498    
5.02371    
6.42703    
4.92339    
4.51052    
4.09095    
2.49026    
3.04180    
4.59233    
3.50854    
6.41377    
5.61630    
9.38758    
6.00530    
1.99380    
4.57589    
4.08736    
2.92163    
3.42542    
3.53913    
7.00435    
3.03970    
3.46180    
5.56629    
5.43555    
6.83501    
6.92333    
6.02675    
6.51662    
5.94652    
4.99606    
3.10040    
2.09625    
5.52751    
3.98399    
5.48421    
3.12741    
5.42805    
5.40849    
3.42444    
4.05161    
3.85245    
5.52074    
3.53319    
5.48493    
7.79385    
3.11838    
5.90684    
2.93170    
1.07609    
7.31953    
4.44629    
4.46559    
4.95661    
-0.01233    
1.99352    
6.97943    
1.97560    
7.88742    
2.99242    
4.40806    
4.87517    
4.01312    
4.48661    
4.95830    
1.91746    
4.97351    
5.91079    
4.49613    
4.12990    
4.86354    
2.94200    
3.95176    
6.70608    
4.01103    
6.43539    
4.53751    
4.00426    
3.96434    
6.90247    
6.84644    
3.51212    
3.54605    
2.53853    
3.91070    
3.94357    
4.02424    
1.99714    
4.08100    
2.51266    
3.55779    
2.69360    
5.38393    
6.97465    
6.34855    
5.52281    
6.81729    
4.01495    
7.79907    
3.38751    
4.97042    
4.39500    
4.94419    
3.02675    
4.70405    
5.89108    
5.00914    
5.90353    
2.98167    
3.50323    
5.33639    
2.91879    
4.99031    
5.01844    
5.37620    
0.07309    
6.03659    
4.59957    
6.42288    
6.77513    
5.44941    
3.98334    
6.76431    
2.39038    
6.90229    
3.95756    
3.93350    
4.93164    
4.84797    
7.80482    
3.11037    
4.04160    
5.53479    
8.90707    
4.01843    
6.83384    
5.45900    
5.50101    
3.02278    
2.98831    
5.31236    
7.90540    
5.94958    
1.14754    
5.91330    
6.93023    
3.87784    
3.89055    
4.92374    
4.53482    
4.56275    
4.01779    
3.42714    
6.71515    
4.03392    
3.07396    
5.89013    
4.99842    
6.34482    
5.99724    
6.40618    
2.94105    
4.15377    
2.61387    
5.89331    
1.99911    
3.47199    
5.33446    
4.02794    
6.79254    
5.41401    
5.95987    
5.80851    
5.00640    
5.80958    
4.02882    
4.00255    
5.93148    
2.02842    
4.13542    
5.00652    
4.06424    
2.08826    
3.07198    
5.83511    
4.41818    
4.47002    
2.42457    
4.92440    
6.47214    
5.54231    
4.45015    
4.05048    
3.91969    
4.99493    
4.06886    
5.88555    
2.06438    
1.51597    
4.07896    
6.60175    
4.00181    
5.76507    
4.46213    
3.88978    
5.45671    
5.97844    
5.94343    
2.49846    
3.16476    
4.94164    
4.44821    
3.53574    
4.16880    
3.89553    
4.85275    
4.10941    
3.91926    
1.90508    
4.47078    
2.96002    
4.95525    
3.97517    
6.47865    
4.94522    
4.96958    
6.86326    
5.94187    
4.97823    
6.39544    
3.00207    
3.09627    
5.98053    
4.87466    
6.92376    
3.95110    
6.78348    
2.95160    
3.02020    
5.50360    
5.43322    
5.01337    
5.41546    
4.40674    
5.02422    
3.00446    
8.33132    
5.90464    
3.05256    
5.94662    
4.06007    
4.95184    
5.99062    
0.56216    
4.88633    
6.88263    
5.45416    
2.61806    
3.01900    
5.93064    
4.52274    
4.00517    
4.93977    
6.05210    
3.96949    
5.02661    
3.99501    
1.00655    
5.00476    
4.38184    
6.91942    
6.99449    
6.86721    
4.95584    
2.79560    
5.00148    
4.54174    
2.46679    
4.92363    
5.87815    
5.08619    
5.91245    
5.02705    
4.44440    
2.42961    
4.92022    
3.58252    
5.41434    
5.56136    
4.94851    
5.95880    
2.94323    
4.98364    
5.06107    
3.02593    
4.49856    
4.83105    
4.10587    
6.95049    
5.12318    
1.48574    
5.86919    
7.95315    
3.98808    
1.95206    
5.06256    
1.99451    
5.50918    
4.97413    
4.00932    
5.41693    
5.91977    
5.41722    
6.01242    
3.51430    
3.44320    
6.50661    
3.98460    
3.93991    
2.00885    
3.08714    
7.77856    
5.31137    
3.98814    
4.35350    
4.00975    
7.85604    
5.39509    
3.94484    
4.01732    
4.87979    
3.01038    
6.37186    
3.92365    
6.29826    
4.44755    
3.96804    
6.90520    
5.44351    
4.46774    
5.85986    
4.92913    
4.94106    
4.92728    
3.91111    
3.41334    
7.99459    
3.90755    
2.95554    
2.54912    
7.95474    
4.90926    
5.95584    
4.02319    
2.97779    
3.98201    
4.96200    
4.06448    
4.98799    
2.07308    
5.49840    
4.95356    
4.00091    
4.99459    
5.38055    
2.05100    
5.87830    
3.51245    
2.52132    
3.96542    
5.90406    
5.88218    
5.00591    
5.96398    
5.46585    
6.02805    
4.00078    
3.10997    
5.34594    
4.98135    
5.54206    
4.89621    
3.43688    
3.89780    
4.53886    
4.43381    
4.14279    
4.99522    
5.44506    
4.44630    
5.84504    
6.77532    
3.06631    
1.10933    
4.94679    
4.57611    
4.91881    
4.90835    
4.99184    
4.52610    
3.94158    
3.13925    
2.91973    
5.00445    
6.44667    
5.97012    
4.01838    
3.05743    
5.95309    
3.86187    
6.04055    
3.06681    
4.94275    
5.97468    
4.51028    
1.10331    
4.82869    
2.08696    
3.89431    
4.76536    
1.61668    
5.10566    
4.46076    
6.73223    
6.47718    
1.07908    
5.99589    
6.46130    
5.86532    
3.47815    
5.81120    
3.49245    
7.29090    
3.52084    
6.35872    
2.66734    
4.03424    
4.13065    
3.00249    
6.04274    
6.90837    
6.92446    
6.44680    
4.92510    
3.01016    
4.49082    
2.08370    
2.92992    
5.04137    
5.90327    
3.61026    
4.04248    
5.38601    
4.98553    
3.89784    
3.94883    
5.95386    
5.04917    
4.93207    
5.46705    
2.43956    
1.52733    
2.96059    
4.97556    
5.92079    
3.90936    
6.92710    
5.92570    
5.54107    
1.91691    
4.16095    
6.36098    
5.81685    
5.44752    
7.47666    
6.89972    
6.05588    
3.88685    
5.89143    
4.14337    
1.96268    
4.09586    
3.83354    
2.06769    
5.07391    
5.88313    
2.56380    
4.98283    
2.03720    
4.41214    
6.80904    
2.11450    
3.49344    
4.48139    
4.11511    
4.52773    
3.82193    
6.50961    
4.13385    
3.01756    
5.98471    
6.78245    
7.86457    
4.04311    
5.87649    
1.53094    
2.55760    
3.97268    
3.92595    
4.88514    
3.08460    
5.96714    
3.09323    
3.00526    
4.40415    
3.97078    
4.41622    
7.82199    
4.06514    
5.83742    
5.94676    
4.53824    
6.03523    
5.15953    
2.55753    
4.00353    
3.51444    
4.05064    
5.95983    
5.82912    
5.10378    
4.13543    
4.58615    
4.60317    
4.08645    
4.31474    
5.89077    
4.97955    
6.38962    
6.86678    
6.83639    
5.03210    
3.83780    
6.89421    
4.50887    
1.89533    
4.00587    
3.47254    
5.47525    
4.92970    
5.92054    
3.50252    
6.46507    
6.32772    
2.08988    
4.61491    
5.31483    
3.83521    
4.81860    
4.50887    
3.11598    
4.31701    
2.99297    
4.88610    
3.02302    
6.88292    
4.92183    
6.03617    
4.40638    
3.37693    
4.13153    
3.00252    
6.87966    
3.14942    
3.12203    
4.84708    
3.03023    
3.94088    
4.96878    
2.97873    
3.52736    
3.09907    
4.50664    
2.93588    
5.92362    
6.01679    
5.37445    
4.99236    
6.88740    
3.59987    
5.41327    
5.95723    
2.17342    
4.94720    
5.89719    
5.02083    
3.56606    
2.97978    
3.45405    
3.53620    
4.88335    
3.02341    
4.42533    
3.96466    
3.95602    
5.85465    
6.89112    
5.95321    
5.89012    
4.43547    
6.93655    
1.55468    
3.07644    
5.93501    
4.95620    
4.96120    
1.88560    
4.93229    
3.44907    
5.94276    
3.99111    
6.55758    
3.49848    
3.97120    
4.47536    
6.44874    
5.41852    
5.99306    
1.97701    
4.93329    
5.86453    
3.52124    
5.46177    
4.97624    
4.90766    
6.04897    
3.60063    
5.99149    
4.03253    
5.48495    
2.06911    
3.93110    
4.76988    
6.04008    
2.98169    
2.47195    
3.09151    
3.90734    
4.92053    
2.03823    
3.93918    
7.98715    
2.56191    
3.09014    
4.48211    
5.44681    
5.37874    
7.03123    
6.86255    
4.94507    
5.01744    
3.07015    
5.54049    
3.97653    
2.05435    
3.93855    
3.84399    
4.48807    
3.97649    
4.84530    
3.51879    
4.95522    
6.42233    
6.06642    
3.95836    
5.41571    
5.60010    
5.95719    
2.97581    
1.10118    
3.98369    
4.98760    
4.10700    
2.14687    
5.85205    
7.82652    
5.46738    
-0.39664    
4.92512    
3.94388    
2.79563    
3.20401    
4.98761    
6.04389    
3.98233    
5.89723    
8.39298    
3.16557    
4.47192    
2.01889    
3.01275    
6.38444    
6.86005    
5.53282    
4.88469    
7.42505    
3.51270    
3.91404    
5.07178    
5.90993    
3.53249    
3.02489    
4.40866    
2.52495    
5.39470    
3.59675    
4.07291    
4.09178    
4.93833    
3.91657    
4.05687    
4.94176    
3.53364    
3.00304    
2.93013    
5.47453    
5.87135    
5.04041    
7.44227    
4.52930    
3.58962    
4.83204    
3.99625    
6.40007    
2.55764    
3.91423    
2.54671    
2.89149    
4.88109    
4.57655    
3.49881    
6.44642    
5.54598    
4.96551    
5.88135    
4.43896    
5.00650    
5.00147    
4.99440    
3.47876    
5.98234    
3.10461    
3.08222    
4.02030    
6.94850    
7.00330    
5.04357    
4.04864    
5.84828    
6.49853    
5.40483    
4.03336    
4.63044    
4.02858    
4.91671    
4.89525    
4.91997    
2.01800    
5.54184    
4.97998    
5.01901    
2.49363    
7.03445    
4.01193    
3.53603    
3.49946    
2.09709    
6.40463    
4.08906    
5.02283    
2.99554    
5.53927    
2.04518    
4.93957    
4.00312    
7.76473    
2.82558    
4.08980    
3.03917    
5.82278    
6.01532    
6.00989    
3.02455    
5.40857    
2.97432    
5.05630    
6.88663    
7.00373    
4.89102    
6.01201    
2.04280    
4.96109    
3.50745    
3.54126    
3.04820    
5.00050    
5.88758    
4.59682    
3.50547    
6.45571    
5.34869    
4.89884    
5.49547    
2.87167    
6.01313    
3.94971    
1.11770    
6.36374    
6.49263    
2.99467    
5.03100    
5.44581    
2.42977    
6.83581    
6.84244    
4.08955    
3.09637    
6.00941    
7.69574    
3.11819    
1.92142    
3.06086    
6.43654    
5.95826    
4.99124    
3.95855    
4.94205    
2.63233    
3.94566    
3.96910    
4.46299    
5.02064    
5.03270    
5.60608    
5.41330    
4.97016    
4.44462    
3.91512    
6.95397    
3.47541    
3.87201    
5.08870    
4.03445    
3.91129    
4.94803    
4.57923    
5.04346    
4.09537    
6.46721    
5.80526    
4.51587    
5.39030    
2.63373    
6.82294    
6.96512    
3.62113    
4.11466    
3.97983    
5.90964    
6.94090    
2.45458    
2.87182    
4.02743    
3.98768    
3.91966    
2.98088    
6.91507    
3.89722    
4.83113    
6.05840    
5.47460    
2.00856    
1.84854    
4.31940    
4.92345    
4.44106    
3.45590    
5.00869    
6.93186    
4.05232    
4.97718    
4.91124    
2.52415    
5.95970    
5.90882    
4.00356    
5.48190    
4.02476    
4.97806    
5.11238    
4.91689    
6.75109    
4.97401    
5.36919    
6.00587    
3.06286    
4.02943    
2.90277    
5.96051    
7.69218    
1.57031    
4.87167    
6.01462    
4.53281    
5.89100    
2.98182    
4.87444    
0.97132    
3.95756    
4.11888    
4.45602    
3.12597    
5.39879    
5.06642    
4.03588    
4.14023    
6.47726    
3.96739    
5.00693    
5.03426    
5.92423    
3.95143    
4.66016    
3.06686    
3.96673    
4.50685    
5.88656    
4.62690    
5.59534    
5.84614    
6.87746    
3.92236    
7.39221    
5.00798    
3.54827    
4.34887    
2.00704    
3.96249    
4.91492    
5.04161    
6.98396    
5.07534    
3.11240    
3.98371    
6.77254    
5.84715    
5.07723    
4.91662    
4.00331    
2.91830    
4.52591    
2.09816    
6.05990    
5.92323    
4.95073    
4.33639    
4.62243    
3.55067    
5.96749    
8.26191    
3.97123    
2.48220    
2.97168    
4.91474    
6.44859    
7.47395    
5.92377    
4.91019    
3.00030    
3.42025    
5.07886    
2.54882    
3.14071    
5.92519    
7.35042    
6.95566    
4.08577    
4.99342    
5.47887    
2.49802    
3.96595    
4.05252    
5.92155    
6.00562    
4.44030    
3.99922    
4.10352    
3.98745    
3.40761    
5.06330    
3.96544    
4.48751    
7.86382    
3.96585    
2.02438    
3.46061    
3.08004    
6.86471    
5.86815    
5.81421    
4.13386    
6.96242    
3.98895    
3.47945    
6.26662    
3.12638    
4.07997    
5.86813    
6.91310    
5.50108    
3.97254    
5.44891    
3.49443    
4.97873    
5.06825    
3.98030    
4.02215    
6.98519    
3.02639    
4.93824    
5.93653    
2.54285    
1.98500    
3.51428    
6.57146    
5.91705    
6.52349    
4.52928    
3.96844    
3.58340    
1.96830    
3.08279    
3.07318    
5.88840    
4.06484    
3.96050    
7.96018    
3.53917    
3.98112    
2.09782    
2.09221    
6.48276    
3.51575    
2.58887    
4.95161    
7.93539    
2.96353    
3.48727    
4.46619    
4.45022    
3.19134    
5.51068    
4.10940    
2.53837    
6.89976    
5.03007    
2.48982    
6.94476    
2.95995    
5.41028    
3.98857    
3.44749    
5.42459    
3.89130    
3.22702    
3.58908    
8.05593    
4.33232    
3.41543    
5.43911    
5.88317    
5.38018    
2.55361    
4.03955    
7.79518    
4.53454    
4.55667    
4.83626    
5.98842    
4.09187    
4.46663    
7.03580    
7.05647    
7.98592    
4.42293    
4.09509    
5.00514    
2.44977    
6.36494    
2.53586    
5.43426    
3.94292    
4.01903    
4.90288    
3.90844    
4.84308    
2.93516    
4.49727    
3.53018    
6.01717    
4.49736    
3.05923    
3.90891    
6.04161    
4.08845    
5.90308    
7.96916    
3.12021    
4.92408    
4.88976    
3.94562    
4.46428    
4.80526    
6.34720    
3.00421    
4.87929    
2.89275    
1.00481    
7.02580    
5.38372    
3.99347    
5.55577    
5.85260    
6.00556    
6.45691    
5.97611    
4.98161    
5.41549    
5.12451    
4.96369    
4.34714    
4.96326    
4.40457    
4.88753    
4.97948    
3.01841    
4.95039    
7.98056    
4.91695    
3.10790    
3.99339    
2.90759    
3.09054    
2.91613    
6.49452    
6.99797    
3.96174    
4.92634    
5.06065    
3.93015    
4.90168    
5.05487    
5.39320    
5.82000    
4.45281    
2.10785    
6.92023    
5.37760    
5.85334    
3.97136    
3.52394    
5.00396    
2.56767    
7.02861    
4.10705    
4.47295    
4.96514    
5.47996    
3.55596    
3.06477    
3.99667    
4.51419    
3.92635    
4.97215    
1.16001    
3.49009    
4.98366    
3.15635    
3.18991    
3.99441    
0.68100    
5.96340    
3.03411    
4.08726    
6.90494    
4.88999    
3.45509    
2.03401    
3.52145    
5.87529    
4.91107    
2.60042    
5.03893    
4.88738    
4.00726    
5.87640    
4.61150    
6.91312    
3.89748    
5.84482    
4.00706    
6.05341    
3.58741    
4.03108    
3.58215    
3.81360    
3.00572    
2.48622    
1.93926    
6.91539    
3.97699    
6.42497    
6.03758    
6.55649    
3.74125    
6.48268    
3.45284    
3.54062    
4.46488    
4.92511    
5.96839    
3.60121    
6.96116    
5.83047    
5.42776    
4.09434    
3.07232    
4.38443    
5.88320    
5.06352    
3.54594    
2.97605    
2.97774    
5.59641    
5.98378    
6.83238    
4.88690    
6.88523    
6.97214    
3.02596    
6.39043    
3.94049    
5.96485    
6.94035    
5.91179    
4.36974    
2.07950    
3.11759    
6.30368    
4.99799    
2.98438    
2.49037    
3.02014    
4.45164    
5.75535    
3.98561    
3.89012    
2.16776    
5.91317    
5.86674    
3.57640    
3.08663    
6.50961    
4.41693    
3.86125    
3.58499    
3.12677    
3.01492    
4.50838    
4.62526    
5.92397    
4.37786    
5.39114    
5.08841    
3.96785    
3.90344    
5.01440    
2.45233    
3.96386    
1.93143    
2.07734    
3.50770    
2.95798    
4.98099    
5.39884    
4.00284    
8.89127    
5.38660    
5.00756    
5.98747    
0.94865    
3.40077    
3.90507    
3.49847    
5.01059    
5.01105    
4.09153    
4.00179    
4.42794    
3.78484    
4.66651    
4.95928    
5.08014    
4.03250    
5.97793    
7.42994    
3.56777    
5.01527    
6.39318    
5.03585    
4.46873    
4.06975    
4.35342    
5.95851    
6.40466    
4.42581    
3.63313    
4.94791    
5.48694    
6.00521    
6.07327    
5.48507    
1.60074    
3.45847    
5.88708    
4.93946    
4.86384    
7.29848    
5.82592    
3.60837    
4.51891    
6.45795    
3.07476    
4.36275    
2.58009    
2.90681    
3.94015    
3.95263    
5.97887    
4.11682    
5.84206    
5.78404    
4.42235    
3.99225    
3.41573    
1.00606    
4.86524    
2.59446    
4.35652    
4.97698    
5.44240    
2.21226    
2.04176    
4.92180    
4.50074    
4.04336    
5.04071    
5.37276    
3.43793    
4.87463    
3.45744    
2.06553    
5.92899    
6.93887    
5.10845    
3.55351    
7.05368    
5.02074    
3.95056    
2.57685    
4.45998    
5.91865    
3.86431    
4.99474    
5.99072    
5.45604    
6.31052    
3.02618    
3.02677    
4.98889    
2.15836    
5.51470    
5.83749    
6.80797    
4.88393    
4.05305    
3.91722    
5.09822    
4.28813    
4.02352    
4.08473    
4.00506    
1.65189    
7.35528    
4.91970    
4.09022    
6.80123    
3.01343    
9.79246    
7.34972    
6.43147    
2.09996    
3.94372    
7.79633    
4.43707    
5.37883    
0.99581    
7.81663    
2.48501    
4.96278    
4.99712    
3.96248    
4.03390    
3.94051    
4.96761    
3.07436    
4.89486    
4.59018    
5.56212    
2.98321    
4.39131    
3.57343    
2.08896    
2.16158    
4.94908    
2.96923    
6.98346    
4.94422    
5.02524    
3.55133    
4.45184    
2.90259    
2.10288    
4.10786    
3.23181    
2.56355    
3.88747    
3.51704    
5.44825    
6.34222    
2.99728    
4.05070    
5.92806    
4.99622    
3.02756    
5.01436    
5.11457    
3.28037    
4.67960    
3.01388    
4.49405    
4.14257    
4.11252    
1.06391    
4.87834    
3.07338    
4.87206    
6.81723    
3.36741    
2.91069    
3.08325    
4.97162    
3.89668    
6.46400    
5.43889    
4.01756    
1.72044    
4.47482    
4.53598    
4.18949    
4.87496    
4.92515    
4.91239    
4.39111    
7.36222    
4.96106    
3.82354    
3.98220    
6.09029    
4.95934    
4.87941    
4.93390    
6.07519    
3.99443    
2.99934    
4.90793    
3.07449    
4.48919    
4.05480    
4.91187    
3.06130    
3.85715    
5.91648    
6.55429    
4.55985    
3.50402    
5.57774    
6.00650    
3.42233    
5.04027    
3.62156    
4.98260    
6.00402    
5.00593    
5.09092    
3.08195    
3.09642    
5.06552    
5.38950    
5.82658    
4.50635    
7.48497    
3.46990    
2.91004    
1.50883    
6.93212    
5.44853    
4.53336    
3.94609    
3.07169    
5.36059    
4.97624    
5.91756    
4.92651    
5.00422    
8.40983    
5.94710    
3.00206    
5.39531    
7.76968    
5.02109    
4.78082    
5.57551    
5.11256    
6.53176    
4.50655    
3.38972    
6.84700    
6.88019    
5.02948    
5.40135    
6.01404    
6.81658    
5.00625    
6.49767    
4.89847    
6.98083    
3.97010    
5.01108    
6.03111    
3.58337    
5.45082    
6.05443    
2.47011    
5.01947    
7.91159    
4.95196    
3.01954    
4.61321    
1.96562    
6.97913    
5.41970    
3.99087    
3.15667    
5.75835    
4.01647    
4.08906    
6.37717    
3.99243    
5.97931    
5.41001    
4.50410    
4.00389    
5.44108    
3.00777    
3.39370    
5.93139    
5.93760    
2.98299    
2.14539    
4.97084    
4.54049    
5.99966    
4.05245    
5.03796    
8.36681    
5.45150    
2.20854    
1.99724    
4.98513    
5.04976    
5.94513    
2.47684    
6.75914    
6.81907    
6.00175    
5.93390    
5.04249    
3.48911    
3.96884    
3.78597    
2.66413    
4.43631    
4.20033    
4.89781    
3.99633    
5.96413    
3.89614    
4.57090    
6.42992    
6.36862    
3.86789    
4.02668    
4.88206    
3.00010    
2.99043    
4.86948    
3.02460    
5.08650    
2.88570    
4.96740    
1.46118    
6.00808    
5.01693    
5.98734    
5.98014    
5.42399    
4.94141    
4.98887    
4.00596    
4.54684    
6.80066    
5.47864    
4.03504    
5.04498    
6.72101    
5.35212    
2.97386    
5.41392    
4.93712    
7.90173    
7.00652    
4.41181    
4.92166    
6.02982    
3.42873    
7.31136    
3.94207    
4.02299    
3.66165    
5.96308    
5.07411    
7.88266    
3.09555    
5.87209    
4.66060    
7.12105    
6.05423    
2.55257    
2.95147    
2.92757    
5.02629    
2.99326    
3.49323    
7.36523    
3.17778    
4.92961    
3.46751    
4.44003    
4.95108    
3.48463    
2.63760    
4.03122    
3.90426    
4.80263    
3.02409    
5.05633    
6.92960    
2.01132    
4.99153    
4.46915    
4.00078    
5.86771    
6.93665    
6.82132    
6.47982    
6.86937    
4.02679    
5.85922    
2.88898    
3.57776    
6.91902    
4.06022    
1.99450    
2.98640    
2.43407    
4.99967    
5.08510    
3.91451    
4.47774    
4.55578    
5.88290    
2.06704    
5.90804    
2.09550    
7.99464    
2.96814    
3.18349    
3.98231    
3.04851    
6.98726    
7.47086    
4.03027    
1.57199    
4.43651    
6.75559    
5.02721    
3.62340    
4.51717    
7.95315    
4.48998    
4.41000    
4.01402    
3.92658    
4.89144    
4.92865    
4.91424    
3.52656    
3.96402    
3.98577    
4.57032    
5.42089    
6.52306    
4.89030    
4.85346    
4.52592    
3.40612    
5.85113    
4.02587    
4.04691    
2.55364    
7.00019    
4.48726    
4.44564    
2.49131    
3.44911    
4.49160    
4.97541    
5.98439    
6.92146    
5.85334    
3.97371    
3.66831    
5.93908    
2.88309    
4.08905    
4.42336    
2.97792    
4.96398    
5.87491    
0.65577    
2.95785    
4.91838    
4.46469    
4.05638    
2.46984    
5.90365    
2.50727    
5.95296    
4.01984    
4.87432    
0.71816    
2.04100    
5.41099    
3.63975    
2.77317    
4.98896    
5.37967    
5.30869    
6.89948    
5.04707    
4.03914    
4.48933    
2.06181    
4.13627    
1.57546    
4.10003    
6.51191    
4.04458    
3.51939    
5.85381    
6.06537    
6.85390    
2.05318    
5.89424    
4.73510    
3.19660    
3.18338    
2.61468    
2.96406    
1.99689    
3.53861    
3.44640    
5.88748    
4.39494    
4.95706    
6.04636    
3.96903    
7.47458    
5.90652    
6.86017    
3.09331    
4.10468    
4.82155    
3.91531    
5.83592    
5.38351    
2.99170    
4.43638    
2.49301    
4.51563    
4.55492    
6.33292    
3.57257    
4.91884    
2.18596    
6.30517    
7.02537    
5.00614    
3.01979    
7.28458    
4.87335    
5.03382    
5.01496    
6.35827    
4.90926    
6.43830    
1.98289    
6.01232    
4.47260    
5.00123    
5.03457    
5.00970    
2.63256    
5.35010    
3.00088    
5.34566    
4.59018    
2.13091    
3.47056    
3.00282    
5.90653    
6.96744    
4.40068    
3.54334    
3.52950    
3.12399    
4.98523    
6.44643    
6.07788    
3.03478    
3.16740    
2.92868    
3.06183    
4.92872    
5.83220    
4.96053    
6.94638    
4.09986    
5.88598    
3.07222    
3.90852    
4.01800    
3.03011    
2.99469    
3.97336    
6.96169    
5.81258    
3.53569    
3.11318    
4.98544    
3.99720    
2.95557    
6.98053    
3.97778    
4.54607    
5.01277    
3.54303    
5.97813    
5.87914    
4.97030    
6.35572    
6.42102    
4.93656    
4.33654    
7.00537    
5.93336    
3.47211    
3.30639    
3.87009    
1.59245    
5.93487    
5.96138    
5.85776    
3.49369    
3.89641    
4.00559    
2.97020    
5.84674    
4.96606    
5.08094    
3.79726    
5.44968    
3.97880    
3.93458    
3.48345    
4.37472    
8.25541    
3.55096    
3.06409    
5.86908    
3.41197    
3.95776    
5.86436    
5.46274    
3.07134    
3.87746    
2.61092    
3.04991    
5.88621    
6.88912    
3.93801    
4.84802    
3.78663    
4.00502    
4.91654    
4.09664    
7.74876    
3.00747    
4.99561    
3.59244    
3.99016    
2.11560    
4.57826    
4.96235    
3.55447    
5.03108    
3.05499    
3.55775    
0.99878    
6.00721    
7.45864    
3.48154    
4.94968    
3.58371    
5.44234    
4.43521    
3.03314    
6.47918    
3.43155    
4.48089    
6.84388    
4.05572    
5.91863    
1.02472    
4.99208    
3.03701    
3.97868    
6.82661    
4.02592    
4.86821    
5.37105    
3.89242    
4.92768    
4.12543    
3.97815    
3.05821    
5.91877    
5.49967    
5.92990    
6.43738    
2.99644    
4.55645    
6.38757    
4.46675    
4.49964    
3.08822    
3.06282    
4.48769    
4.94329    
5.02368    
3.90306    
4.79570    
3.98190    
6.94673    
3.98640    
5.86524    
6.42524    
4.87230    
5.80396    
4.74253    
4.49390    
5.98978    
0.07775    
6.80673    
4.90663    
5.90550    
4.91119    
2.97665    
3.95918    
3.88771    
5.84112    
2.10610    
3.55142    
5.97178    
3.14849    
3.83846    
5.92485    
4.28339    
4.10301    
5.93419    
1.02320    
4.11579    
4.36075    
6.01026    
4.43586    
4.93233    
4.91709    
3.99647    
5.84263    
3.05104    
4.88098    
4.00650    
5.89831    
3.88026    
5.88272    
2.10465    
4.03419    
5.81331    
5.03901    
4.66781    
5.96878    
2.43720    
5.37999    
5.14759    
2.55802    
5.80913    
3.86102    
4.75222    
7.82520    
3.95405    
6.00381    
5.49231    
5.87844    
5.02595    
4.33951    
4.07754    
6.89555    
7.74417    
5.34540    
5.12997    
6.94278    
4.94176    
3.87962    
5.11997    
3.82922    
6.00515    
6.47892    
4.98060    
2.36574    
5.38891    
4.86362    
4.90211    
5.98534    
5.05590    
5.79673    
4.89540    
3.00174    
4.10584    
5.89255    
3.97303    
3.97516    
3.04297    
2.53648    
5.05541    
4.44300    
4.84875    
5.92137    
7.40931    
2.45071    
5.11379    
5.93455    
2.97596    
3.96617    
6.51676    
4.80845    
5.79727    
4.52986    
4.94308    
3.62310    
6.91931    
5.94569    
3.40552    
5.42573    
4.96929    
6.03561    
3.89622    
5.41623    
3.91997    
3.04041    
5.92870    
4.01073    
1.94679    
3.73207    
5.86289    
8.83795    
3.48231    
5.03919    
2.05613    
2.93744    
5.91875    
4.95078    
4.96705    
3.06563    
3.56228    
2.64214    
2.94837    
4.01541    
2.96097    
4.36280    
3.90377    
4.91874    
5.05173    
3.18763    
4.99880    
2.89325    
4.04547    
2.47928    
3.97647    
6.26284    
2.93690    
4.63370    
3.06493    
4.92717    
5.45685    
2.08802    
5.11154    
3.51591    
5.55753    
3.43783    
3.03302    
4.01559    
6.34694    
3.05048    
4.53679    
2.56846    
1.98438    
6.09753    
4.53941    
3.96739    
5.36980    
4.03952    
3.44003    
5.91155    
4.43336    
8.85388    
2.46424    
3.02681    
4.55942    
3.76577    
4.10563    
3.48891    
4.99814    
5.01680    
4.97503    
3.83894    
4.44695    
6.06596    
3.48896    
2.96672    
3.53794    
3.91900    
6.78946    
7.37011    
1.89251    
4.55105    
4.35585    
2.92039    
3.03078    
5.91944    
4.82880    
5.39471    
4.44056    
4.93925    
6.31891    
5.87795    
4.45174    
3.95888    
4.65377    
3.55475    
6.93811    
4.01341    
4.53401    
3.48336    
4.95860    
4.98878    
4.15596    
4.04589    
3.97497    
3.06641    
3.44206    
4.93087    
8.35472    
3.87323    
5.45214    
3.42042    
2.15675    
4.93962    
4.90022    
4.91867    
3.52183    
5.88576    
2.07906    
5.09808    
4.03405    
6.98643    
2.94083    
5.65279    
2.95172    
2.98552    
7.86116    
6.43930    
3.40988    
4.45575    
5.09277    
0.17914    
6.87052    
6.85021    
4.01136    
5.02121    
5.78311    
4.04695    
2.17089    
3.85798    
2.57916    
6.09377    
7.88088    
3.09117    
6.43194    
4.48506    
6.96438    
4.58141    
4.50093    
2.06072    
4.06048    
0.94779    
6.82218    
4.48361    
2.01023    
3.98180    
7.83463    
3.03274    
2.89886    
5.41235    
3.98308    
4.06593    
6.95233    
3.13799    
2.94603    
7.27969    
5.90536    
5.78151    
4.92757    
4.97717    
4.00578    
1.65404    
5.79719    
2.91170    
4.54722    
5.98963    
4.96919    
4.82989    
3.99534    
4.07208    
5.89130    
4.50626    
6.95296    
2.95006    
4.88717    
5.87865    
5.10624    
6.68144    
3.42292    
5.11057    
7.34536    
2.07924    
4.85290    
6.86958    
3.06918    
4.52007    
4.85545    
7.83042    
5.49977    
4.58113    
4.97683    
5.42574    
5.92665    
5.49844    
4.52204    
4.52562    
6.52718    
3.98314    
2.97235    
4.95726    
4.99130    
3.13811    
2.93627    
4.95698    
5.42694    
4.99227    
3.47793    
6.72774    
2.17535    
4.04967    
7.00372    
4.57626    
0.97406    
4.94754    
6.08515    
4.92852    
2.02645    
2.10721    
4.48327    
4.87554    
5.03503    
4.42083    
3.02183    
3.99333    
4.45263    
3.64230    
3.41391    
2.59951    
6.52598    
5.44356    
3.09795    
5.04991    
5.00824    
3.52400    
5.89865    
3.46606    
5.01646    
3.13513    
4.85963    
6.01964    
5.01927    
5.96015    
4.50413    
5.75274    
3.64543    
0.98337    
2.96473    
3.03419    
5.96127    
2.05941    
4.88086    
4.01678    
5.93183    
2.13415    
4.35986    
7.26337    
3.34808    
2.78829    
3.97575    
1.71817    
6.58639    
5.17781    
8.00480    
4.38741    
5.96516    
5.41140    
4.10893    
5.87770    
4.00319    
3.94907    
3.06845    
4.37989    
3.05292    
5.00546    
5.01157    
4.05988    
3.50883    
4.88694    
3.08132    
3.96062    
4.04793    
3.63095    
4.48871    
3.08211    
4.54933    
6.92667    
3.99037    
4.93234    
4.96205    
3.05408    
5.94980    
4.46621    
3.26235    
6.63233    
4.10708    
3.14227    
5.91395    
6.01385    
7.93476    
4.41803    
4.82366    
3.95401    
5.42832    
5.92547    
4.08134    
6.01784    
5.84536    
2.05176    
2.08693    
4.93299    
4.81087    
5.06311    
6.55235    
4.08137    
5.82679    
5.94446    
5.04591    
5.20543    
7.86258    
4.01308    
3.92139    
6.01141    
4.45947    
3.16387    
5.98073    
4.87548    
4.82921    
4.99935    
5.20959    
6.00232    
8.08729    
2.13561    
3.42117    
5.94367    
3.10008    
5.40586    
3.99453    
1.43154    
4.06745    
4.40516    
4.47093    
4.98624    
5.59865    
4.03027    
4.60450    
4.98464    
5.00190    
2.00059    
3.96614    
4.96809    
4.91413    
3.88217    
7.39863    
3.07974    
4.05760    
5.01488    
6.27753    
5.42986    
3.99525    
5.50323    
6.37701    
5.89115    
5.39465    
4.44102    
6.61663    
7.27158    
4.63079    
7.46401    
7.00395    
4.01920    
3.84388    
2.05788    
4.52318    
6.84583    
5.36280    
3.05065    
3.46845    
6.80119    
2.99410    
3.03245    
4.98506    
4.87027    
3.57656    
1.44476    
4.87737    
4.00660    
1.94362    
7.96203    
3.97920    
3.94398    
8.92450    
7.87234    
3.02632    
4.05809    
5.95646    
6.88590    
3.96721    
0.53126    
5.45218    
5.01038    
5.03928    
3.48317    
3.04709    
5.06271    
2.98332    
6.11868    
2.05872    
4.47396    
4.53949    
5.93207    
4.88998    
2.59421    
2.06907    
2.99932    
8.90297    
4.06594    
3.10567    
2.12230    
4.00852    
2.24847    
3.51954    
3.33469    
3.01753    
0.59265    
4.94432    
1.06502    
4.11860    
4.00438    
6.85858    
4.45010    
4.88545    
4.22487    
4.41752    
4.42891    
2.99848    
3.79972    
0.89705    
6.92176    
4.00916    
4.02846    
4.11123    
4.99244    
2.95974    
4.05120    
3.64033    
3.99715    
4.06512    
4.15238    
2.99039    
4.41774    
3.04822    
4.33887    
4.47155    
6.87623    
4.56206    
4.93749    
3.05072    
6.26196    
5.87794    
6.71222    
7.27819    
4.03316    
2.58877    
5.90719    
5.98920    
6.53912    
4.90362    
5.37136    
3.10672    
3.42544    
4.92947    
7.45129    
3.50093    
6.92969    
5.96021    
2.99616    
3.94203    
4.99515    
4.98355    
4.01466    
4.07485    
5.40386    
4.96516    
2.86957    
4.14156    
3.97492    
2.55142    
5.01469    
2.08494    
3.39003    
7.38038    
2.97693    
4.01296    
3.04619    
4.08307    
5.85732    
4.84081    
5.09944    
2.02473    
5.99718    
5.88579    
5.80979    
4.02422    
5.01940    
4.95248    
4.89347    
5.51305    
5.80282    
3.87350    
6.88039    
3.51657    
4.01742    
5.34777    
4.02226    
3.02459    
7.73429    
3.94544    
3.99503    
6.37645    
3.51245    
4.97177    
4.96207    
3.36806    
3.50040    
2.94363    
3.08589    
1.40825    
4.62070    
5.96622    
5.01819    
6.93888    
5.03476    
4.54380    
5.08883    
2.95757    
4.52024    
4.47608    
5.06040    
3.56295    
5.02887    
4.44833    
3.48414    
4.45542    
3.41601    
2.40075    
8.30085    
2.42233    
3.92851    
7.28166    
6.80095    
8.99505    
8.23541    
5.41433    
3.92161    
6.92635    
4.49874    
5.88705    
4.82318    
4.84461    
3.48466    
2.96407    
3.91082    
1.08836    
5.00881    
3.95446    
5.01056    
4.02960    
4.95460    
5.67341    
2.96338    
3.89930    
2.55992    
4.43741    
4.88530    
4.63246    
3.41183    
4.05355    
5.54603    
5.08174    
5.53404    
2.00969    
4.10246    
5.95854    
6.45874    
5.96064    
4.00154    
5.91105    
1.05969    
3.97591    
3.53884    
3.95757    
4.97983    
4.52432    
1.57651    
5.07156    
5.38291    
3.94086    
4.03090    
4.10408    
5.88282    
2.01308    
5.00071    
3.42225    
8.41734    
6.05217    
3.96091    
4.49234    
3.03673    
4.99940    
2.04753    
5.48217    
3.05792    
2.55016    
2.93529    
5.01149    
3.94427    
4.09908    
2.84187    
5.97521    
6.13997    
5.57268    
4.87272    
4.89714    
4.13228    
4.96914    
3.07078    
3.04954    
1.53133    
2.10728    
5.12456    
5.86428    
3.50092    
4.86029    
5.47116    
4.03311    
5.03866    
4.89310    
4.36965    
4.36584    
7.30714    
5.94572    
5.04512    
2.07032    
5.40805    
3.47358    
1.18144    
5.06591    
3.49078    
6.52062    
7.00144    
4.06530    
5.90868    
6.85042    
5.86398    
5.11269    
3.41369    
5.39523    
5.98598    
7.73262    
5.52257    
1.13334    
7.82785    
5.91980    
3.04053    
5.41223    
3.03878    
6.83463    
4.02140    
2.93133    
5.02195    
3.89577    
4.94011    
5.36741    
5.83085    
4.92228    
2.92983    
4.47513    
3.95598    
5.07911    
2.92691    
6.03108    
4.98202    
5.98901    
4.58272    
5.94838    
6.06851    
6.79018    
4.05670    
3.95622    
4.07875    
3.92157    
5.37330    
5.91828    
5.47176    
5.00417    
6.46197    
2.93994    
3.88517    
5.41341    
0.18973    
6.03323    
6.39157    
5.41213    
3.91866    
3.69065    
4.20902    
4.97107    
3.06603    
2.02816    
3.02142    
2.50083    
8.35434    
3.85146    
3.98609    
1.63572    
5.91039    
6.42825    
6.00776    
3.02512    
1.50430    
4.86434    
4.91178    
4.04077    
7.10434    
4.97075    
5.87778    
4.03096    
2.92116    
3.53544    
6.33404    
5.32394    
2.52162    
3.08894    
2.94103    
5.10059    
2.46010    
5.00460    
4.02605    
4.84429    
6.34898    
3.03517    
3.98030    
6.43172    
2.42574    
5.46123    
5.87728    
4.48231    
3.06957    
4.84082    
5.35319    
5.42721    
3.05388    
5.44230    
3.59282    
4.94878    
4.94943    
3.93861    
4.98914    
5.48647    
6.55887    
5.98961    
7.05524    
4.14115    
5.01379    
3.49137    
2.97139    
4.81193    
4.96311    
4.92426    
5.82940    
3.91182    
3.94251    
4.35523    
2.95367    
3.14102    
7.41045    
4.85999    
3.43487    
2.52509    
4.94552    
3.90825    
5.51081    
3.94086    
6.01335    
4.37874    
3.70981    
4.00111    
5.95777    
4.81004    
2.99044    
4.94152    
3.05886    
6.97367    
5.88675    
3.46533    
4.92500    
2.97361    
3.14619    
4.08917    
4.97517    
4.55448    
3.87235    
4.50340    
1.08424    
4.07006    
4.01476    
3.57987    
6.02507    
5.90414    
2.62143    
1.07747    
3.89253    
6.39182    
3.13189    
3.11613    
4.93381    
5.99244    
1.10287    
5.91279    
4.00407    
5.48935    
3.07997    
4.00785    
5.40593    
3.04327    
5.04539    
7.93089    
4.68021    
6.40720    
2.91869    
4.03931    
3.02414    
4.01247    
4.91580    
4.79335    
5.05288    
3.98840    
3.02553    
3.60002    
4.47219    
3.91464    
4.40339    
5.30687    
4.44970    
4.15219    
5.02939    
4.09867    
5.82145    
5.56814    
6.04948    
4.94487    
1.95634    
4.03746    
5.79875    
5.05725    
2.49930    
7.29400    
6.83520    
4.09569    
3.89959    
3.05492    
4.83132    
4.03485    
2.08894    
5.45030    
4.42200    
4.96530    
2.08359    
5.06065    
3.52687    
4.99444    
6.82679    
6.45516    
3.01177    
5.73480    
6.88593    
2.07807    
5.91038    
5.86960    
1.04837    
3.09584    
4.89671    
4.42966    
3.90963    
2.02313    
6.54648    
4.91263    
4.96733    
6.99211    
4.89689    
3.07526    
6.41565    
0.15091    
3.97347    
5.90289    
3.96852    
3.25509    
2.98053    
5.43017    
4.96807    
4.54484    
4.48489    
2.04442    
3.45187    
4.42394    
7.93658    
7.46503    
3.99904    
5.47932    
0.17234    
5.04300    
4.77509    
5.96508    
6.34236    
2.94902    
2.97511    
5.90081    
7.91669    
2.14733    
5.04384    
5.38474    
5.99424    
7.79504    
4.01325    
4.86193    
3.90774    
6.00622    
6.83086    
5.00837    
5.90634    
4.83956    
3.93425    
5.41986    
2.98816    
4.94705    
3.45576    
4.05913    
5.40599    
5.00871    
4.93118    
4.47211    
4.95755    
7.83911    
2.98689    
2.98509    
4.58687    
3.08485    
4.04610    
5.45742    
5.33490    
4.01704    
4.50258    
2.08322    
5.44037    
1.96528    
4.85937    
1.39874    
6.91004    
3.95299    
4.05190    
6.91396    
5.94708    
4.43182    
4.91184    
3.54538    
4.88543    
2.00219    
3.92848    
5.99524    
7.86448    
3.57693    
4.44406    
3.96776    
5.79036    
3.99087    
4.05016    
4.04949    
4.93655    
3.08846    
5.95764    
5.91097    
3.04659    
7.82453    
6.00967    
3.43093    
6.04626    
4.02961    
5.02300    
4.04240    
3.47203    
5.99368    
5.90047    
4.49168    
7.28095    
4.05632    
4.01503    
3.99208    
5.01244    
5.47036    
3.03250    
5.84602    
4.43484    
2.52096    
4.06122    
4.92004    
3.91151    
6.90631    
3.05432    
4.00134    
7.94107    
0.60317    
3.09630    
3.93771    
6.86009    
3.92505    
3.99209    
2.09433    
3.90699    
6.07058    
4.48547    
5.01028    
6.33278    
5.91761    
3.92117    
4.49006    
2.97542    
5.90899    
2.93161    
4.05232    
6.86043    
4.92572    
5.37163    
4.39669    
4.00547    
4.51968    
5.99614    
2.45437    
4.98889    
6.88275    
3.45620    
3.85921    
5.36083    
4.02244    
4.53932    
2.95029    
4.54870    
4.02941    
5.48356    
3.82118    
3.06234    
6.88420    
3.98416    
3.97287    
3.99919    
2.17464    
7.36999    
5.00311    
4.01006    
6.42869    
5.05556    
4.93752    
4.99110    
3.96156    
1.06376    
5.03459    
6.42217    
4.97352    
4.97527    
5.11828    
3.07939    
2.59230    
3.87532    
4.46730    
3.81950    
3.90399    
5.97323    
4.99579    
3.12062    
2.01159    
4.99979    
4.95067    
4.49871    
3.16163    
5.38854    
6.77414    
4.96463    
1.99925    
2.08660    
5.84631    
3.90395    
3.93921    
2.59595    
1.98309    
2.06440    
5.51757    
4.47505    
3.88968    
2.94658    
3.08662    
4.98133    
3.96595    
2.03135    
4.53905    
3.95600    
5.80249    
5.03070    
6.40684    
5.07926    
6.49351    
5.04420    
3.98897    
4.44431    
4.94690    
3.93668    
7.91526    
3.16190    
4.95389    
6.03101    
5.48148    
3.62003    
3.47152    
3.04051    
3.91664    
4.41989    
2.48527    
5.00773    
2.06708    
3.95122    
4.52894    
4.51645    
4.03019    
4.00814    
3.39400    
5.86813    
5.83252    
5.46170    
6.10909    
4.94417    
2.89273    
4.50045    
1.19920    
3.48668    
3.37003    
8.87703    
3.47172    
6.89622    
5.05122    
3.95902    
4.99869    
5.01067    
3.08663    
7.04224    
5.82180    
1.59432    
4.99675    
4.13445    
4.05905    
4.99327    
5.52258    
3.53218    
3.10693    
6.29817    
2.98904    
3.47304    
4.96476    
4.95077    
4.87560    
6.48307    
2.53391    
5.55466    
3.51882    
4.51429    
4.42812    
3.43716    
5.86833    
3.96612    
4.51563    
5.96397    
3.57888    
4.06947    
4.81972    
7.27160    
4.47699    
6.35856    
2.80198    
5.26424    
5.90711    
3.09403    
1.92889    
5.97995    
3.48465    
2.05051    
5.96891    
6.01231    
3.96742    
4.38986    
4.60297    
3.59636    
5.00285    
1.58724    
5.42098    
5.01100    
6.01684    
4.59659    
4.46186    
5.04895    
2.48141    
3.47607    
3.02728    
4.04213    
4.14028    
4.94246    
2.54801    
3.02332    
2.94616    
4.01880    
8.41813    
4.02988    
2.88898    
3.99306    
4.91792    
2.00892    
3.04533    
1.10954    
4.97487    
5.92635    
3.99989    
2.47427    
4.84516    
5.49348    
4.96144    
4.27823    
4.90723    
3.96215    
3.95857    
4.81912    
5.37638    
2.47764    
3.03555    
3.12258    
2.00366    
5.42110    
6.04770    
6.39301    
4.53852    
7.78017    
3.57194    
6.83256    
5.88246    
4.01825    
4.48949    
3.98930    
3.54850    
6.05951    
2.05743    
3.98622    
4.89168    
4.48140    
5.93287    
5.95590    
7.95515    
3.32151    
4.38509    
5.98745    
7.46553    
7.42366    
4.46748    
4.77474    
5.84674    
6.51363    
3.47008    
5.60669    
5.89113    
4.87432    
2.70544    
3.94382    
6.50797    
2.98838    
2.91898    
6.85127    
4.61885    
2.41437    
5.94786    
4.09433    
4.08381    
5.04068    
1.10570    
4.00019    
4.55548    
6.72464    
4.02304    
5.39564    
4.55101    
3.57246    
3.57131    
4.47911    
3.02761    
4.01343    
3.03344    
5.52634    
3.03501    
4.88363    
4.01761    
4.90247    
3.95680    
5.24340    
4.39738    
4.94258    
4.33102    
5.04402    
6.46589    
4.41270    
5.84105    
4.89179    
4.03978    
4.44310    
5.87881    
3.98874    
5.51980    
3.94954    
7.04954    
4.62459    
6.55715    
3.02715    
5.90216    
6.81629    
5.49205    
3.95024    
5.12488    
3.87005    
5.50716    
5.01398    
5.99083    
0.99538    
7.80190    
5.90670    
3.88959    
8.00399    
6.62945    
4.87122    
7.03482    
4.64095    
2.00401    
4.09510    
5.99753    
5.46932    
3.97808    
4.92575    
4.02687    
2.17157    
1.94240    
4.51510    
2.94934    
3.15553    
4.01330    
6.50358    
5.51632    
4.87965    
6.93485    
4.86315    
2.93056    
2.98888    
4.82672    
5.45408    
3.46568    
2.95752    
3.03761    
3.97990    
4.59580    
6.87997    
1.09508    
3.14476    
4.93046    
3.90947    
4.00221    
4.57795    
6.05033    
4.10804    
2.45675    
3.86478    
4.09308    
4.03760    
3.03913    
3.02595    
6.96970    
5.80076    
5.83367    
4.60104    
4.86076    
2.01128    
7.08283    
1.49252    
5.10236    
5.41516    
2.96403    
3.96383    
3.47367    
4.12385    
7.90267    
1.19044    
4.85838    
4.87378    
5.89815    
6.91226    
3.51508    
4.52419    
4.49031    
4.41819    
4.52492    
4.02537    
4.35949    
5.11050    
5.03037    
4.38163    
1.91880    
2.12957    
5.02028    
4.90105    
4.99953    
6.00029    
7.52340    
2.98820    
6.96117    
4.84866    
5.07704    
6.84070    
5.96068    
2.53382    
5.40175    
4.93513    
3.13260    
5.02644    
5.94604    
1.05428    
4.92479    
4.39996    
3.96299    
3.62143    
3.58029    
2.08209    
4.01389    
3.00107    
2.06953    
4.40154    
5.42636    
5.88077    
7.91721    
4.05225    
3.96496    
4.04008    
4.29339    
4.99497    
5.93435    
5.91680    
3.12442    
5.82639    
2.98499    
3.98343    
2.51170    
4.06027    
4.82428    
1.87839    
6.86914    
6.47677    
5.87379    
5.88929    
6.42576    
4.21653    
5.01384    
3.91133    
6.03135    
4.90513    
5.03661    
3.04031    
5.43684    
6.06629    
4.03167    
4.03470    
3.89719    
5.85417    
3.02901    
3.08490    
5.00959    
4.91989    
5.48990    
5.73873    
3.62687    
2.50514    
3.53455    
4.99039    
5.97471    
1.00298    
4.30629    
5.87165    
3.48110    
4.95446    
5.46931    
2.01876    
5.90926    
3.45668    
7.46509    
5.37131    
5.83080    
4.01558    
4.95279    
2.12283    
3.16775    
3.98712    
3.63902    
3.96018    
3.88393    
5.55324    
3.90397    
4.81757    
4.07462    
2.82368    
3.52728    
1.84597    
4.53173    
3.53951    
5.79753    
4.06629    
4.45730    
6.03664    
3.49074    
3.57430    
3.36471    
3.12531    
3.05342    
4.39864    
3.48236    
5.95808    
5.45402    
5.99540    
6.75881    
6.55348    
5.93055    
3.04532    
4.96983    
4.83195    
4.99359    
3.44181    
2.96684    
5.02351    
6.02825    
4.05260    
2.91943    
3.88812    
7.44795    
4.94731    
4.03035    
3.34940    
1.43594    
7.91021    
6.90509    
5.04082    
3.91004    
4.86114    
5.10007    
3.98380    
4.03211    
6.97830    
3.99951    
2.96641    
5.46108    
2.52171    
4.93821    
6.49358    
5.80234    
4.01059    
6.78305    
6.95933    
5.90668    
4.93181    
4.64696    
7.45031    
4.49081    
3.18364    
2.93858    
5.92888    
3.45663    
4.57790    
3.86942    
5.96105    
3.98522    
2.00690    
4.45810    
6.89176    
5.34626    
4.40695    
6.96565    
4.93667    
3.86723    
3.52016    
4.87599    
3.95447    
2.91739    
2.97284    
1.95229    
4.56025    
4.98560    
5.58559    
3.46475    
5.09950    
3.46771    
2.56075    
2.14652    
3.45573    
5.02747    
3.94089    
3.09437    
4.53650    
6.83699    
4.95034    
5.09114    
4.08466    
5.54873    
4.09913    
3.57276    
5.06246    
5.87686    
4.87373    
4.95698    
4.01486    
4.50055    
4.09060    
4.46257    
4.02278    
5.40561    
4.90125    
4.98187    
3.92716    
5.57161    
2.07256    
6.84494    
3.92381    
4.40281    
3.00759    
5.01211    
3.02950    
4.98058    
4.97785    
5.89608    
7.97035    
8.23559    
4.85834    
3.09624    
5.41442    
4.95311    
3.12239    
2.47627    
4.90416    
4.94644    
4.52876    
7.96507    
5.87307    
4.14440    
3.40484    
5.56581    
3.12375    
5.87709    
4.90955    
6.96690    
4.84781    
5.38750    
5.77413    
4.55975    
3.48030    
4.51104    
4.95395    
4.88635    
6.49280    
4.56153    
3.03813    
4.09389    
5.06148    
6.62894    
2.61858    
2.01861    
4.03042    
5.95440    
3.92802    
4.98434    
5.00437    
5.97433    
6.80850    
3.97485    
5.94576    
2.96051    
4.04960    
2.88592    
4.52527    
4.55270    
5.89984    
3.96576    
3.94336    
2.48150    
4.47739    
5.49768    
3.48866    
5.05500    
6.48106    
3.08441    
4.40618    
6.15391    
4.40119    
5.78190    
2.11267    
6.95475    
4.55316    
5.54189    
4.85993    
6.44363    
6.48738    
4.06414    
4.33259    
4.84107    
5.03642    
2.93343    
7.78614    
4.93494    
6.38387    
2.99737    
3.07862    
4.12370    
5.01273    
2.09055    
5.44049    
4.03477    
7.91950    
2.99345    
2.63673    
5.00385    
6.46992    
3.33852    
5.56593    
2.08145    
4.95518    
6.95638    
3.54769    
3.90641    
5.54905    
3.92350    
3.84907    
5.05725    
4.99576    
4.80665    
3.94464    
6.82147    
2.96875    
5.05465    
3.01572    
5.84952    
4.01609    
2.97716    
7.81902    
3.64828    
4.03939    
5.41624    
3.97104    
4.09179    
3.88941    
2.97127    
5.08747    
2.99628    
4.88015    
7.80500    
5.02617    
2.92587    
4.00831    
1.11133    
6.86172    
5.40918    
5.89951    
5.05386    
3.86482    
6.49218    
7.10961    
4.46224    
4.02771    
3.08332    
5.42812    
3.02967    
3.99623    
4.96414    
4.01183    
3.92245    
4.83844    
4.92383    
4.92666    
4.04449    
4.86911    
5.87571    
4.58771    
3.14490    
3.01314    
3.45881    
2.54349    
6.42369    
6.89039    
5.45186    
4.86946    
0.56144    
6.82831    
4.01823    
5.85951    
4.90052    
3.28701    
4.83386    
5.07571    
4.97111    
6.40145    
4.15168    
2.17018    
5.04198    
4.95169    
4.49413    
5.47023    
5.77291    
3.00535    
3.07648    
3.63374    
3.03311    
2.10301    
3.17047    
3.72103    
4.12316    
4.43171    
5.05090    
3.06552    
5.41156    
4.86970    
5.94042    
5.39534    
4.71028    
4.83900    
3.92067    
3.86934    
3.45683    
2.17131    
4.42150    
5.06735    
7.42967    
4.92499    
5.44254    
5.01127    
2.68655    
5.44776    
6.93032    
6.85793    
4.40145    
4.86389    
4.44005    
2.13754    
4.02142    
5.99732    
3.05973    
4.42360    
4.01775    
5.94942    
3.49673    
3.06747    
5.98121    
3.05199    
2.95453    
2.74892    
5.40198    
7.01131    
4.02112    
4.55554    
2.62189    
3.93073    
7.52045    
2.57725    
4.50886    
5.05793    
2.96279    
4.52093    
3.07249    
5.07224    
4.91003    
3.61272    
3.93389    
4.12347    
3.94330    
4.88178    
5.85993    
3.47770    
3.08149    
5.88055    
5.51096    
4.35643    
5.99652    
4.51614    
4.44126    
4.93437    
3.45254    
2.99678    
5.79910    
4.94313    
3.99307    
3.52598    
3.20493    
5.99946    
3.99565    
5.04182    
4.82541    
5.85498    
6.03471    
5.07251    
2.05983    
6.39799    
6.27613    
6.39611    
3.54415    
4.95220    
6.92200    
3.91257    
4.51472    
1.47395    
2.02671    
4.88069    
4.93042    
4.99607    
4.82449    
5.02370    
6.98236    
3.48123    
7.04573    
3.53807    
2.60949    
3.94417    
3.49871    
7.91820    
2.97293    
2.51170    
4.85750    
5.93740    
4.40787    
6.00080    
5.02887    
5.50846    
4.00463    
4.91689    
7.32645    
4.02007    
5.92742    
5.91915    
6.00121    
6.52391    
6.47091    
3.93764    
3.06328    
6.91116    
2.90508    
4.96442    
4.88453    
4.38547    
5.75315    
5.82104    
2.47902    
3.64068    
5.51696    
1.06450    
3.99319    
7.35574    
3.03511    
2.98655    
6.52672    
6.41639    
5.38534    
4.03812    
3.89203    
7.74857    
7.97445    
5.86783    
5.50439    
2.94991    
1.96574    
5.51810    
3.52991    
3.28352    
4.99803    
4.97280    
5.47644    
5.90932    
4.77318    
4.06173    
5.03991    
3.03690    
2.95332    
1.91752    
3.83354    
3.09903    
4.98976    
4.87204    
4.36540    
4.39827    
6.75656    
5.50068    
3.80420    
3.50099    
4.06733    
5.46815    
2.94327    
3.97574    
3.88572    
5.10978    
4.87413    
2.12305    
4.02446    
4.43439    
5.07001    
4.50901    
6.43228    
6.87029    
3.07345    
3.82893    
4.56232    
4.86363    
5.88110    
4.90582    
3.90311    
4.01425    
4.92878    
6.47317    
4.42560    
6.91344    
1.01131    
3.58094    
4.01683    
6.98825    
6.44657    
3.96084    
3.02844    
5.00437    
5.85605    
4.88404    
5.40096    
3.96667    
8.86286    
5.84399    
5.55792    
4.94916    
3.36138    
3.35877    
6.86524    
4.96013    
5.98787    
6.89646    
7.42237    
4.61737    
5.91442    
2.12539    
2.06360    
5.35042    
5.03083    
3.94320    
5.96308    
6.58208    
4.38516    
5.89522    
5.49898    
0.59923    
3.97198    
6.03304    
4.26990    
5.02074    
4.45726    
5.05760    
5.90709    
4.46320    
3.91339    
3.95551    
6.70023    
6.83912    
4.95701    
3.61662    
3.12968    
5.42286    
3.87961    
5.00171    
5.02197    
2.54024    
4.10929    
4.41954    
3.08708    
3.94201    
3.59151    
5.50208    
4.84458    
5.95477    
3.37261    
4.08418    
4.86716    
5.97438    
5.50905    
5.46946    
4.92409    
4.95074    
4.82607    
3.55478    
5.97419    
4.92402    
4.53926    
4.46533    
4.39340    
4.91615    
6.79693    
5.92331    
3.51283    
4.87828    
4.44183    
5.80437    
6.41825    
6.05847    
4.91734    
3.47360    
1.99861    
6.30996    
5.74112    
6.98792    
5.03463    
4.93648    
2.07039    
5.87640    
5.93265    
3.90580    
4.42408    
3.95029    
3.95379    
6.99697    
4.99818    
5.85316    
5.02051    
3.40686    
6.33281    
4.43099    
3.55863    
4.53143    
4.87462    
5.00073    
5.06772    
2.14943    
4.97574    
3.95061    
4.53915    
1.99652    
3.95539    
3.48576    
0.65885    
4.53937    
5.83588    
5.11320    
6.04631    
4.49854    
2.17468    
8.95471    
3.12882    
3.00428    
4.92050    
2.99688    
2.03967    
4.93557    
4.06771    
3.01378    
6.84827    
6.82893    
2.91641    
4.95163    
4.07239    
3.52624    
1.02752    
3.43895    
5.92348    
6.84154    
1.99022    
4.02038    
5.89202    
2.95212    
5.99326    
3.93636    
1.61670    
5.95538    
3.90649    
5.49573    
6.46654    
5.94484    
3.04519    
3.87444    
8.85523    
3.49159    
2.93683    
2.58467    
5.00073    
3.41641    
1.98429    
1.02072    
6.91982    
3.56556    
4.99414    
4.96778    
2.99212    
2.52752    
5.88664    
3.03364    
4.07797    
2.10134    
3.11133    
4.96059    
4.54920    
4.06191    
3.57686    
3.92628    
5.86385    
6.52446    
3.57371    
3.97676    
4.07839    
3.86495    
4.62385    
5.02581    
5.46289    
4.04153    
3.98374    
2.93313    
6.37278    
3.49353    
5.89145    
6.03877    
4.76969    
3.49093    
5.50670    
4.97225    
5.49457    
4.46380    
3.40862    
5.13522    
2.52461    
4.07675    
4.92599    
4.19522    
6.02420    
5.90598    
6.51704    
6.88109    
4.98805    
3.95290    
5.51928    
4.91223    
2.07396    
3.53068    
6.82422    
6.90423    
5.43824    
5.00884    
5.94404    
6.42272    
4.40130    
4.91930    
5.48244    
4.94601    
2.07596    
6.03303    
4.41212    
2.54819    
4.50320    
6.43528    
3.01511    
5.10119    
6.76806    
4.43209    
4.91505    
0.53629    
3.13258    
3.02495    
3.30968    
5.33145    
2.03700    
3.89046    
4.63446    
5.47372    
2.97290    
5.90108    
5.41977    
6.84265    
2.49370    
4.97157    
4.99294    
3.44146    
5.39355    
1.79473    
2.99307    
4.94295    
2.96013    
5.48136    
5.08810    
4.36682    
5.07237    
3.61784    
4.97712    
5.02426    
5.00610    
5.93603    
5.51341    
2.07524    
5.49025    
3.39837    
4.95682    
4.95887    
5.91071    
5.97884    
4.96383    
6.80469    
2.91884    
4.01535    
7.05515    
5.00740    
3.47261    
5.07502    
6.91576    
4.06552    
4.47349    
4.37868    
5.91712    
2.89508    
2.13332    
4.98513    
5.98550    
1.06395    
2.97358    
2.87546    
4.42921    
4.56439    
5.91073    
2.94303    
5.93286    
7.39499    
2.08226    
4.98909    
3.02468    
4.93774    
3.27161    
5.91733    
4.96591    
4.96787    
2.01908    
2.02901    
5.34881    
5.07186    
5.05687    
4.94198    
4.93854    
2.13742    
5.74250    
3.09560    
3.50073    
4.06361    
2.87722    
4.96098    
3.06800    
6.90330    
3.41672    
3.66658    
5.01931    
5.40785    
3.91401    
6.95151    
8.43107    
5.01392    
7.42252    
1.52377    
3.06753    
4.06892    
2.51628    
