1.99873    
-0.98979    
2.03810    
3.36783    
3.00610    
1.92123    
1.99136    
0.59624    
0.96704    
2.44933    
2.55799    
-1.51932    
2.47462    
2.90935    
3.06089    
1.03681    
2.07298    
-0.83046    
1.53596    
1.64437    
-0.03129    
4.95213    
0.88296    
0.65586    
3.88382    
1.51336    
1.63035    
2.52108    
1.06641    
4.40793    
1.94839    
0.39113    
1.43505    
2.26671    
0.09698    
1.53517    
3.49597    
1.95841    
2.01226    
-0.05562    
0.05855    
2.00326    
2.95410    
1.99529    
1.60244    
2.96543    
2.02056    
0.01776    
2.45545    
3.03273    
2.03152    
2.47101    
1.39219    
2.02010    
3.32865    
1.49957    
0.57889    
2.96576    
1.16352    
2.07129    
2.89339    
4.92687    
2.00199    
3.41110    
-1.31749    
1.02317    
2.07038    
2.43158    
2.97045    
3.00932    
2.92504    
1.61057    
0.18374    
0.98910    
2.44768    
-0.02725    
0.20602    
1.06701    
3.07525    
0.57587    
1.07233    
3.03066    
1.07004    
2.06619    
1.54640    
0.54389    
2.50707    
0.07914    
4.78422    
0.00128    
0.06261    
2.38435    
-0.98635    
1.56526    
2.17784    
3.39553    
1.00276    
2.96541    
2.08905    
2.43515    
3.03072    
3.80472    
3.93568    
2.14611    
2.92274    
0.15917    
1.55000    
1.91108    
1.98072    
1.01141    
3.99669    
5.28261    
3.96007    
0.03790    
1.96173    
0.41448    
1.89562    
4.78787    
0.96726    
1.04180    
1.86671    
4.34220    
2.00525    
2.97808    
3.08979    
1.98482    
1.46166    
0.89745    
1.97951    
0.47710    
1.98700    
1.97689    
2.42613    
0.20530    
1.94763    
0.57898    
1.92936    
2.97222    
2.93902    
0.60110    
1.01847    
-0.94313    
1.94900    
1.16336    
0.97904    
4.50224    
1.11634    
2.39560    
2.43473    
1.49608    
3.01315    
3.02058    
1.47969    
1.08305    
1.57431    
2.63921    
2.98560    
0.36297    
3.01862    
2.93207    
1.05733    
2.39141    
1.00029    
1.15195    
2.38100    
1.01537    
0.97375    
1.42244    
0.55836    
3.50262    
-0.43714    
0.55666    
1.93590    
0.44217    
2.92087    
1.91994    
2.01847    
3.37245    
2.92088    
-0.85551    
0.98970    
2.43129    
1.56121    
0.57430    
1.44019    
2.17705    
2.98006    
-0.39422    
1.51154    
0.93488    
1.03478    
0.90944    
1.99055    
1.45587    
2.92134    
1.13985    
3.04592    
2.56811    
3.94172    
2.01007    
2.06592    
2.90190    
1.11621    
4.34902    
2.84744    
2.88895    
1.05894    
1.13215    
2.00925    
1.53345    
-0.33656    
1.50517    
-1.46521    
0.15627    
2.88123    
0.18098    
2.07697    
0.10909    
1.90434    
5.77388    
0.55917    
0.06417    
0.94313    
0.99035    
1.92919    
2.06000    
2.04674    
0.92086    
3.49736    
2.93061    
3.40039    
1.58966    
2.94760    
1.99109    
1.99012    
3.91667    
-0.00928    
2.00120    
0.01439    
4.03906    
2.53695    
2.57154    
0.97573    
0.90900    
3.92874    
1.53905    
3.89357    
2.92134    
1.45712    
1.89100    
-1.43377    
3.91406    
2.52660    
2.88262    
1.10450    
2.47475    
4.31631    
1.56461    
2.00689    
1.86356    
4.88535    
2.02841    
0.65640    
-0.86996    
0.07528    
2.53885    
1.95153    
3.48642    
0.13459    
1.01713    
2.04535    
1.06233    
0.93289    
1.96834    
1.53044    
0.04984    
0.42072    
2.48358    
1.51712    
0.89914    
1.85548    
-0.04143    
0.93524    
3.03871    
1.13838    
1.92256    
-1.00973    
0.02608    
3.47170    
4.39155    
1.05244    
1.96592    
1.58522    
1.11719    
1.96470    
2.92704    
0.03431    
2.47899    
2.90064    
2.03734    
3.96672    
1.95202    
2.50503    
4.82429    
2.07036    
2.06371    
2.35280    
3.87894    
-1.02357    
1.87870    
2.19101    
1.93870    
0.56849    
3.98992    
0.98881    
1.90856    
1.52971    
3.40809    
5.72126    
-1.37497    
1.06459    
1.46217    
2.94921    
-0.01666    
3.89741    
3.41659    
2.07439    
0.14527    
2.12339    
1.08613    
3.47877    
3.87138    
3.87338    
1.34544    
2.00620    
3.79204    
1.58268    
1.01668    
2.87215    
1.07008    
1.58738    
0.51020    
2.53145    
4.35698    
0.14296    
3.87883    
0.90879    
4.74795    
2.45597    
2.98027    
-0.32914    
1.53559    
0.40474    
2.03813    
2.63645    
2.05452    
2.94376    
2.95393    
1.52224    
2.04682    
2.39447    
2.48873    
0.23855    
1.06766    
-0.43901    
2.43274    
3.82101    
3.93157    
1.07315    
3.92814    
2.84665    
2.03602    
4.27655    
0.11205    
0.11984    
1.05511    
0.50052    
2.03966    
1.92686    
3.99295    
0.50866    
1.51816    
2.01677    
4.95389    
2.83320    
-0.48831    
2.57054    
0.50826    
0.96862    
0.96880    
0.52145    
2.01404    
0.05514    
0.91479    
3.37310    
0.89715    
0.09170    
0.03049    
1.94271    
0.89421    
1.96140    
3.81108    
2.53654    
0.97207    
0.45453    
1.96562    
1.47671    
1.92749    
2.53839    
1.57967    
2.07190    
-0.98545    
1.00373    
1.99475    
0.56043    
1.00658    
2.86523    
0.91780    
0.93934    
1.56716    
2.40297    
0.96599    
1.62821    
2.08619    
2.83562    
1.35417    
2.87965    
3.46269    
1.96879    
2.42903    
2.03520    
0.46057    
1.55843    
3.43635    
-0.31787    
2.90349    
1.92792    
1.91613    
3.01141    
1.46645    
3.02607    
0.49838    
1.52511    
1.47725    
0.95022    
2.94692    
1.13176    
2.56801    
2.02958    
0.11455    
3.41904    
2.06269    
1.02449    
2.97970    
1.55901    
2.95477    
2.92926    
1.02270    
1.02167    
1.13889    
0.96360    
3.83311    
1.90679    
0.98389    
0.94135    
2.02969    
0.00858    
-1.81108    
1.41334    
1.85426    
1.86702    
-0.99511    
-0.02881    
0.52037    
1.96354    
0.55055    
2.02840    
-0.07155    
0.08823    
2.01693    
2.00223    
1.57152    
2.95274    
2.50165    
0.49627    
2.95171    
2.96504    
1.47885    
-1.51859    
0.04626    
1.91889    
1.99997    
0.55766    
1.08671    
-1.87825    
3.47633    
2.93300    
1.01425    
1.39108    
1.92810    
3.01215    
0.99452    
1.06272    
1.48486    
2.04537    
0.95202    
2.45649    
0.14730    
2.04338    
1.52775    
1.49534    
1.01678    
0.07934    
1.07170    
-0.00902    
1.48882    
3.37831    
1.51026    
0.14172    
0.47240    
3.78782    
4.95224    
2.86040    
2.07218    
1.98916    
5.77378    
2.89167    
1.95407    
3.01575    
0.94961    
1.90900    
3.05252    
3.88479    
3.33484    
-0.89266    
2.05881    
1.56627    
0.05291    
2.17416    
2.89348    
1.53406    
0.96654    
4.79543    
-1.07048    
2.89472    
0.57157    
2.93704    
3.00233    
1.59837    
2.82950    
2.97276    
2.97425    
1.57966    
0.04089    
2.93119    
-0.89569    
-0.47093    
1.94192    
2.02287    
-0.01960    
0.94821    
1.99033    
2.03520    
1.49735    
0.07765    
2.87657    
2.01724    
2.98006    
0.51928    
0.10267    
-0.84205    
1.03572    
2.53458    
2.90891    
4.00288    
1.42346    
0.51401    
1.92831    
1.43633    
0.02190    
1.99468    
1.00128    
1.05935    
0.00461    
0.92783    
0.05755    
0.95230    
2.91136    
1.08400    
0.97984    
2.44126    
0.02471    
2.85595    
1.48352    
2.01148    
1.89587    
1.93703    
1.06224    
3.88248    
-1.42161    
1.02217    
0.51690    
-0.98269    
0.15799    
1.37116    
1.02270    
2.99364    
0.55068    
3.40384    
0.54495    
1.99028    
3.40496    
2.95021    
1.08783    
1.99985    
0.51618    
1.00858    
0.98771    
1.97074    
2.50056    
-0.01168    
1.50656    
0.96845    
2.46476    
1.45307    
2.04808    
1.04186    
0.00623    
-0.40977    
1.94684    
1.97785    
2.88343    
0.53629    
1.99609    
1.99219    
1.62429    
1.93689    
0.53566    
1.12427    
0.96939    
0.97330    
-0.45363    
3.05732    
0.60833    
2.02065    
0.10452    
1.48643    
1.57062    
2.02150    
2.36233    
1.17509    
2.05171    
3.82655    
2.90417    
0.50242    
1.76990    
0.88241    
1.92320    
-0.50957    
2.04393    
1.93223    
2.96159    
3.36806    
2.87048    
0.49028    
1.41876    
0.85332    
0.53159    
1.01090    
2.01699    
0.40099    
4.04460    
2.50161    
1.57366    
0.99532    
1.95097    
1.48567    
-0.96458    
0.99959    
0.43055    
0.52152    
1.42186    
3.48892    
-1.98338    
-0.47826    
1.97174    
3.01403    
-0.43832    
1.94290    
2.96022    
0.49172    
3.01846    
-1.85325    
2.91877    
4.88847    
2.03079    
1.48824    
2.48379    
0.01416    
2.94389    
2.48512    
1.47153    
3.79626    
1.97492    
3.02022    
2.99549    
4.46059    
2.97923    
0.01118    
4.87068    
3.41218    
3.84785    
1.46495    
2.38942    
-0.45257    
2.00710    
1.06597    
1.50744    
1.57291    
1.01551    
0.98084    
2.87874    
4.52351    
1.06285    
2.82156    
2.99875    
2.94117    
-0.00519    
-0.42262    
2.38693    
1.41695    
0.43880    
2.93842    
0.59593    
1.88968    
1.48574    
0.92580    
5.87239    
2.44445    
2.84098    
0.96821    
2.81980    
2.98114    
1.88939    
3.54222    
0.07373    
3.82194    
3.86812    
1.99843    
2.09282    
-1.44631    
1.58994    
2.03489    
0.53971    
4.39691    
0.98213    
0.15235    
1.98543    
-0.05428    
1.50439    
1.93397    
2.46615    
1.11104    
0.96946    
3.88482    
2.13220    
1.81475    
1.92012    
1.03176    
0.50355    
-0.00515    
1.00746    
0.59215    
2.43012    
2.97455    
2.45606    
-0.04974    
3.88231    
2.07904    
1.55831    
0.01009    
1.05042    
1.98350    
0.48048    
-0.02354    
0.12119    
-0.95601    
1.39909    
0.95127    
-1.03048    
0.95107    
0.14845    
3.86446    
1.91025    
3.43437    
2.51830    
3.85237    
1.47560    
2.94483    
1.92829    
-0.09001    
1.02271    
2.38521    
1.66618    
-0.02915    
0.04623    
1.55771    
0.95853    
3.83150    
-0.95888    
0.99720    
0.92585    
0.95963    
0.52060    
0.95209    
1.49738    
0.54132    
1.63785    
2.39254    
-0.00280    
0.00019    
-0.01957    
-0.01940    
1.54796    
2.94363    
4.88370    
2.16410    
2.93609    
1.98776    
3.00132    
1.93231    
1.02413    
4.03224    
0.99557    
0.56551    
2.91484    
0.58731    
0.00345    
0.49801    
1.50368    
2.03975    
4.00639    
-0.90471    
-0.01306    
0.94905    
-0.10326    
1.97098    
0.05317    
2.48949    
0.98059    
0.99523    
1.92968    
0.97994    
0.48800    
1.04224    
2.96679    
3.12403    
1.85523    
2.89724    
-0.01837    
2.06814    
2.98616    
2.62132    
2.52639    
1.50239    
3.91365    
1.37514    
1.08727    
1.95941    
1.65966    
3.06515    
1.06432    
0.96133    
1.97933    
4.04545    
2.88311    
2.05464    
0.56491    
2.98199    
3.86013    
2.02206    
2.85100    
2.04071    
0.07733    
1.91624    
1.99527    
2.12521    
1.43731    
3.05452    
2.83748    
1.99973    
0.05639    
0.02562    
2.00493    
2.90939    
1.42533    
1.98310    
1.06257    
2.86675    
0.97691    
1.05468    
3.94216    
2.37015    
2.09917    
4.82993    
2.03757    
3.07815    
0.61952    
0.41541    
1.95381    
1.50773    
1.02283    
2.63735    
2.91789    
1.05911    
0.97427    
1.48635    
2.95492    
0.16364    
1.98596    
1.54752    
2.03547    
2.97084    
3.33690    
2.78630    
1.95202    
1.05479    
1.05343    
2.00066    
-0.87286    
1.85815    
-1.31524    
1.02155    
3.90830    
0.56701    
0.04645    
6.88942    
4.43992    
0.06144    
1.41517    
3.50282    
3.06851    
0.53732    
1.43010    
1.55276    
2.38473    
2.48094    
0.14326    
3.06644    
2.84325    
0.06252    
0.09074    
-0.93212    
3.43009    
1.98125    
4.92435    
2.03164    
1.56523    
2.91064    
2.00469    
2.02510    
3.46627    
1.15921    
1.03550    
3.44448    
1.62111    
1.11548    
1.50053    
3.82787    
0.49107    
2.98042    
1.45094    
0.40088    
2.43579    
0.54186    
1.62428    
1.10724    
2.95984    
3.89698    
2.99226    
0.98182    
1.08094    
4.53087    
1.90476    
1.52887    
3.90266    
2.45999    
2.02632    
3.98846    
2.01461    
1.98970    
4.79966    
0.51474    
0.98574    
1.89983    
1.56698    
2.04754    
2.84167    
3.41611    
1.91291    
1.01984    
1.53603    
1.91857    
1.57493    
1.88664    
2.82187    
1.17220    
2.00465    
1.47466    
5.73515    
1.01966    
1.93169    
0.39456    
2.16866    
2.48863    
1.99327    
1.52940    
0.05027    
0.65227    
0.99037    
2.10612    
0.98611    
3.05149    
2.04231    
4.45531    
2.99467    
0.94991    
1.93350    
0.91104    
0.05766    
1.56797    
1.08064    
1.52672    
2.54793    
0.98199    
3.02740    
0.06859    
1.96325    
0.96335    
0.98667    
1.52562    
0.58206    
3.87067    
2.91339    
-0.94673    
1.55904    
0.59386    
3.10605    
1.92807    
2.04062    
5.42032    
-0.83180    
3.47052    
-0.90729    
1.95015    
2.11025    
1.98259    
4.74050    
0.66126    
2.09133    
1.09322    
-0.94958    
1.03961    
1.49327    
2.07881    
3.91586    
1.01268    
1.52673    
1.14689    
-0.98480    
-0.46349    
0.10110    
1.98254    
3.83741    
4.06492    
2.58893    
1.83556    
1.99110    
1.00423    
2.92969    
4.86264    
2.89184    
2.86375    
2.45766    
1.99489    
0.02519    
1.49402    
2.44796    
0.93023    
1.57145    
2.06600    
1.01686    
1.90917    
2.88251    
2.00451    
0.04360    
2.98096    
3.84011    
1.94282    
2.89216    
2.00254    
0.64019    
2.92803    
0.12237    
2.50297    
2.93218    
1.48139    
1.92404    
2.02816    
2.85915    
0.10895    
0.90638    
2.48725    
1.47848    
1.49870    
1.52412    
1.00537    
2.46986    
1.08282    
1.88012    
3.76263    
1.02096    
1.00802    
3.06294    
0.56118    
1.07993    
3.40186    
0.97126    
2.50311    
-1.01974    
2.96613    
1.50125    
1.51152    
0.89769    
-0.98118    
1.48646    
1.40450    
2.03187    
1.52440    
0.61021    
1.12753    
3.43647    
2.06779    
4.96012    
2.05699    
3.02317    
0.08901    
2.40491    
0.98484    
1.55326    
2.95491    
1.50539    
3.03330    
2.49568    
1.99014    
2.07779    
0.04666    
1.60463    
0.08637    
-0.05793    
0.11097    
0.43927    
1.47241    
2.37027    
0.97881    
-0.50516    
3.94294    
-0.88065    
0.63697    
0.50248    
0.07320    
2.03087    
2.03154    
1.89098    
-1.41522    
2.02329    
2.42732    
0.94673    
1.46117    
2.07347    
-0.02504    
0.52934    
2.08691    
0.92986    
1.03607    
2.03678    
2.89562    
2.93230    
4.84694    
0.59907    
0.01756    
1.91076    
1.97747    
2.00093    
2.53228    
2.46355    
1.83554    
-0.02523    
1.53224    
1.91134    
0.60052    
2.48828    
1.92198    
3.90135    
-0.02977    
0.00297    
4.36035    
1.50986    
1.86816    
0.51322    
0.00480    
4.38081    
2.92602    
2.05265    
1.88603    
3.89945    
2.01486    
3.48569    
1.13881    
1.45747    
2.94482    
2.13776    
2.95881    
0.96125    
1.47556    
1.08086    
0.95295    
1.04319    
3.03965    
0.47124    
1.57894    
2.45496    
0.44066    
1.94239    
-0.43994    
3.07078    
0.45529    
0.98693    
0.15705    
2.92096    
2.94881    
1.44463    
1.90812    
-0.10178    
0.13233    
0.46239    
3.93819    
0.11884    
1.02527    
0.99952    
-0.43644    
2.00046    
2.47936    
2.93464    
4.35842    
0.86758    
0.44391    
-0.81215    
1.47697    
1.95891    
1.95575    
1.50024    
1.11936    
-0.07541    
4.04134    
2.40960    
2.92606    
2.95098    
1.95960    
2.36371    
2.07500    
1.93033    
2.05945    
2.05214    
-1.01626    
0.97120    
2.00865    
3.10367    
3.39979    
0.06427    
2.04046    
4.41897    
1.89220    
1.97327    
4.00936    
1.96627    
1.46115    
1.44935    
-1.83690    
2.11150    
1.96737    
2.04134    
0.94363    
-1.84051    
2.43819    
1.01180    
3.08851    
-1.39073    
0.09193    
2.99382    
0.00521    
1.96216    
0.96725    
3.93773    
1.95510    
-0.91021    
1.88956    
1.09262    
-0.05922    
0.48057    
2.07022    
-0.03766    
3.90286    
0.12234    
1.08415    
1.02609    
0.08713    
0.13254    
0.92672    
1.45308    
1.46382    
1.16700    
0.54890    
1.96923    
1.07784    
1.11783    
1.92057    
3.88942    
0.57470    
0.05909    
2.96224    
1.51390    
3.04804    
1.94018    
0.07879    
2.52607    
1.39753    
1.77564    
2.38451    
1.00583    
2.48626    
1.89517    
2.88189    
-0.03219    
0.99834    
1.92443    
4.95229    
1.97792    
1.12145    
0.04651    
1.01197    
0.95647    
0.62048    
1.52976    
2.02943    
1.43245    
1.97655    
1.88258    
-0.07484    
0.01553    
3.99019    
2.94949    
2.17592    
2.04013    
1.99473    
2.04948    
-1.89163    
0.93996    
0.90626    
0.98987    
2.03801    
-1.45870    
0.99545    
2.50081    
2.87025    
3.91145    
0.85759    
3.45369    
3.41060    
0.99391    
2.38280    
2.96936    
1.50627    
2.41589    
2.00748    
3.84076    
1.44817    
2.85052    
1.48089    
0.97589    
2.59690    
2.54799    
0.11666    
2.38509    
1.99764    
-0.41840    
3.88577    
4.30083    
1.10405    
-0.80793    
2.93990    
1.91337    
2.56419    
1.04867    
2.34563    
0.13540    
0.96443    
1.58973    
0.19951    
1.02652    
1.95980    
2.49688    
3.95291    
1.04491    
3.38019    
-0.34442    
2.12257    
1.92650    
4.79937    
1.95608    
0.02734    
0.96897    
1.98546    
2.48996    
1.98725    
0.91004    
0.94120    
2.46257    
0.96495    
1.02801    
-1.95276    
1.57015    
1.05618    
1.50315    
2.00815    
2.95004    
-0.50638    
1.55821    
2.01033    
1.94336    
1.56508    
1.42588    
4.76252    
3.92041    
0.18698    
0.56437    
1.74344    
5.40253    
5.84248    
3.94158    
0.92264    
2.99255    
2.44773    
2.44123    
0.58936    
2.50324    
2.08035    
3.83921    
2.95500    
1.95607    
4.39353    
0.16561    
2.00394    
2.42758    
-0.53676    
0.98337    
2.92716    
0.01696    
0.96298    
1.96167    
3.05003    
3.52094    
0.10949    
0.53751    
0.16618    
1.66511    
2.03218    
0.95345    
0.14559    
1.98335    
-1.47662    
0.10902    
0.07487    
1.56672    
1.00508    
1.96953    
-0.02810    
1.60134    
0.16903    
1.13604    
3.88631    
1.50564    
1.95625    
1.41662    
3.48858    
-0.05617    
0.90247    
1.82245    
2.03739    
1.93761    
0.00031    
1.46606    
1.00031    
0.02242    
-0.02023    
3.41993    
-0.79498    
1.04681    
3.86284    
2.94583    
1.93210    
-0.37324    
1.46552    
-0.09205    
1.09763    
-0.93763    
1.44396    
0.59695    
-1.05548    
1.03916    
3.43945    
3.01258    
1.44591    
1.05384    
2.02340    
1.98042    
4.41566    
-0.33137    
0.42748    
2.49204    
1.10400    
0.54933    
-0.00242    
1.91006    
2.40988    
4.24374    
2.35286    
3.09181    
1.97872    
0.91274    
1.49062    
2.02978    
1.94566    
1.53110    
-0.50424    
2.40927    
2.85652    
3.84072    
2.05715    
1.94515    
2.06390    
2.28735    
1.13180    
1.01340    
1.52052    
3.89182    
4.90062    
1.47907    
0.96872    
0.04833    
2.42297    
1.83093    
-0.99497    
1.94123    
2.99729    
0.97455    
1.05092    
0.95494    
-0.38260    
2.94227    
1.48185    
-0.01034    
1.11423    
1.04516    
0.94234    
2.91082    
3.00328    
2.43782    
2.46250    
3.45055    
1.92202    
0.91904    
3.05814    
0.12061    
1.03583    
0.50333    
1.43855    
1.48843    
2.39099    
2.90923    
1.58550    
2.40324    
1.48759    
2.05064    
0.03895    
0.97675    
2.96376    
0.03175    
1.99500    
1.52075    
3.04059    
2.48890    
-0.45979    
3.22515    
2.44965    
0.02240    
1.62988    
2.09724    
4.40149    
-2.88390    
2.00513    
2.08132    
1.02757    
1.17043    
1.00891    
4.89453    
2.89735    
1.98171    
-0.49194    
2.01808    
2.02056    
2.99351    
3.89274    
1.97776    
2.53115    
2.97603    
2.09545    
1.96988    
0.98423    
0.06317    
4.01318    
0.02206    
3.02864    
2.91085    
-0.83946    
0.99425    
2.40918    
0.94045    
1.06992    
2.50900    
2.88536    
-0.35764    
1.96379    
0.06041    
-1.35975    
1.96722    
2.43372    
2.39642    
1.52952    
1.00984    
0.98927    
3.35970    
1.00105    
3.95031    
2.05832    
1.49843    
-1.88099    
1.98840    
1.06246    
0.00454    
0.96723    
2.85253    
-0.08283    
3.38787    
-0.89682    
3.33205    
0.49447    
0.08865    
1.91679    
1.87491    
1.54168    
2.99096    
0.50638    
1.04195    
2.93086    
0.14196    
-1.92864    
1.48170    
1.08212    
2.08121    
4.84277    
1.01913    
3.35598    
2.51677    
1.02041    
2.43576    
3.44916    
2.00145    
1.95679    
3.91843    
2.96249    
1.32602    
0.40750    
1.46151    
1.85300    
3.01385    
2.96601    
-0.88897    
3.84756    
1.06191    
3.00981    
2.92984    
1.00387    
3.47817    
0.99733    
-0.47176    
0.43773    
2.92826    
1.92657    
0.13612    
1.01316    
2.92816    
0.21592    
2.49634    
4.77458    
4.88495    
-0.08239    
1.48786    
0.92195    
1.98595    
1.89512    
-0.86733    
0.95298    
1.50318    
2.85622    
1.52508    
4.56924    
-0.53194    
0.89140    
2.54207    
1.99449    
2.05211    
-0.46290    
1.98297    
2.96333    
1.95041    
2.56141    
4.48956    
3.00455    
2.91443    
1.96784    
0.85433    
1.94192    
3.42722    
1.02336    
1.09206    
0.57462    
0.48753    
1.98370    
0.99542    
0.94073    
0.03488    
2.97831    
1.59072    
1.09859    
2.45646    
4.95830    
2.37426    
3.28550    
1.55107    
1.03910    
3.37161    
1.98232    
2.04389    
2.90935    
1.00152    
1.06252    
2.38886    
1.92600    
1.00667    
0.96092    
3.95980    
0.92795    
3.00699    
0.14643    
1.90201    
1.89233    
3.87636    
1.03736    
3.03471    
2.11686    
1.01624    
1.54411    
-1.46268    
4.77229    
1.06456    
2.49068    
3.07659    
3.14377    
1.89732    
-0.02632    
0.97727    
3.01460    
0.96858    
-0.00538    
2.98858    
4.32576    
2.00114    
2.93004    
4.05736    
0.56602    
1.94247    
1.93005    
3.45176    
1.46841    
-0.99044    
3.44040    
3.84853    
1.04117    
1.98564    
-0.46152    
1.99897    
2.57154    
3.44386    
0.96728    
0.62195    
2.92772    
1.41308    
1.04910    
0.95746    
0.97244    
2.44532    
1.52892    
1.95489    
4.33967    
1.82254    
2.95623    
3.88222    
2.02582    
0.09840    
1.50938    
3.03256    
2.49756    
2.38646    
2.01647    
0.94169    
0.05693    
3.02248    
1.98524    
5.72323    
0.98824    
2.90818    
1.98528    
2.48283    
2.47881    
3.08135    
1.93382    
2.91897    
1.53382    
3.07033    
1.97559    
0.52238    
2.90608    
1.94791    
2.98924    
2.08485    
2.09470    
1.04759    
0.01708    
0.97383    
2.96526    
1.85669    
3.88133    
3.14729    
3.93022    
1.97638    
0.99711    
-0.03301    
1.09908    
3.06497    
1.06356    
-0.95250    
2.52494    
2.55274    
2.90147    
1.57734    
3.30667    
2.04370    
2.05324    
2.04223    
0.90521    
-0.42481    
0.88539    
0.07963    
1.99917    
1.02248    
3.09163    
1.52183    
1.02566    
0.91649    
1.92279    
1.07075    
1.41219    
0.47494    
0.09613    
1.52598    
1.94831    
1.03309    
1.47189    
1.51041    
2.47192    
1.90996    
0.97010    
3.52359    
1.06735    
3.90443    
1.99750    
3.44778    
1.14347    
1.04565    
1.42916    
-0.36819    
0.05801    
2.00086    
0.14040    
2.04443    
0.16970    
1.87775    
1.21460    
1.11976    
4.37692    
2.95042    
2.75629    
2.93384    
2.47818    
1.06575    
5.92270    
0.46587    
2.43600    
0.91288    
1.05775    
1.93217    
3.83706    
2.01261    
1.12269    
3.36658    
2.95194    
0.52436    
0.61609    
3.01047    
2.03513    
3.82388    
1.07159    
2.99579    
0.06273    
3.41410    
1.05614    
1.51771    
2.00289    
2.52778    
2.90507    
2.09187    
0.49123    
2.84778    
2.10185    
2.98305    
1.06199    
0.01948    
1.49723    
-0.10911    
-0.47581    
-0.01781    
1.54357    
-1.04464    
0.59572    
2.00285    
3.09093    
1.01089    
-0.02896    
3.99095    
1.92827    
3.89434    
2.07515    
1.99452    
-0.05988    
0.97563    
2.98651    
0.58000    
2.90238    
1.93388    
1.89618    
0.63177    
1.97801    
1.53926    
1.88673    
-0.06520    
1.99617    
3.57946    
3.92305    
0.48954    
0.17827    
2.78972    
3.93054    
-0.47462    
2.45394    
1.89038    
0.07404    
1.00547    
0.54450    
0.89206    
0.55500    
1.91678    
3.00135    
3.99053    
-0.41600    
4.39528    
1.43372    
0.90913    
1.89410    
0.99053    
1.96581    
-0.04801    
0.99097    
1.52726    
0.13822    
2.95188    
2.54550    
1.63011    
1.09115    
2.01283    
3.26996    
0.08545    
2.05114    
-0.25426    
1.90261    
1.94347    
1.01141    
2.39404    
4.72252    
-0.43830    
1.95696    
1.99036    
3.08401    
-0.39562    
3.46025    
1.51395    
2.00168    
0.99858    
0.93152    
0.94831    
2.08726    
0.97735    
-0.43729    
2.03548    
0.03340    
-0.94253    
1.92936    
1.90716    
1.15928    
0.55315    
0.91970    
1.99229    
2.93559    
3.00869    
-0.88653    
0.56454    
1.90505    
2.04433    
1.47547    
2.40369    
3.04176    
0.17308    
0.12122    
0.53380    
1.12977    
1.61629    
2.00660    
3.49932    
0.57497    
-0.82050    
2.15700    
0.97652    
1.90812    
1.08128    
3.43020    
2.02064    
-0.43414    
3.42301    
1.10508    
1.47928    
1.39697    
3.45079    
2.39473    
2.04466    
3.98889    
2.38605    
1.98630    
2.85295    
2.96709    
1.10122    
1.94954    
3.28576    
2.01106    
4.01558    
0.17431    
4.78699    
1.91453    
3.89166    
3.05299    
0.59047    
-0.05675    
2.09708    
1.03764    
2.07336    
1.07633    
2.02996    
2.45329    
2.04504    
2.51167    
4.40089    
2.58924    
1.07735    
1.96371    
2.38209    
3.49779    
1.93214    
0.11106    
0.06409    
4.37159    
2.33895    
2.94935    
-0.80144    
2.94295    
1.01610    
1.94903    
1.39812    
3.88677    
1.87682    
0.53069    
3.40748    
1.94387    
2.85966    
0.01394    
5.79234    
1.01939    
1.10507    
2.46388    
1.38081    
1.98978    
1.47225    
2.98674    
2.36906    
-0.02471    
2.56076    
0.58091    
2.44132    
1.53034    
1.04927    
0.43562    
2.00914    
2.02983    
2.06578    
1.50286    
3.88325    
0.02352    
1.04817    
2.52929    
2.49884    
1.03414    
0.63326    
2.06384    
3.03968    
1.04216    
1.51125    
2.90849    
1.07702    
1.97320    
2.39043    
0.54376    
3.39190    
0.96124    
2.85507    
2.10308    
2.40799    
2.06161    
1.06871    
2.87277    
1.47692    
4.78761    
0.63736    
1.05366    
1.94062    
2.97829    
1.43233    
-0.40399    
1.12359    
2.86763    
3.88151    
1.92672    
1.04824    
1.48763    
0.97612    
1.10310    
3.28867    
3.50761    
1.95951    
1.03407    
1.15237    
-0.35148    
1.05619    
0.60293    
1.48653    
3.00010    
0.13804    
2.90573    
1.62501    
0.00184    
-0.91648    
0.92210    
3.33710    
2.93772    
4.84097    
0.99539    
2.46464    
-0.92127    
1.97111    
1.94297    
2.02455    
2.00810    
1.99431    
3.33593    
3.03319    
0.54350    
1.99097    
0.55946    
0.06203    
1.48278    
0.93840    
0.12422    
1.42366    
0.14096    
0.11126    
4.29250    
2.08274    
2.06993    
1.46554    
0.92588    
0.89641    
-1.04381    
1.94786    
2.98949    
2.50166    
0.01296    
1.06725    
0.14493    
1.53852    
2.92951    
4.82918    
3.91722    
3.34233    
1.90978    
-0.79217    
-0.00157    
2.05207    
1.90343    
1.46450    
2.53353    
1.49095    
3.82725    
3.01909    
0.97479    
2.55111    
0.57865    
2.90332    
1.03779    
0.91624    
1.10129    
1.51053    
-0.91385    
1.93856    
0.47083    
4.08975    
2.46055    
2.50577    
3.99424    
1.99954    
1.02520    
2.78234    
0.15401    
1.94550    
1.49115    
3.97461    
1.09314    
1.48577    
1.12773    
2.41954    
2.42543    
-0.92565    
1.05905    
2.52979    
3.41222    
2.96213    
1.87627    
1.48361    
1.46541    
1.13967    
2.49904    
1.52068    
1.94316    
2.95833    
4.88682    
3.84115    
1.94917    
-0.37520    
2.85861    
0.06581    
1.50815    
3.03358    
1.05048    
2.91006    
-0.45882    
2.06247    
1.40923    
0.08088    
2.84696    
2.42966    
3.52851    
1.06422    
0.62635    
2.49942    
0.90721    
2.94963    
0.84222    
3.49694    
1.95316    
1.46346    
1.99485    
3.96610    
2.07577    
-0.43703    
4.35569    
0.98850    
2.86403    
2.99272    
1.97234    
3.86519    
1.94185    
2.00461    
2.88913    
1.47365    
0.57553    
0.99659    
3.90177    
1.96959    
1.93484    
0.51966    
2.97696    
1.96182    
1.39785    
1.52289    
3.38432    
2.98585    
3.46106    
1.01486    
2.10991    
0.94115    
1.09082    
3.57786    
2.44401    
0.91917    
1.06621    
5.45657    
1.96907    
1.03933    
2.00266    
2.95271    
-1.04945    
2.92187    
2.02281    
1.52923    
2.46520    
1.01831    
-0.88125    
1.03817    
-2.34460    
3.34476    
2.96498    
-0.95784    
2.48456    
2.87261    
2.88246    
-0.99378    
0.19881    
0.51768    
2.09354    
0.01201    
1.55089    
2.42479    
2.49809    
0.34148    
3.78152    
1.91793    
1.11016    
2.09675    
1.02207    
1.54005    
-0.89168    
3.48122    
-0.96413    
5.77245    
2.89713    
1.44604    
-0.46197    
2.02137    
2.11120    
-1.43605    
1.61599    
2.01348    
3.84260    
3.95739    
0.51563    
-0.05192    
4.75804    
2.94087    
-1.00860    
2.94600    
0.02836    
0.99255    
3.45452    
2.48474    
1.93025    
2.50942    
0.16104    
0.11655    
1.06943    
2.90514    
2.90279    
1.48007    
1.04483    
1.10094    
2.38326    
2.02377    
3.88391    
1.05636    
0.51801    
0.56066    
1.10266    
4.81780    
1.41695    
0.94932    
-0.51124    
1.02672    
3.00193    
0.51851    
2.91786    
2.95138    
2.02648    
2.86997    
1.47621    
2.43450    
3.42092    
0.06129    
-0.91506    
1.95518    
2.97472    
3.91035    
1.95650    
5.86586    
2.54945    
3.48261    
1.99847    
2.07029    
2.04924    
0.20096    
2.94702    
1.94835    
1.00377    
2.84658    
0.04742    
3.47445    
2.06292    
1.93403    
2.40571    
1.97539    
3.43311    
1.52765    
2.00609    
1.97928    
-0.53462    
2.04812    
0.94074    
-0.52486    
-1.90183    
-0.01639    
4.31457    
1.10828    
1.04367    
-0.45017    
0.09904    
-0.40274    
2.36387    
0.04466    
2.00510    
0.06534    
0.02634    
-0.48454    
1.46438    
2.42588    
1.98889    
3.85452    
2.14207    
3.92559    
0.88256    
1.95854    
0.12846    
0.88708    
2.14021    
3.45485    
-0.01674    
1.10042    
1.50826    
1.05655    
2.88511    
1.53421    
3.79408    
3.87192    
0.49014    
2.06102    
3.77934    
-0.91982    
1.03308    
0.02324    
2.10972    
2.92692    
1.98672    
1.05763    
1.55081    
1.47478    
1.39658    
0.06545    
1.91024    
0.12058    
2.92822    
3.88023    
2.47512    
0.58515    
0.59775    
2.86879    
2.14422    
0.05367    
2.42186    
2.29457    
1.01001    
1.00656    
0.59144    
0.01877    
2.89540    
1.98955    
2.02370    
1.96140    
0.61328    
-0.94473    
2.52160    
0.08432    
3.00884    
1.52246    
1.10501    
0.97513    
2.97430    
0.97348    
2.57766    
3.32836    
2.00188    
2.00924    
2.99842    
-0.04899    
2.91975    
0.98943    
1.95716    
0.09246    
2.96068    
1.03744    
2.07545    
0.04597    
1.00807    
3.08113    
2.04420    
2.49814    
2.94923    
1.98200    
1.43477    
2.05334    
2.11101    
1.08817    
1.15646    
2.93649    
2.41777    
1.37175    
2.93068    
2.00078    
0.12057    
1.17143    
3.35064    
0.58784    
0.93638    
0.48553    
1.08468    
2.86531    
0.54407    
2.62313    
5.89027    
4.94552    
0.98329    
4.02681    
-1.42082    
2.91971    
0.51383    
2.06969    
1.01420    
0.13642    
1.04682    
1.08357    
1.11291    
1.02223    
0.16703    
0.12369    
3.86518    
2.53724    
1.53418    
1.08023    
1.52907    
0.53043    
1.87167    
1.49427    
1.41614    
0.57504    
2.12459    
-0.51312    
1.99851    
2.97592    
2.01870    
1.00911    
2.04727    
0.48395    
1.48111    
1.95871    
1.94244    
1.51963    
0.92543    
2.46190    
1.45675    
3.03512    
2.07814    
1.83135    
2.57454    
2.45031    
0.52119    
2.39802    
2.98859    
2.31115    
1.43567    
0.54262    
0.46586    
1.01409    
0.08342    
0.10494    
2.38272    
1.02625    
1.02395    
2.43810    
0.98432    
0.54384    
1.45258    
3.86968    
-0.35994    
3.78067    
4.34002    
1.47347    
1.01539    
0.57349    
1.03622    
1.03861    
2.90798    
0.86625    
1.91372    
1.15535    
0.06181    
3.92067    
3.83106    
2.08310    
1.54209    
-0.04010    
1.04638    
1.07671    
1.08079    
1.46984    
1.07938    
0.03177    
3.35555    
-1.76436    
1.94433    
2.43112    
3.33368    
2.91979    
1.08148    
2.44538    
2.53093    
2.48521    
2.92096    
2.12487    
0.00795    
0.44936    
3.13404    
0.13203    
0.38407    
0.53986    
1.02037    
1.38035    
2.14897    
1.07505    
0.93665    
0.51279    
3.03515    
0.02609    
2.01377    
0.97532    
2.89762    
1.50646    
2.38153    
0.45259    
0.06640    
3.91575    
2.40307    
1.10610    
3.03568    
4.85230    
0.55759    
3.39591    
1.03631    
1.44035    
0.53258    
0.99855    
2.48362    
0.64629    
2.93259    
1.08848    
2.83712    
2.37588    
2.88647    
2.92672    
3.42175    
1.45945    
0.56142    
1.05036    
0.96821    
1.00850    
1.54559    
1.87235    
2.91000    
1.09699    
1.08835    
3.40385    
3.36045    
2.94490    
2.93624    
1.96885    
3.45297    
1.95659    
-0.06134    
1.96992    
2.01030    
0.54428    
4.37373    
0.64763    
-0.29915    
2.04659    
2.96337    
0.10558    
2.48336    
1.47721    
2.08464    
3.01758    
0.52757    
2.00070    
2.84622    
0.57440    
0.56461    
1.99929    
1.95905    
0.49578    
4.31387    
3.84090    
1.94632    
4.94635    
0.95907    
2.77569    
3.05004    
4.35448    
3.43195    
2.91538    
3.88225    
3.03104    
3.93028    
2.07254    
1.44150    
2.37172    
0.92535    
1.14349    
3.37691    
1.54808    
1.01838    
1.61469    
3.77983    
3.90832    
1.45340    
0.50809    
1.97407    
0.06008    
0.57034    
2.93268    
2.32903    
4.83928    
1.13020    
0.94192    
2.45463    
1.91379    
0.96723    
1.92384    
1.96757    
1.03488    
3.38939    
0.47485    
-0.98355    
2.92231    
2.88903    
2.86847    
1.96255    
1.86250    
2.07654    
3.93486    
0.63170    
3.05036    
2.52346    
3.75128    
0.97717    
1.11379    
1.49599    
1.61521    
1.52318    
4.03293    
3.04538    
-1.31251    
2.97842    
4.50462    
3.04272    
1.59217    
1.43353    
2.93037    
0.97326    
2.94549    
-1.84717    
1.92622    
2.93576    
1.57036    
2.98624    
-0.00899    
1.98970    
-0.42797    
0.48767    
3.85852    
0.59362    
0.15774    
0.05128    
2.99993    
1.53259    
1.51402    
1.43800    
-0.33976    
3.96410    
1.97745    
2.04002    
1.43555    
1.49543    
3.01986    
0.12257    
0.98534    
0.98188    
1.47069    
2.39804    
2.91406    
2.00284    
2.06741    
3.03348    
1.96071    
-2.83047    
1.62557    
0.52970    
2.01847    
0.98227    
1.94166    
0.99791    
2.98353    
3.86505    
0.58145    
0.46587    
0.94357    
4.47238    
3.48527    
2.94258    
-0.00461    
1.05041    
1.41913    
0.96951    
1.02026    
3.05215    
1.99829    
1.49983    
-0.43193    
0.08560    
1.49601    
0.16560    
1.47428    
2.97830    
0.58551    
1.01001    
1.95387    
0.57710    
3.84574    
-0.91360    
2.92224    
2.11722    
0.17433    
2.02248    
1.85471    
5.75990    
1.42107    
4.42050    
0.52845    
2.02463    
2.03488    
2.98577    
1.49958    
3.46689    
1.05626    
2.94793    
2.44004    
0.94185    
0.02583    
2.02776    
2.32493    
3.02512    
3.38868    
1.53333    
2.03782    
0.94182    
-0.41433    
2.90843    
-0.00135    
2.00146    
-0.97159    
1.43769    
4.37312    
1.96765    
3.97094    
2.02723    
1.97405    
2.41562    
1.00783    
1.05769    
0.93781    
2.46329    
2.86462    
0.87039    
3.81914    
2.05142    
1.89864    
0.00869    
4.34890    
3.05631    
3.42817    
1.57970    
3.01207    
1.47907    
0.96657    
0.02626    
1.45285    
1.79125    
-0.38065    
1.33516    
0.05516    
2.55809    
2.39756    
2.16558    
1.63992    
3.86907    
0.53808    
2.91956    
0.91771    
1.97872    
2.94762    
2.99738    
1.49863    
2.61039    
2.87794    
2.03304    
1.05130    
1.95926    
2.92871    
1.04116    
0.99265    
3.89469    
1.99823    
1.80623    
0.53061    
-0.88062    
2.01254    
2.50607    
2.37490    
1.58703    
1.39883    
1.45348    
2.97069    
1.90583    
1.96714    
-0.04861    
3.42344    
-0.34692    
0.92137    
3.44970    
2.10852    
1.97352    
0.93853    
1.99844    
1.94311    
1.11570    
0.11028    
1.99230    
1.96296    
-0.87930    
2.00577    
0.97499    
0.17219    
1.99333    
1.99993    
2.47599    
-0.84372    
1.93319    
3.76569    
1.97298    
2.13770    
0.58937    
3.08857    
3.82298    
3.84627    
3.41535    
1.11296    
0.56456    
-0.64170    
0.16636    
2.16337    
0.06571    
-0.13916    
-0.05608    
1.99006    
2.96945    
1.97029    
1.52149    
2.01167    
2.00554    
2.46719    
0.07027    
0.11865    
0.09818    
2.52161    
0.54646    
2.96744    
1.03722    
3.02452    
1.52166    
0.98069    
1.93603    
1.44578    
1.03275    
2.00311    
2.06475    
1.10997    
-0.99924    
2.87571    
4.72349    
1.98253    
2.90339    
-0.32654    
0.10553    
1.59054    
-1.39563    
4.71249    
2.18082    
0.92544    
2.00602    
1.41636    
0.94948    
1.08711    
2.93396    
-0.93014    
1.06489    
1.92513    
3.87823    
3.09129    
-1.43732    
1.96765    
2.42427    
1.95862    
2.91338    
2.89237    
1.02469    
2.99245    
1.98887    
0.13904    
1.98236    
0.54619    
2.94175    
0.46740    
3.02146    
1.91834    
0.51326    
3.88331    
3.03600    
1.00436    
0.11339    
1.94221    
3.88858    
2.99265    
1.97220    
3.07156    
0.02389    
2.43295    
1.49228    
2.39412    
4.36367    
3.94860    
1.99784    
0.15660    
0.93832    
1.01695    
0.90064    
1.58460    
2.05121    
0.98966    
0.10632    
1.85541    
2.37646    
2.02969    
2.96677    
1.52505    
-0.02444    
-0.00244    
-0.92430    
0.95968    
0.54982    
4.85911    
0.00108    
2.62786    
1.05498    
1.12031    
1.02544    
1.49088    
1.53952    
3.99360    
3.06522    
1.95049    
3.97244    
2.97425    
2.03948    
2.51897    
1.46198    
-0.38772    
1.07308    
1.92518    
1.93963    
-0.44690    
2.89564    
0.99642    
1.00705    
-0.37776    
2.50486    
2.99750    
0.87348    
1.92490    
0.04286    
2.97223    
-0.46748    
0.41156    
1.10502    
1.51053    
2.96336    
3.91029    
0.03628    
1.03887    
0.42002    
0.45844    
1.01759    
1.03085    
2.43888    
2.87336    
-0.01422    
2.52947    
1.48538    
2.47950    
1.46526    
2.82893    
2.07829    
0.09921    
1.56762    
2.95052    
2.85046    
0.59730    
2.90661    
0.66670    
1.03048    
2.39015    
2.04414    
1.48294    
0.92835    
1.55591    
2.04938    
1.98646    
3.89448    
1.94906    
3.91424    
0.45120    
2.19365    
1.81136    
2.53100    
0.19928    
0.49437    
3.44601    
0.09073    
-0.48510    
2.03474    
4.19350    
1.55511    
1.02751    
1.11216    
1.12080    
3.88677    
2.65242    
5.65098    
3.49361    
1.39633    
2.01363    
1.50328    
4.90515    
0.20444    
0.49236    
3.94120    
3.04914    
3.02010    
0.93598    
2.04789    
0.97300    
3.08424    
0.45897    
2.01851    
1.55931    
0.02052    
0.08571    
0.48514    
2.00808    
0.99323    
3.01179    
2.03589    
2.16828    
2.46893    
0.06313    
3.36493    
2.99235    
0.56365    
-0.06198    
-0.43712    
5.44537    
1.09507    
1.95306    
3.96372    
0.51171    
3.40967    
-0.45851    
0.96894    
1.53077    
1.01561    
2.53449    
1.48740    
0.87224    
3.46076    
0.62017    
1.87892    
2.53505    
0.00825    
2.05003    
2.94272    
1.03665    
-0.75038    
0.98705    
2.01528    
0.95103    
1.50061    
0.56346    
1.99402    
3.01224    
3.01301    
0.60713    
1.37627    
0.08002    
0.49082    
-1.94102    
-0.07548    
0.98850    
1.63763    
2.01919    
1.98166    
1.07550    
0.46438    
1.47255    
0.05522    
1.58484    
0.36609    
1.91970    
0.52551    
-0.42272    
-0.86687    
2.90757    
5.88034    
1.50468    
2.96576    
-0.95393    
1.53000    
3.42641    
2.98345    
3.44406    
1.90324    
4.40776    
1.98403    
2.03803    
1.02870    
2.45267    
1.94708    
0.47482    
0.94155    
1.95722    
1.39386    
3.46590    
3.68509    
0.44861    
1.08648    
-0.01496    
1.00849    
1.53563    
2.48760    
1.02251    
3.87564    
2.01082    
2.05984    
3.52462    
3.76951    
2.01636    
0.09475    
0.49593    
2.77386    
2.41849    
2.83151    
1.47384    
1.64150    
0.91804    
1.86220    
0.48554    
-0.07125    
1.40342    
-0.42360    
3.80507    
2.37380    
3.49868    
1.94222    
0.96539    
2.10104    
1.93814    
3.09589    
0.48080    
1.05576    
2.95976    
1.51395    
1.07917    
0.06239    
1.48616    
3.95448    
3.42955    
0.04070    
-0.07370    
1.13103    
1.07669    
2.84653    
0.97883    
1.04124    
3.05162    
1.45773    
2.46823    
3.01236    
0.55697    
0.59128    
1.06767    
2.05979    
2.10493    
2.96559    
2.37982    
-0.85581    
0.52133    
1.60035    
1.58717    
1.81346    
1.94915    
1.55590    
1.00604    
0.08967    
2.53513    
2.84112    
1.45752    
2.06329    
0.05230    
0.53021    
2.81157    
0.51738    
-0.95228    
2.89596    
0.49594    
2.42513    
1.03926    
-1.58480    
4.31239    
2.47137    
0.15456    
3.04323    
2.97811    
2.03005    
0.05354    
-0.99447    
1.92301    
2.48801    
2.49665    
0.96545    
1.38843    
1.02575    
3.02891    
0.97748    
1.52514    
5.84062    
2.05816    
4.83033    
1.96068    
2.52360    
0.02170    
2.49578    
3.47429    
1.99316    
-0.48283    
0.05504    
1.36262    
1.98776    
2.45390    
-0.96718    
-0.97616    
1.06851    
3.03374    
1.62317    
4.86033    
2.96631    
1.53202    
3.01119    
-0.33932    
1.89811    
1.42385    
-0.51402    
1.03621    
0.08820    
0.94952    
0.96972    
2.46505    
0.99059    
-0.10417    
2.50768    
-0.95345    
1.04424    
1.01216    
2.89271    
1.08528    
2.80973    
1.06166    
0.09812    
3.40159    
0.57171    
3.88003    
1.06961    
2.94932    
0.09517    
2.53045    
2.46611    
2.08815    
2.03745    
0.64310    
3.03046    
1.95968    
3.80879    
2.91099    
4.41441    
0.10172    
3.08786    
2.93125    
1.93922    
1.49831    
2.02708    
2.44283    
2.55332    
1.88622    
2.03257    
3.00190    
2.92580    
1.98169    
2.92803    
2.53806    
1.98042    
2.01099    
0.01823    
0.57334    
-0.90952    
1.16795    
1.87988    
1.57379    
1.55805    
3.88358    
1.47007    
2.96941    
2.98853    
-0.87180    
0.13097    
1.93246    
2.48285    
2.43117    
1.58919    
2.94811    
2.36000    
2.45542    
1.97090    
0.42267    
2.45590    
0.47746    
3.02471    
1.13849    
2.89561    
1.98496    
0.96744    
0.96481    
1.08296    
5.30998    
1.12076    
0.57083    
3.03564    
0.88332    
0.94768    
0.93206    
0.68391    
2.96552    
1.00146    
-0.86855    
1.92547    
3.96694    
0.48172    
1.53902    
1.97283    
-0.04927    
2.47842    
2.90547    
2.00907    
2.01451    
0.47565    
-0.00636    
0.58436    
3.00580    
1.90502    
1.54820    
1.10748    
2.95895    
0.99424    
1.55922    
2.01763    
3.00460    
0.11810    
-0.02506    
1.03458    
2.99214    
5.33224    
1.04096    
0.56368    
0.98722    
2.31970    
0.11379    
0.15348    
2.99108    
2.46741    
2.14622    
1.11050    
-0.92373    
1.46729    
1.91281    
2.03608    
4.52935    
1.98170    
1.02627    
3.89689    
1.13493    
-0.39785    
1.97236    
2.03108    
1.95425    
0.86521    
3.12612    
1.04440    
1.95234    
2.94172    
1.05821    
-0.96050    
0.04792    
3.90493    
1.86324    
1.63188    
2.86480    
1.96028    
1.05151    
2.92485    
4.39942    
2.94564    
-0.36108    
0.13998    
1.90780    
4.36684    
1.90799    
0.49601    
2.05460    
0.94925    
2.90938    
2.38066    
2.41085    
1.49475    
0.93470    
0.38659    
3.37334    
-0.02721    
1.52003    
1.51869    
1.54728    
0.59782    
2.87549    
-0.03240    
2.92137    
1.86707    
0.53860    
2.58172    
1.47941    
0.60787    
3.82299    
1.04151    
4.90002    
2.48710    
-1.01030    
2.86099    
1.00075    
1.60624    
2.96219    
1.54040    
1.50927    
1.55523    
1.73058    
2.43240    
3.39826    
0.95611    
5.79461    
1.92463    
4.02763    
1.38570    
2.50724    
2.00695    
1.11646    
1.00997    
3.86424    
-0.07704    
-0.06537    
2.94086    
1.89728    
-0.42277    
2.45777    
-1.40906    
2.03290    
2.50941    
1.55676    
3.07554    
3.98357    
2.94616    
1.45536    
1.97808    
1.54789    
3.85402    
1.40865    
-0.01558    
2.53211    
1.50536    
1.03815    
1.01715    
1.98882    
3.45418    
2.93129    
3.83966    
1.44585    
0.46836    
2.87785    
2.01753    
3.87836    
1.99515    
1.05255    
1.54149    
0.07502    
0.02694    
1.13610    
2.85582    
2.91771    
0.02355    
2.98480    
0.93425    
1.57918    
0.96493    
1.45393    
-1.04781    
2.39368    
1.97064    
1.13963    
3.00502    
2.09953    
2.94375    
0.97359    
4.03771    
2.08600    
1.93301    
3.03612    
2.88228    
0.51260    
1.01893    
4.84134    
1.04733    
3.89533    
0.64915    
2.93790    
2.54137    
0.17236    
2.91873    
0.99033    
4.00864    
1.88467    
3.43852    
-0.47776    
3.01146    
1.47928    
0.04074    
1.94538    
1.52415    
2.96808    
1.12321    
0.13545    
2.51102    
2.88305    
2.44960    
1.01356    
1.02620    
2.44338    
1.96592    
1.10722    
0.00659    
2.95701    
1.91046    
1.06448    
1.01455    
2.06381    
2.05583    
2.99170    
2.46917    
0.13727    
-0.03216    
1.03434    
1.04457    
2.00502    
-1.35889    
0.78698    
2.00992    
2.97893    
0.10759    
2.36531    
1.95671    
1.04795    
1.98235    
1.96960    
3.92927    
0.10739    
3.45784    
2.94253    
0.96976    
1.96484    
2.12630    
2.41388    
3.01207    
2.91721    
2.51128    
2.01805    
1.14251    
1.00030    
3.03250    
2.92137    
-0.55466    
2.47540    
2.99974    
0.93737    
1.56929    
2.48833    
0.98793    
2.07060    
2.05310    
1.03643    
3.45238    
1.45828    
1.03525    
3.76952    
0.94438    
0.04645    
0.49712    
1.93303    
0.55800    
0.53702    
1.95950    
-0.52998    
0.96824    
-0.00986    
2.84012    
2.86003    
0.53758    
1.96042    
0.48410    
2.95933    
-0.83032    
2.00887    
0.97885    
-0.42217    
2.96744    
4.49477    
1.94001    
0.97780    
-0.47872    
1.04142    
3.84630    
1.15655    
3.81838    
0.91386    
2.53420    
1.59136    
1.53988    
3.05013    
3.01865    
1.60486    
4.71866    
-0.96603    
0.59258    
0.62356    
2.41387    
1.00114    
2.05664    
1.03319    
-0.87154    
-1.98957    
2.13666    
0.92537    
1.45714    
1.96330    
0.04762    
1.98244    
-0.83722    
2.40763    
0.03333    
0.55190    
1.01165    
2.02338    
0.51720    
2.89088    
1.51537    
1.06460    
1.55042    
1.01356    
1.47046    
3.02859    
0.12374    
2.94725    
1.15815    
1.45617    
2.06037    
0.53523    
0.98743    
2.99013    
3.47114    
1.01787    
0.53868    
-0.02680    
1.79432    
-0.30535    
2.08004    
0.95299    
1.96331    
2.95147    
1.00632    
2.00353    
2.46229    
2.01489    
2.43346    
2.44826    
2.43609    
1.40444    
0.48698    
2.88037    
1.44684    
-0.40362    
2.43885    
1.93392    
1.45740    
2.52265    
3.37254    
-0.93566    
-0.89285    
0.55404    
-0.06214    
2.96059    
3.88640    
0.05253    
2.03897    
1.95848    
0.92937    
2.93915    
1.99167    
2.05829    
1.99569    
2.06226    
0.54783    
3.36139    
2.53224    
0.02951    
0.98296    
1.87977    
1.07901    
0.46375    
0.65082    
3.82373    
3.04711    
3.85295    
0.03239    
0.05771    
1.03810    
3.45794    
2.90104    
0.59801    
1.97247    
0.56117    
2.47266    
3.37482    
2.02722    
0.03357    
3.48382    
2.04022    
1.90764    
3.96323    
1.87920    
2.01251    
0.03960    
3.87569    
1.09690    
2.48276    
0.02752    
0.04765    
1.89369    
1.59688    
3.53431    
0.39999    
2.89070    
2.48475    
1.98809    
2.03314    
1.54512    
1.39773    
2.97752    
1.95371    
2.79210    
1.57588    
-1.05703    
2.78299    
2.99188    
4.45160    
0.90846    
1.49102    
1.01578    
3.05462    
1.03669    
2.57760    
4.95210    
0.46062    
0.67990    
2.98429    
5.26963    
2.49989    
0.53046    
1.99641    
0.06824    
1.03592    
2.38862    
1.57515    
2.00103    
3.57847    
2.46586    
2.44043    
2.04818    
1.57132    
2.37206    
3.85079    
1.56700    
1.85419    
1.98276    
2.90090    
2.44328    
0.02649    
0.59509    
1.48859    
1.45531    
5.76759    
1.42219    
0.13191    
1.95800    
2.93716    
0.11609    
2.06733    
2.49315    
1.91440    
0.42290    
0.93225    
3.48441    
0.55031    
2.53102    
1.92426    
2.04529    
2.88680    
2.02040    
4.94627    
2.98334    
2.86638    
3.40935    
1.61162    
3.44728    
-0.87091    
1.00467    
3.84096    
1.94492    
0.95521    
3.48647    
2.99689    
0.47451    
1.04703    
3.01233    
2.96124    
2.53437    
1.57892    
0.04528    
0.89427    
3.85365    
1.08418    
2.75983    
0.02193    
1.07525    
0.98508    
2.97671    
5.77895    
1.95503    
0.05580    
1.44987    
2.97221    
-0.27010    
-0.95537    
1.53684    
0.04196    
1.95035    
0.45359    
1.48048    
4.51558    
1.97021    
1.39952    
1.87452    
-0.96934    
-0.44372    
2.05212    
1.58111    
0.93020    
0.96202    
0.45452    
0.93873    
3.00182    
0.97865    
3.34216    
0.03202    
2.97064    
-0.90896    
2.04904    
2.85609    
0.16219    
0.96933    
0.09401    
-0.85168    
1.09474    
0.99290    
-0.86337    
2.08720    
3.88747    
0.65857    
2.01731    
2.84297    
2.42676    
1.01766    
5.01658    
2.01541    
1.08407    
2.41841    
2.01204    
1.53452    
1.05065    
1.05369    
0.99105    
2.46510    
1.06825    
0.96086    
1.52293    
3.01254    
0.07865    
1.97364    
3.97228    
-0.03146    
1.03599    
2.33358    
-1.44623    
1.93957    
1.92897    
3.48521    
0.96869    
-0.92756    
0.52708    
2.01142    
3.95439    
2.94894    
-0.30705    
1.96810    
2.44394    
2.01392    
1.00152    
1.05191    
1.01253    
-0.87087    
0.03367    
2.42630    
1.69435    
0.11351    
-0.03034    
1.07121    
0.57498    
1.50462    
0.93763    
1.50172    
1.05475    
2.89377    
0.09280    
1.94265    
-1.85504    
2.13301    
0.14280    
-0.50196    
2.90330    
2.86619    
1.94762    
2.52403    
1.20248    
2.87550    
1.93008    
1.98618    
1.06469    
1.04007    
1.95212    
5.76571    
0.05441    
1.96598    
2.01683    
2.90173    
0.94315    
1.09597    
0.98724    
2.08720    
2.92327    
1.03423    
4.40416    
2.43877    
1.58952    
2.01553    
2.53047    
1.45320    
2.60365    
2.02027    
1.99240    
0.55583    
2.39544    
-0.93069    
2.37563    
1.85723    
2.88244    
1.11850    
1.96844    
2.10688    
1.99667    
3.41430    
0.98591    
2.74736    
4.42492    
2.06066    
0.99133    
2.06980    
3.36544    
2.43534    
1.00211    
1.99875    
1.00934    
1.13308    
0.01348    
1.98848    
0.02722    
2.03929    
1.39498    
0.94474    
0.07688    
2.45231    
2.37270    
2.99587    
1.95080    
1.01223    
1.96954    
0.53046    
0.64955    
2.48331    
0.54167    
-0.05241    
0.96213    
-0.01382    
1.00286    
0.14148    
0.93884    
1.08805    
-0.52936    
2.93385    
3.94012    
2.75085    
0.12690    
4.89711    
0.09855    
1.92831    
3.89899    
-0.82173    
3.90377    
1.34692    
-0.02073    
1.56650    
2.99503    
1.55779    
2.94158    
0.39672    
2.96690    
3.03229    
-0.44436    
0.00716    
0.92257    
2.84742    
0.92660    
0.02593    
2.79742    
1.91931    
4.39229    
0.04755    
2.90361    
0.59839    
2.05916    
2.90070    
3.06002    
1.50016    
1.04822    
1.15777    
4.80550    
1.98820    
-0.93292    
1.99047    
0.01310    
0.96166    
1.94502    
2.84838    
2.05967    
0.03338    
1.56060    
1.50983    
2.13282    
1.54867    
2.52689    
0.89010    
3.99438    
2.99830    
3.50894    
0.55395    
0.91967    
1.04219    
2.94276    
2.01229    
2.92184    
-0.44934    
2.99390    
2.91176    
-0.37475    
1.06167    
2.01540    
0.44970    
0.57421    
1.01649    
0.93591    
1.96385    
-0.02427    
0.55752    
3.88733    
4.82114    
2.37963    
1.96735    
1.01483    
0.49524    
5.85130    
-0.81084    
-0.01888    
3.97230    
0.91584    
2.12734    
0.02328    
1.91424    
2.06848    
3.44562    
2.46586    
1.03046    
1.07323    
0.58474    
3.06063    
1.95911    
2.06967    
2.53916    
2.49890    
1.01976    
1.95784    
1.47043    
1.98328    
1.08673    
1.89389    
3.01720    
1.14452    
0.50004    
3.32924    
0.61754    
1.00831    
3.91541    
-0.87732    
3.48787    
3.03494    
0.05991    
3.40025    
1.01824    
1.01314    
3.80795    
1.95864    
1.41431    
1.98484    
2.96091    
2.43364    
0.01936    
0.05376    
3.86738    
2.07221    
3.03072    
2.98243    
0.06234    
2.97739    
3.46046    
0.99043    
3.81438    
1.94969    
1.94628    
0.56116    
-0.38925    
0.10461    
2.93105    
1.51926    
1.07246    
3.00806    
1.98653    
0.54757    
1.98813    
1.96682    
1.90869    
2.50496    
-0.44687    
1.49783    
0.51657    
1.90930    
1.09355    
0.97950    
2.47131    
-0.90494    
3.90500    
1.92887    
1.99239    
2.87267    
0.08481    
2.81133    
2.96276    
2.42906    
0.50059    
2.51007    
0.55570    
2.00862    
3.04262    
0.05711    
3.90532    
0.96942    
1.88077    
-0.50715    
2.44948    
1.38830    
0.94318    
-0.44917    
-0.18255    
1.98627    
1.51068    
-0.03637    
0.50694    
1.48692    
1.41468    
1.19537    
1.09302    
1.99227    
3.89389    
0.36216    
1.20995    
0.63826    
1.08728    
3.04383    
3.12065    
0.99756    
2.08251    
0.37640    
2.07140    
3.49144    
3.89960    
2.49922    
0.06849    
4.94277    
1.46423    
-0.35942    
2.88136    
2.51224    
0.05070    
-1.79947    
0.22381    
2.96336    
0.98427    
1.11020    
0.88414    
2.53720    
2.93320    
1.54423    
3.00163    
1.40213    
0.97073    
0.96298    
-0.05570    
-1.39575    
0.58048    
1.53893    
1.47974    
6.38507    
1.95196    
1.03864    
1.37855    
3.91269    
0.51727    
1.92024    
0.04758    
-0.41723    
1.12806    
2.03977    
0.08633    
1.91422    
0.07255    
1.10550    
0.02795    
1.04352    
2.04344    
2.89203    
2.55468    
2.93896    
1.94243    
2.92368    
1.14631    
2.97928    
2.46789    
0.08313    
3.86717    
0.62534    
1.92869    
0.98189    
0.92470    
2.91112    
1.95634    
-1.04689    
0.95496    
2.46157    
4.37081    
2.02094    
1.56800    
2.09602    
1.02369    
1.43349    
1.06802    
0.09768    
1.92486    
1.55200    
0.91401    
3.36836    
1.93233    
2.49985    
3.06936    
-0.92179    
1.90543    
0.45800    
2.07472    
2.91374    
3.53438    
2.49000    
0.64362    
3.51055    
3.84626    
-1.06519    
3.51356    
3.90391    
2.96430    
0.53722    
2.49114    
1.08631    
1.62567    
2.41206    
1.94202    
0.88905    
2.92261    
1.05335    
1.90651    
3.43204    
2.99062    
0.94226    
1.46194    
0.56203    
-1.90988    
2.91890    
3.37367    
1.97356    
0.08991    
1.54766    
3.42672    
2.46041    
1.07240    
0.07520    
2.01313    
-1.84510    
-0.01404    
1.51550    
1.39022    
1.91319    
0.95488    
0.92740    
0.02281    
2.00517    
-1.45524    
3.87618    
1.49866    
0.98832    
-0.35843    
1.48709    
-0.00348    
0.06172    
1.02263    
1.54119    
0.99198    
1.52902    
3.02622    
2.02041    
6.24827    
1.51282    
2.54819    
1.01327    
2.90905    
1.51703    
1.69211    
0.97970    
1.96484    
1.93139    
0.87616    
2.39991    
-0.43689    
1.05572    
1.99713    
0.57980    
3.97843    
0.01157    
0.02301    
2.38545    
2.96641    
2.35110    
1.94581    
0.08628    
1.93521    
1.51608    
1.96774    
2.48891    
0.59177    
1.51474    
0.58974    
4.00593    
0.88935    
2.87160    
1.99241    
3.95191    
-1.02423    
0.68504    
1.02765    
1.01605    
1.96812    
2.45019    
0.06217    
-0.93630    
0.88788    
1.03424    
2.04081    
-0.48849    
1.04570    
2.42221    
0.02176    
1.08993    
0.99185    
2.87643    
0.09770    
1.38214    
2.94965    
1.52267    
3.57586    
1.49829    
1.09285    
-0.00406    
4.85995    
3.10029    
1.94436    
-1.92751    
2.05571    
3.77510    
4.76572    
0.61136    
1.42312    
2.44040    
2.46068    
0.96510    
3.89392    
2.51506    
3.91536    
2.40429    
1.03979    
2.00394    
1.05683    
1.92537    
2.10935    
1.98244    
1.06450    
1.91426    
1.65349    
3.05422    
0.09981    
3.41925    
2.44896    
1.96896    
3.40684    
1.44888    
2.04129    
2.53920    
2.93850    
3.85867    
3.03294    
0.96212    
3.40886    
-1.53635    
-0.03704    
1.98750    
2.04991    
2.01434    
2.52208    
4.42655    
5.24021    
1.49229    
0.04968    
2.00134    
-0.50563    
1.65432    
4.87390    
2.08495    
2.85926    
1.62879    
2.01704    
0.94758    
1.08939    
-1.49346    
0.10426    
0.94615    
1.88417    
4.85215    
3.02068    
2.51095    
1.44145    
1.99880    
1.05994    
1.00852    
-0.42884    
1.37683    
2.00915    
1.09898    
3.86885    
1.94919    
3.02511    
1.38414    
1.48662    
2.41664    
4.37900    
0.58181    
0.56897    
4.24852    
0.48874    
2.83430    
-0.37993    
1.99528    
-0.87573    
1.89826    
2.44206    
2.46827    
0.46117    
2.49010    
2.00184    
2.40960    
2.49043    
-0.08208    
2.96868    
0.63298    
1.96800    
1.37405    
3.41826    
0.52827    
0.85206    
2.89852    
0.60534    
1.99243    
1.38455    
2.87561    
1.05996    
3.35158    
2.53769    
-0.04649    
-0.06607    
1.86308    
1.07151    
0.03914    
4.40219    
2.98101    
1.52423    
2.51619    
1.54122    
-0.05519    
2.98121    
-0.84026    
2.53884    
0.65661    
0.97535    
1.08877    
2.74786    
3.43014    
1.03288    
4.90629    
1.14705    
2.62274    
0.57014    
1.94969    
1.01855    
-0.92047    
4.87010    
1.04514    
2.50612    
2.38728    
2.05379    
1.96122    
0.95372    
2.57254    
1.03203    
0.50972    
0.05594    
3.38769    
1.53674    
2.04084    
2.90484    
5.74508    
2.49808    
2.95349    
2.48024    
0.05091    
1.17173    
2.98732    
1.53346    
2.08946    
0.09284    
0.47266    
2.93377    
-0.88757    
0.88801    
0.89154    
2.48420    
2.05581    
3.45044    
1.54065    
-0.01816    
2.94903    
2.36989    
1.99974    
0.52915    
1.60380    
0.05161    
0.04034    
2.08667    
-0.89665    
3.47994    
0.11469    
1.31594    
0.96215    
1.02284    
2.01825    
1.21397    
2.89350    
5.76899    
1.95196    
1.06769    
-0.02636    
1.01695    
2.97810    
1.10477    
2.45882    
2.04008    
2.95083    
0.92789    
3.06580    
0.12323    
0.79924    
2.94040    
1.01811    
-1.38775    
0.98087    
2.02288    
1.52085    
2.00385    
-0.02949    
2.55446    
0.17190    
1.61819    
0.87319    
1.07482    
-0.38165    
1.55263    
1.85245    
3.84191    
3.99230    
0.43784    
1.13115    
1.41295    
2.02852    
0.91260    
3.41981    
1.05564    
1.06665    
3.84705    
2.42846    
3.40685    
-0.47820    
0.56555    
1.01270    
3.38574    
3.00703    
1.58372    
0.04303    
0.98745    
1.52213    
1.50863    
1.53606    
1.02253    
1.37292    
2.50835    
2.01381    
-0.38030    
3.44045    
3.46579    
0.04385    
3.04342    
1.97236    
2.93182    
4.81156    
1.88643    
1.56698    
1.42147    
1.06667    
2.44415    
1.42091    
2.43455    
0.99799    
3.13396    
1.07212    
2.03291    
3.92255    
0.05974    
2.05548    
0.95480    
0.66560    
4.07112    
4.86170    
3.98141    
3.88044    
1.00454    
1.02375    
1.47761    
0.05437    
0.55628    
2.52462    
0.49377    
2.39371    
3.08273    
2.91241    
1.15796    
0.10463    
1.90526    
0.03075    
1.01320    
-1.01268    
3.85659    
0.94577    
1.54735    
4.94138    
-0.90012    
0.16398    
1.50519    
1.48205    
0.07862    
2.05590    
1.47420    
1.56330    
2.92618    
2.90152    
4.01850    
1.49873    
2.43315    
1.49080    
3.01632    
1.06912    
0.56296    
1.06254    
0.58084    
3.03097    
2.37791    
2.02797    
4.35826    
3.86804    
1.12013    
3.94416    
0.51805    
3.49940    
2.00478    
2.91738    
1.00667    
3.43367    
2.92248    
1.00514    
1.15352    
2.48245    
0.90275    
2.01930    
