2.25069    
1.99823    
0.80768    
2.74516    
1.52339    
1.54081    
2.71718    
2.50076    
1.77463    
2.73418    
2.94585    
2.01311    
2.02179    
2.48948    
2.48446    
1.79461    
1.27249    
2.72202    
2.00025    
2.71485    
2.21373    
2.47929    
2.72208    
3.43406    
1.32640    
2.48348    
2.23354    
1.99058    
1.74847    
3.41731    
2.23908    
2.21707    
2.47566    
1.99229    
1.74000    
1.76118    
2.24368    
2.69149    
2.75055    
2.24296    
1.78812    
2.24178    
2.46970    
1.77028    
1.75330    
2.00930    
1.32257    
1.01322    
2.02552    
1.75043    
2.24576    
1.06253    
2.04269    
1.73013    
1.78812    
1.78603    
2.67602    
1.75422    
2.47490    
1.53904    
2.25929    
2.25438    
2.47815    
1.77918    
1.76709    
1.78097    
2.21773    
1.51070    
1.75654    
2.26213    
1.80727    
1.50932    
1.75802    
2.21103    
1.30388    
1.74678    
2.47789    
1.79604    
1.06736    
1.99702    
2.71188    
1.74300    
2.24064    
2.23326    
2.25892    
2.02223    
2.22643    
2.24825    
2.69082    
2.53967    
2.47313    
1.99367    
1.75292    
0.83143    
2.22809    
1.50426    
3.42338    
2.00037    
1.49990    
2.23657    
1.27109    
1.03749    
2.23649    
1.30345    
2.23450    
1.28905    
1.97570    
2.03644    
1.51760    
2.71034    
1.76916    
1.30345    
1.05725    
2.25214    
1.98682    
1.29169    
1.77564    
1.79866    
1.99571    
2.04032    
3.65558    
2.70723    
1.99770    
1.99655    
1.51132    
2.49034    
1.99988    
2.24726    
2.46334    
2.95142    
2.22626    
1.75706    
2.02296    
1.05265    
2.00451    
1.79755    
1.29248    
1.76801    
2.48952    
1.05724    
3.21962    
1.99615    
2.04011    
1.98139    
1.32068    
3.22632    
2.21492    
1.76949    
1.27444    
2.22597    
2.04914    
1.28875    
2.49589    
1.52620    
2.46244    
1.76953    
2.27047    
1.97215    
2.25239    
1.97806    
2.47375    
2.92684    
1.75218    
2.45756    
0.33391    
1.51788    
1.96356    
1.77816    
1.99913    
2.73257    
2.51156    
1.76090    
2.75337    
2.28767    
2.70820    
2.99119    
1.99861    
1.55018    
2.48645    
2.24900    
1.31374    
1.26320    
1.54682    
2.51539    
2.25564    
1.99151    
2.71956    
0.79075    
2.03176    
2.71121    
1.29697    
2.28812    
2.22045    
3.20731    
1.76131    
3.20545    
0.80555    
3.44443    
2.97353    
2.00948    
1.98491    
2.01936    
2.23470    
2.22246    
2.25980    
1.53378    
1.55402    
2.00877    
1.77169    
1.79069    
0.56244    
2.51230    
1.79128    
2.45888    
2.00925    
1.53517    
2.03051    
2.02196    
2.50059    
2.25754    
1.74633    
2.01087    
2.48816    
2.03576    
2.27261    
1.27443    
1.75746    
1.98693    
2.46622    
2.23669    
3.19824    
2.46653    
1.51802    
1.76561    
1.28426    
2.95778    
1.49672    
1.75239    
1.51001    
1.99967    
2.23451    
1.52028    
2.46448    
1.77264    
1.74803    
1.74264    
1.74999    
1.77561    
2.47573    
2.71033    
1.27907    
2.00376    
2.72263    
1.70823    
0.77556    
2.71770    
1.53329    
1.99156    
2.04979    
2.52680    
1.78875    
2.97367    
2.01271    
1.50690    
2.50812    
2.71164    
1.53311    
2.23769    
2.70726    
2.23731    
1.52272    
1.78204    
1.78071    
1.99121    
2.71172    
2.22219    
2.04438    
2.96763    
1.29275    
2.94616    
1.77058    
1.55993    
2.02145    
1.51915    
2.72427    
2.00248    
1.51848    
1.75524    
2.21366    
1.78360    
1.98754    
2.03622    
1.76864    
2.23693    
2.00320    
2.46711    
2.96081    
2.23553    
2.26168    
2.24021    
1.54277    
1.76130    
2.00408    
1.79829    
2.45785    
2.25212    
1.04473    
0.78144    
1.50948    
2.25559    
2.73702    
1.49914    
2.70292    
2.72246    
2.24022    
1.76193    
2.00651    
2.21649    
2.04330    
1.29005    
1.99943    
2.96648    
2.23086    
1.77364    
1.74764    
2.23801    
1.75633    
1.99757    
1.51763    
2.49406    
2.92381    
2.22798    
1.30821    
3.13425    
2.21896    
3.01123    
1.74707    
1.51754    
1.54216    
1.06168    
2.23149    
2.47178    
1.77012    
0.81468    
2.01710    
1.55462    
2.00319    
1.73845    
1.49134    
2.25782    
2.48439    
2.23477    
1.77570    
0.60956    
3.39922    
3.20039    
2.47199    
1.24924    
1.52783    
1.78962    
2.00020    
2.01501    
2.26126    
1.74121    
2.46781    
1.75960    
2.02125    
2.26445    
2.26977    
1.77017    
1.78401    
1.56482    
2.21577    
1.75326    
1.28801    
2.03551    
1.51948    
1.75121    
1.33256    
1.01890    
1.55634    
2.47734    
1.52461    
2.46347    
1.98341    
2.23322    
3.40925    
1.75593    
2.97892    
1.52353    
2.47637    
2.22618    
1.53983    
1.51161    
2.00464    
2.23312    
2.22840    
1.29610    
2.68552    
1.96648    
1.27837    
2.01884    
1.77402    
2.93678    
2.97250    
1.53526    
1.73704    
1.49368    
2.26295    
1.98719    
1.54174    
2.91991    
1.74655    
2.47130    
1.54602    
2.26243    
1.31582    
1.53392    
2.24188    
2.69472    
2.03003    
2.01379    
2.21136    
1.99178    
2.23690    
2.70485    
1.32936    
2.72640    
2.22775    
2.49258    
2.00613    
2.70553    
2.01327    
2.47461    
2.52448    
2.25722    
1.98426    
2.47399    
2.24890    
1.53254    
2.00430    
2.47970    
1.51402    
2.71715    
2.25151    
2.24981    
1.35130    
3.24317    
2.23694    
2.00007    
1.29052    
1.02412    
1.98204    
2.02905    
3.00327    
2.00527    
3.18565    
1.97903    
2.01884    
2.00520    
2.72107    
2.00398    
1.55974    
1.76806    
2.48949    
2.02568    
3.20981    
2.68180    
1.73569    
2.24851    
1.49961    
1.54889    
1.05796    
1.48354    
1.72548    
1.49308    
2.01460    
1.54399    
2.49599    
2.48456    
1.29109    
2.25042    
1.99787    
2.49363    
2.25481    
2.44964    
1.07592    
0.82434    
2.46638    
1.24726    
2.00900    
2.24043    
2.46966    
2.45479    
2.72843    
1.32308    
2.24971    
2.24233    
0.81568    
2.73345    
2.20488    
1.74750    
2.49344    
1.74368    
2.19879    
1.04087    
1.77848    
2.97901    
2.49108    
2.24786    
1.53918    
1.74481    
2.23893    
1.78072    
2.73608    
1.77793    
1.77126    
2.03508    
2.44527    
1.53854    
1.06642    
0.81184    
2.93852    
2.96416    
1.77158    
3.19358    
2.47356    
2.94646    
2.48193    
2.22224    
1.55397    
1.53060    
1.04357    
2.49380    
2.94904    
1.49456    
1.50330    
1.50832    
1.52196    
1.98380    
1.77369    
1.53185    
2.00609    
1.04877    
2.47711    
1.56102    
2.48439    
2.49057    
2.20717    
2.49854    
1.97805    
1.99841    
1.32142    
1.76051    
1.54807    
1.76817    
1.51662    
2.03086    
2.01830    
1.03807    
2.50530    
1.08250    
2.49034    
0.81780    
1.77668    
1.29421    
2.26822    
1.76051    
2.69709    
2.73120    
1.75268    
1.80197    
2.00129    
2.45366    
0.79998    
3.18818    
2.26071    
2.00044    
2.46981    
1.97212    
2.24037    
2.01553    
1.00365    
2.27663    
2.00691    
2.26692    
0.31465    
1.59366    
1.78249    
1.97238    
1.04331    
1.48980    
1.98226    
1.27620    
2.72814    
3.45158    
2.45588    
1.51117    
1.97949    
2.72622    
1.50500    
2.46746    
1.78571    
1.77947    
2.76108    
1.52498    
2.02952    
1.27553    
1.52324    
2.95734    
1.99380    
2.23192    
1.29098    
1.99115    
1.77180    
1.96807    
2.27418    
2.01023    
1.99271    
2.26586    
0.58685    
2.93702    
2.69658    
1.78676    
0.76465    
1.51664    
1.55031    
2.49749    
1.51778    
1.99451    
0.99114    
1.99269    
1.98768    
2.23200    
2.68257    
2.49347    
2.43123    
2.03139    
2.00289    
2.73772    
2.23441    
1.76099    
2.45086    
2.94717    
1.54760    
2.19925    
1.99597    
1.27761    
1.99226    
1.76786    
2.03861    
1.76770    
1.51881    
2.00547    
1.74299    
2.49021    
1.98445    
2.01401    
2.27621    
2.50273    
1.72430    
2.99817    
1.99164    
1.51877    
2.48591    
1.53329    
0.78626    
2.22898    
2.70434    
2.02863    
1.51905    
1.29611    
2.03720    
1.77112    
1.75128    
2.49014    
2.45795    
2.50077    
2.04422    
2.43416    
2.45695    
2.23808    
2.21363    
2.99578    
2.24131    
1.76897    
2.03656    
2.23739    
2.46482    
1.71748    
2.01362    
3.21947    
2.44566    
2.71264    
1.32108    
1.30166    
2.23598    
2.26027    
1.03987    
2.00566    
1.99368    
2.24167    
2.25278    
0.78660    
2.04484    
1.34130    
2.00737    
1.51765    
1.78306    
2.24890    
1.79172    
3.45535    
1.79377    
2.70552    
2.24405    
1.77056    
2.46933    
1.75618    
2.48036    
2.45913    
2.47245    
1.31748    
3.20207    
2.47934    
1.99573    
1.50259    
1.75948    
1.50065    
1.50192    
1.51477    
1.52679    
2.68212    
2.48078    
1.73579    
2.48425    
1.03140    
3.19989    
2.74493    
0.79319    
1.51250    
1.29589    
1.28920    
2.47197    
1.77047    
2.27493    
2.22922    
3.17529    
1.71726    
2.46499    
1.73043    
1.96079    
2.01109    
1.75717    
2.00367    
1.06213    
3.01086    
1.98679    
1.27663    
2.26720    
1.72524    
2.00094    
2.51404    
1.77028    
1.76006    
2.02993    
1.99690    
2.47075    
1.76203    
2.20478    
1.99165    
2.22412    
1.29632    
1.47798    
1.99246    
2.06934    
0.79877    
2.00163    
2.20895    
0.85821    
1.30108    
2.73085    
1.05750    
2.22661    
2.71461    
2.23182    
2.02095    
2.52221    
2.48063    
1.99522    
1.98867    
1.79624    
3.22534    
1.98225    
2.73759    
1.26455    
2.23735    
1.78282    
1.49929    
1.27381    
1.07336    
1.98391    
2.28407    
2.24325    
1.99342    
3.20114    
2.72243    
2.21124    
2.21351    
2.23300    
1.73372    
2.50223    
1.76956    
2.45731    
1.51649    
1.04351    
2.21480    
1.77751    
1.74691    
1.51408    
1.76390    
2.25167    
1.79557    
1.77795    
1.78861    
2.71497    
2.23202    
2.01886    
1.52371    
2.02055    
1.82013    
1.51450    
2.75041    
2.23869    
1.76506    
0.79167    
1.53228    
2.46903    
2.22001    
2.50996    
3.44692    
2.47397    
2.24896    
2.01383    
2.03721    
1.74496    
2.45446    
2.72803    
1.96257    
1.53468    
1.07179    
2.49938    
2.72762    
2.96401    
2.23464    
3.22949    
2.27626    
2.47474    
1.75641    
2.26283    
1.54214    
1.76932    
2.22267    
2.02963    
1.74863    
1.27180    
2.25407    
1.82027    
2.23668    
1.72861    
1.29305    
2.48708    
1.77680    
1.50477    
2.24537    
1.95668    
1.33125    
1.50590    
2.48043    
1.28061    
2.24954    
2.21737    
2.26665    
2.45941    
2.00146    
1.99438    
1.75694    
1.25363    
1.01674    
2.00075    
2.70152    
1.78802    
2.70321    
2.00103    
1.51371    
1.49160    
2.03449    
2.94867    
2.47866    
2.73361    
1.30357    
1.53623    
1.04784    
2.02540    
2.00180    
2.20460    
2.23793    
3.22248    
1.02668    
3.20354    
1.04986    
2.48663    
1.81207    
1.02345    
2.21476    
2.47535    
1.49636    
1.50654    
1.77307    
2.75530    
1.77006    
2.01016    
2.43313    
3.65633    
1.49737    
2.47193    
1.53116    
1.29289    
1.49700    
2.25683    
2.49726    
1.96089    
2.22914    
3.63816    
1.97147    
1.99696    
1.79312    
2.03083    
2.48394    
2.68250    
2.47403    
1.24138    
2.02496    
2.23703    
2.97002    
2.97268    
2.23316    
3.19580    
2.72509    
1.72889    
2.69534    
2.93009    
2.22263    
2.23659    
1.50808    
2.46553    
1.97457    
3.23764    
1.76901    
1.98317    
2.01397    
1.98543    
2.01225    
1.98840    
2.23000    
2.04354    
1.73913    
2.48207    
1.48276    
2.98143    
2.01371    
0.79133    
1.52418    
1.31687    
2.23894    
2.72579    
2.46829    
2.21227    
2.23709    
2.21800    
2.02653    
2.02172    
1.53632    
1.27543    
1.79270    
2.48657    
1.29889    
1.74301    
1.30795    
1.99247    
2.27147    
1.99819    
2.04001    
2.23264    
2.97992    
1.03118    
1.76945    
3.20171    
2.22764    
1.77922    
2.23985    
1.75845    
0.57596    
0.80364    
2.01134    
1.76570    
2.49702    
1.25574    
1.79855    
1.72920    
2.68378    
1.76113    
2.49052    
2.25246    
1.79709    
1.27017    
1.52037    
1.74666    
2.21103    
1.27535    
3.20946    
2.00051    
2.22753    
1.75137    
2.44990    
1.81543    
2.97407    
2.00191    
1.30102    
1.75816    
2.70461    
2.22712    
2.72747    
2.22844    
1.28703    
1.77955    
2.46486    
2.03245    
2.23621    
1.78003    
1.97920    
2.23945    
2.25049    
1.99825    
1.77154    
2.00878    
1.78356    
2.47224    
1.55050    
2.26361    
1.99051    
2.26172    
1.78096    
2.47966    
2.67463    
2.48206    
1.98857    
3.19976    
1.28652    
1.98255    
2.45712    
1.52184    
1.77226    
2.72334    
1.99016    
1.98871    
1.75169    
2.25240    
1.25297    
2.48732    
1.52379    
2.23389    
2.70774    
1.53739    
2.45406    
2.45696    
1.78354    
2.00433    
1.07047    
1.52650    
2.98179    
2.25658    
3.44711    
1.77891    
1.51804    
2.96415    
2.27075    
1.99112    
1.55576    
1.79514    
1.99379    
1.49593    
1.79041    
1.56230    
2.77674    
1.52866    
2.95336    
2.22132    
1.29902    
1.77429    
2.27400    
2.73426    
2.22188    
2.95879    
1.77744    
2.97635    
1.01101    
1.27797    
1.57657    
3.21598    
1.77812    
2.21994    
1.51692    
2.03588    
2.45845    
1.99135    
1.29947    
1.03183    
2.25847    
1.06074    
2.24726    
2.22847    
2.96466    
1.55364    
1.50419    
1.75306    
1.99304    
1.80131    
2.45920    
2.50755    
1.06827    
2.72658    
2.48815    
2.97450    
1.99856    
2.26152    
1.52713    
2.45566    
2.96734    
2.49501    
2.97257    
2.00386    
1.28988    
2.48824    
1.77117    
1.30598    
2.00590    
1.78856    
1.78894    
2.91860    
1.76845    
2.72625    
1.77206    
1.77611    
1.26009    
1.71256    
2.22191    
1.04573    
2.73981    
1.99370    
2.02546    
2.22687    
1.99752    
1.26927    
2.46068    
2.22988    
1.74156    
2.01451    
2.20253    
2.74387    
3.00690    
1.30319    
1.54804    
1.74474    
2.51143    
2.23395    
2.01488    
1.75655    
1.79448    
1.78111    
2.48669    
1.76267    
2.21596    
2.27290    
2.02011    
1.76923    
2.28154    
1.76159    
2.20766    
2.28654    
1.29738    
2.96180    
1.78291    
1.53097    
1.30138    
2.00853    
2.27950    
1.77767    
1.53725    
2.49618    
1.28574    
1.73061    
2.04254    
2.24147    
1.06495    
2.25702    
2.22124    
2.72740    
3.20264    
2.74253    
1.55899    
2.00319    
2.03042    
2.02464    
1.53158    
1.75199    
2.21515    
3.18322    
2.44387    
1.52706    
1.97257    
1.79022    
1.28134    
2.76147    
1.78606    
1.29687    
2.22684    
2.25408    
2.20692    
2.25390    
2.02386    
2.23425    
1.79800    
2.29276    
2.25674    
1.54360    
1.52806    
2.45509    
2.67610    
2.50168    
2.71508    
1.77373    
2.24457    
2.99725    
1.98558    
1.04725    
2.01713    
2.94889    
1.76448    
1.50794    
1.54717    
1.78915    
1.99581    
2.20306    
1.33784    
1.99884    
1.54570    
1.78375    
1.28951    
2.46846    
1.76400    
1.99147    
1.05038    
2.00019    
2.50914    
2.03712    
2.27821    
2.49010    
1.53472    
2.26098    
2.50567    
2.21940    
2.03503    
2.03553    
1.72838    
2.94952    
2.22528    
1.31051    
2.72042    
1.52530    
2.45443    
1.26725    
2.21536    
3.66968    
1.29613    
1.97790    
1.31369    
2.22050    
1.03348    
2.47216    
1.03081    
1.06730    
1.76002    
2.23840    
1.78526    
1.54759    
1.51445    
2.52338    
2.96634    
1.34537    
2.00901    
1.76046    
2.24932    
1.28446    
2.25907    
2.72200    
1.52275    
1.32206    
1.05941    
2.49121    
2.73200    
2.18868    
1.99292    
1.99116    
2.00033    
1.96458    
1.56071    
2.23530    
2.71531    
1.53662    
2.02911    
1.96409    
1.27555    
1.02427    
2.45537    
1.98033    
1.75858    
2.75014    
1.73305    
1.51404    
2.47336    
1.74990    
2.01781    
2.71122    
3.45645    
3.18325    
2.47985    
1.99410    
1.80093    
1.97336    
0.80995    
1.27201    
1.24584    
1.29727    
1.77598    
2.18060    
1.78006    
1.98340    
1.31982    
2.23221    
1.82581    
2.03411    
2.48856    
1.98717    
2.73551    
1.73149    
3.19579    
2.76697    
1.48511    
2.25578    
2.50957    
2.23474    
1.96907    
2.49600    
0.56365    
2.24881    
3.20956    
1.76406    
1.48931    
2.24104    
2.93449    
1.03878    
2.48926    
0.78786    
1.05523    
2.49861    
2.24476    
1.03123    
2.03225    
1.54577    
1.28084    
2.72580    
2.02026    
2.00982    
2.28151    
1.98896    
1.98559    
1.52314    
2.00468    
2.46813    
2.24139    
2.49159    
1.75211    
2.24961    
2.31207    
1.06066    
2.24433    
2.22930    
2.02540    
2.46863    
2.25282    
1.53889    
1.72623    
1.76246    
2.02226    
1.98259    
2.25513    
2.95339    
2.25038    
1.48918    
2.46968    
2.02850    
1.77325    
2.04566    
2.96367    
1.99746    
2.26093    
2.22169    
1.26903    
1.51843    
1.78010    
1.78675    
2.49624    
2.04658    
1.52264    
1.99667    
1.77551    
2.45850    
1.75693    
3.21022    
1.74600    
2.23939    
3.21124    
2.23950    
2.72102    
1.99200    
1.53837    
2.71498    
2.23789    
1.53449    
1.98493    
1.49683    
2.70156    
1.74796    
1.98358    
2.47215    
1.75270    
1.76622    
1.75507    
1.75812    
2.46539    
2.70453    
1.56199    
1.31403    
1.80195    
2.03311    
2.70924    
2.23975    
2.26127    
2.00079    
2.72864    
1.51737    
1.29352    
1.98590    
1.29079    
2.22961    
2.23769    
2.72698    
2.00019    
1.31383    
2.02069    
2.74054    
1.49984    
1.29837    
1.78251    
2.22873    
2.49221    
2.94900    
2.45940    
1.28591    
1.80171    
2.97595    
2.02869    
1.53483    
1.26890    
1.73422    
1.99797    
1.52944    
1.74692    
1.77930    
2.03481    
1.73102    
1.52173    
2.70503    
0.83589    
3.18649    
2.45825    
1.76166    
2.27329    
2.72036    
2.21237    
2.71487    
2.47683    
2.47808    
1.53047    
1.28671    
1.27210    
2.96545    
2.20987    
2.01561    
1.77651    
1.09032    
1.77808    
2.98131    
2.04002    
1.05172    
2.45959    
2.48164    
2.71229    
2.25722    
0.79634    
1.03799    
2.23587    
1.77519    
1.52187    
1.76221    
3.19298    
2.76253    
2.48805    
1.76922    
1.52166    
1.26855    
2.23923    
2.50896    
2.23784    
1.52261    
2.50705    
1.75268    
2.95371    
1.53237    
2.01961    
1.55832    
2.01360    
2.23194    
2.53993    
1.99247    
2.22533    
2.26002    
1.99355    
2.21143    
1.54487    
2.74993    
2.22849    
1.51953    
2.22484    
1.53711    
2.02022    
2.23694    
2.50773    
2.25537    
2.22872    
1.74584    
1.98988    
1.77231    
2.73755    
2.50784    
1.06786    
2.24535    
3.15607    
2.52931    
1.74923    
2.20743    
1.79559    
1.54059    
1.98894    
2.48807    
2.25666    
1.76086    
2.49276    
3.20115    
2.24738    
1.79146    
1.98940    
2.50488    
1.06074    
2.02371    
1.04329    
2.44527    
1.31089    
1.75484    
2.74306    
1.52055    
2.25518    
2.25103    
1.75637    
2.71067    
2.69681    
2.49548    
2.01081    
2.95824    
1.99866    
2.48603    
2.23658    
1.76225    
1.97907    
2.23463    
1.51515    
1.96950    
2.50413    
1.74669    
2.04976    
1.77644    
2.00187    
1.56992    
1.29901    
1.73720    
2.29061    
2.26752    
2.26115    
1.77521    
1.80242    
2.27735    
1.76084    
0.33298    
1.52195    
0.53560    
1.49682    
1.29998    
2.26941    
1.02602    
1.76570    
2.22632    
1.52900    
2.47956    
1.56631    
2.00983    
1.54910    
1.77086    
1.77492    
2.96381    
2.70628    
3.20961    
2.01700    
2.48967    
2.24214    
2.99696    
1.54323    
2.25343    
1.75693    
2.23017    
2.23554    
1.80292    
1.78019    
2.25507    
2.01368    
2.49556    
2.20518    
2.74133    
2.23070    
0.59102    
2.51040    
2.22702    
2.24919    
1.75587    
2.68313    
2.44174    
2.46175    
1.76530    
1.30333    
1.75095    
2.23400    
2.71983    
1.30529    
2.46888    
2.00766    
3.22300    
2.23270    
2.00305    
2.18888    
2.03114    
1.98276    
2.75251    
2.04154    
2.47847    
2.23738    
1.77328    
1.08012    
2.00908    
1.03749    
1.79331    
1.54149    
2.75512    
2.50692    
1.55029    
2.00207    
1.98144    
1.78217    
2.70878    
1.74878    
2.24933    
1.52326    
2.04345    
1.75640    
1.54828    
2.71613    
1.98758    
1.04209    
1.26031    
2.03308    
2.23708    
2.50022    
2.25882    
1.52411    
1.75790    
2.00218    
2.70724    
1.98908    
2.01229    
1.54050    
2.25900    
2.75302    
1.49048    
3.00954    
2.47608    
2.26773    
1.99625    
1.74924    
1.54554    
2.03627    
2.30014    
1.79068    
1.75448    
2.22403    
1.74869    
2.42771    
2.23728    
1.06558    
0.55186    
1.78757    
2.25572    
2.97761    
1.52216    
1.98254    
2.24136    
2.25597    
2.21897    
1.99524    
2.51259    
2.46890    
1.97680    
1.04937    
1.99084    
1.80156    
2.96724    
1.49812    
1.76384    
2.24400    
2.24921    
1.56129    
3.17363    
3.67568    
1.27448    
1.75934    
2.71647    
2.75331    
3.18990    
3.68399    
2.02075    
2.51830    
1.96090    
1.77553    
2.46815    
2.72012    
1.95922    
2.47904    
1.51806    
2.26890    
2.22210    
2.02300    
2.26117    
1.99541    
1.77702    
1.77548    
2.22421    
2.22833    
2.48757    
2.24446    
2.98104    
1.50267    
1.04404    
2.27310    
2.25692    
2.44264    
2.46513    
1.74817    
2.02139    
2.46509    
2.25490    
1.28321    
2.25677    
2.49284    
2.96025    
1.93104    
3.44070    
2.21714    
2.25349    
2.25986    
2.45441    
1.53556    
1.30196    
2.97157    
3.19859    
2.02689    
1.25396    
1.97107    
2.23570    
2.22709    
2.49608    
1.98351    
1.99995    
1.99530    
2.22395    
2.95041    
1.52803    
0.57950    
1.57589    
1.76111    
2.72960    
1.03894    
2.72935    
2.48243    
2.44588    
2.47823    
0.81624    
1.78764    
2.45913    
3.43211    
2.24686    
1.55719    
2.02244    
1.27871    
2.26490    
2.49757    
2.49042    
1.54530    
2.22961    
2.02904    
1.57589    
1.99796    
1.98273    
3.21779    
2.47571    
2.94589    
1.76342    
2.51840    
2.47843    
2.00237    
2.26706    
1.77050    
2.48883    
2.02562    
2.25039    
2.94281    
2.48285    
1.78382    
2.00753    
1.99931    
1.29243    
1.26794    
2.44879    
3.19560    
2.23153    
2.00074    
2.02323    
1.98215    
1.52557    
2.22128    
2.48408    
2.25299    
3.43469    
1.77995    
2.24393    
1.27743    
1.28972    
1.53223    
2.52340    
2.21989    
1.99020    
1.76152    
2.47871    
1.50817    
2.47072    
2.02072    
1.52302    
2.00187    
1.54080    
2.23994    
0.56377    
2.02656    
1.76115    
1.74317    
1.98533    
1.54393    
2.49179    
2.72279    
2.72649    
2.23507    
1.75367    
1.07012    
2.00596    
1.50829    
2.23330    
0.84309    
2.99206    
1.29862    
1.29100    
1.54953    
1.99715    
1.51984    
1.98127    
2.97061    
1.99602    
1.24961    
1.72644    
2.73040    
2.28409    
2.26032    
2.72896    
2.20444    
1.55813    
2.03115    
2.24233    
1.53222    
1.98517    
2.48567    
1.50714    
1.76576    
1.54780    
1.28491    
2.23779    
1.74888    
1.01378    
1.75993    
2.01464    
2.24722    
1.28105    
2.00252    
2.01103    
2.00412    
1.55146    
1.99220    
3.20648    
2.22409    
3.69279    
1.49402    
2.22789    
2.44919    
1.98944    
2.76079    
1.76811    
1.73877    
1.75048    
2.49613    
2.02351    
2.71568    
1.77902    
1.99126    
2.03903    
2.22314    
1.97560    
1.76676    
2.68044    
2.97168    
1.98787    
1.03043    
1.96974    
2.21049    
2.24145    
1.30363    
1.76281    
1.07088    
3.19063    
2.46435    
2.50586    
2.01047    
1.76722    
1.52475    
2.97936    
1.75810    
2.22391    
2.49246    
2.03000    
1.04200    
1.76159    
2.00533    
1.76312    
1.51606    
3.25074    
1.29988    
3.21762    
2.03693    
2.49810    
2.02266    
1.75108    
2.01552    
2.73945    
1.53115    
2.02713    
1.76292    
1.99592    
2.22969    
2.00454    
1.78228    
1.75680    
2.03848    
2.02816    
1.75370    
2.21954    
1.74563    
2.48606    
2.45251    
1.52567    
1.05206    
1.28882    
2.23201    
1.54157    
2.47332    
2.70098    
2.24305    
3.18987    
2.06695    
0.81773    
3.16536    
1.74543    
2.23363    
2.29344    
2.24688    
1.28367    
2.72423    
1.74127    
1.08135    
1.98895    
1.97887    
2.49614    
3.22426    
1.72107    
1.99944    
2.24287    
1.54086    
1.54219    
1.98627    
2.50069    
1.74203    
2.24452    
2.24307    
3.67325    
2.46633    
1.54979    
2.22099    
2.24400    
1.74397    
2.25624    
1.01150    
2.73259    
2.00040    
2.93146    
2.96563    
2.71716    
2.02448    
0.80708    
2.24460    
2.26051    
2.47736    
2.93785    
2.29809    
1.79998    
2.70753    
2.03068    
2.00629    
1.56239    
1.95518    
2.49593    
2.05273    
1.77619    
2.02632    
1.97416    
1.76755    
2.98487    
2.00188    
1.31737    
2.00808    
2.23722    
1.98933    
1.99399    
2.22197    
2.25175    
2.24772    
2.45764    
2.46961    
2.73597    
1.54886    
2.50950    
3.18228    
1.81378    
3.21294    
2.01464    
1.99494    
2.19774    
1.76113    
1.76307    
2.46803    
2.46076    
1.06012    
2.49877    
1.31869    
2.49028    
1.55290    
2.02036    
2.73835    
2.44384    
2.73052    
1.50913    
0.56645    
2.23055    
2.25244    
2.70533    
2.25165    
1.52053    
0.81093    
1.75385    
2.68888    
3.15601    
1.51832    
2.02730    
2.03971    
1.76195    
1.08163    
2.22248    
1.81037    
2.74229    
1.96879    
2.51849    
2.23251    
2.73248    
1.25392    
2.71969    
2.46654    
2.25534    
0.78010    
1.51284    
1.30186    
2.02650    
1.97581    
2.01372    
2.46036    
1.77150    
2.73727    
2.46154    
2.46069    
1.55843    
1.98264    
1.53571    
1.78276    
2.25959    
1.75866    
2.24453    
1.03312    
1.25991    
2.50822    
2.45990    
2.00325    
2.26040    
2.01545    
2.96139    
2.44382    
2.96190    
1.30567    
2.98909    
1.49717    
1.99405    
2.51060    
2.24641    
1.97921    
2.70590    
1.25824    
3.19317    
0.81817    
2.73112    
2.49701    
2.04241    
2.70916    
2.48302    
0.59268    
2.25241    
1.26769    
2.50075    
2.21732    
2.22753    
2.96774    
1.79081    
1.27737    
1.78599    
2.24950    
3.38273    
2.50211    
1.52005    
1.30447    
2.03160    
2.25108    
1.80963    
1.30331    
2.02083    
2.00764    
1.54417    
2.25757    
1.55367    
2.27776    
1.03103    
2.01708    
2.47222    
2.48312    
2.69003    
1.49442    
2.01949    
2.73276    
2.00899    
1.78420    
1.98449    
1.04751    
2.01502    
2.95509    
1.96272    
1.52096    
1.56145    
1.29252    
3.70670    
1.98153    
2.05643    
2.72098    
2.25494    
1.75985    
2.46067    
1.75220    
2.23923    
1.29711    
2.20129    
1.27716    
1.74315    
2.73030    
1.30593    
1.04428    
1.30378    
2.47836    
2.03426    
2.97062    
2.48122    
1.53712    
1.54693    
1.48933    
2.00207    
2.70420    
2.02331    
1.78832    
2.98493    
2.72562    
1.26683    
2.22968    
2.25462    
1.30831    
2.25769    
1.76440    
2.47829    
2.03065    
1.26695    
2.25407    
1.49632    
2.26265    
2.97193    
2.97999    
2.20927    
2.47930    
2.94091    
1.30416    
1.78440    
1.74445    
1.53721    
2.21783    
1.50281    
1.98741    
1.53503    
0.31319    
2.03559    
1.01493    
1.99618    
1.49939    
1.05695    
2.21811    
1.27086    
2.94813    
2.01933    
2.03205    
2.52259    
2.48269    
2.70805    
2.00826    
2.70475    
2.01480    
2.49187    
2.96279    
1.96891    
1.75536    
2.73089    
2.98971    
2.01562    
1.25979    
1.27019    
2.74075    
2.24532    
1.78925    
2.47634    
1.77004    
2.96822    
1.07125    
2.48070    
1.52968    
2.03774    
2.25858    
1.96635    
1.29336    
1.05008    
0.81036    
1.50671    
0.80636    
1.52748    
2.27051    
2.04117    
2.91169    
1.53107    
2.00050    
2.47197    
1.52361    
2.73689    
1.76759    
1.76208    
1.54472    
1.56017    
1.31331    
1.06672    
3.19885    
0.79463    
2.00759    
2.97570    
2.70167    
1.03820    
1.52957    
2.00651    
2.00373    
2.98017    
1.78781    
2.02349    
1.59564    
1.29958    
1.52438    
1.26759    
1.30301    
2.23412    
2.01385    
1.51992    
2.01928    
2.48457    
2.75189    
1.30852    
2.23519    
2.69479    
2.01396    
1.98073    
1.77862    
1.76740    
3.44212    
2.48144    
2.24113    
1.99488    
1.49754    
2.99289    
1.27122    
1.76064    
2.01852    
1.51503    
2.47855    
1.30306    
1.77136    
2.98021    
2.03078    
2.25236    
1.97740    
2.00264    
2.26119    
3.42536    
1.04367    
1.76803    
2.50775    
1.49123    
1.79265    
2.04078    
1.34113    
2.45968    
1.30743    
2.73913    
1.30281    
2.93555    
3.91703    
2.00791    
1.32194    
2.73839    
1.26810    
2.48554    
1.99611    
1.53905    
2.24797    
1.99984    
2.28397    
2.24744    
0.80265    
2.72886    
1.77019    
0.80060    
2.51270    
1.98684    
1.29502    
2.24398    
1.98902    
1.53968    
1.55361    
1.48351    
2.05104    
1.28809    
2.03126    
1.05723    
1.98808    
2.23843    
0.80067    
1.26435    
2.48820    
1.51081    
1.77799    
2.73031    
1.06832    
1.74870    
1.51919    
2.72460    
2.01221    
2.25014    
2.48543    
2.69212    
2.71756    
2.26994    
2.23204    
2.50239    
2.72538    
1.75231    
2.23895    
2.04369    
2.68128    
1.97781    
3.18487    
2.01469    
2.49930    
1.75972    
2.02385    
1.75408    
1.99833    
2.00087    
2.75318    
2.96365    
2.24073    
2.00405    
2.02057    
2.21200    
2.45327    
1.99400    
1.54455    
2.48771    
2.02041    
2.26230    
1.31774    
2.46351    
2.93649    
1.77760    
1.73636    
2.25975    
2.47291    
2.22897    
2.49818    
2.48578    
2.00453    
1.26250    
2.29058    
1.02997    
3.21041    
2.49742    
2.25897    
2.47504    
1.75785    
2.97619    
1.98961    
2.50327    
2.45701    
2.00106    
1.75789    
1.53693    
1.50745    
2.94832    
1.78539    
2.28708    
1.77881    
2.01707    
1.55785    
1.76574    
3.21841    
2.02323    
2.22875    
1.76525    
2.94924    
1.99356    
2.47549    
1.26925    
1.32022    
1.97690    
3.23331    
2.46023    
1.57424    
2.26546    
1.55926    
1.52182    
0.79933    
2.69601    
2.50615    
2.95580    
2.02291    
1.52730    
0.82841    
2.04066    
2.25178    
2.27253    
2.01423    
2.72271    
1.76181    
2.27454    
2.01338    
2.97730    
1.76635    
2.24189    
1.27015    
2.73981    
2.00756    
1.52784    
1.56417    
2.49309    
1.78458    
2.97104    
2.00483    
2.00291    
1.76101    
2.26051    
2.71194    
1.77331    
1.55473    
2.20692    
1.77026    
2.04244    
2.22389    
2.48926    
1.97766    
2.05063    
1.57813    
1.52557    
2.02605    
2.22549    
1.50634    
1.51095    
2.48515    
1.75759    
2.22998    
1.53284    
2.49541    
1.51852    
2.70612    
1.98911    
2.01242    
2.00584    
2.26280    
1.98311    
2.24887    
2.49137    
3.20277    
2.02855    
2.24414    
2.24367    
1.29270    
1.54610    
2.75061    
2.24138    
1.50973    
1.98749    
1.77016    
2.73247    
2.72888    
1.74349    
1.52226    
2.26129    
2.70906    
1.78540    
2.27621    
2.72502    
1.75887    
1.54489    
2.93862    
2.00735    
1.99139    
2.26274    
2.69765    
2.02947    
3.22740    
1.77593    
2.22584    
2.73231    
2.71905    
2.51061    
2.97310    
2.96319    
1.51397    
2.51552    
1.26301    
2.71921    
2.94732    
1.49761    
1.97916    
2.23818    
2.73620    
2.24350    
1.76961    
2.45868    
1.32181    
2.24887    
1.78090    
1.77354    
3.45368    
2.27452    
1.05095    
1.97964    
1.75651    
1.76984    
2.00145    
1.04980    
2.71387    
2.47851    
1.51491    
1.05282    
2.02485    
2.97868    
1.04245    
1.99521    
2.48224    
2.25505    
2.49765    
1.78062    
2.21689    
1.77450    
1.77780    
1.78784    
3.22333    
1.56659    
1.29254    
1.05238    
2.73352    
0.84474    
2.26839    
1.51460    
2.97691    
1.77595    
1.79114    
2.03740    
1.77495    
2.72682    
1.76130    
1.51009    
2.00370    
2.00391    
1.27889    
1.06007    
2.47075    
2.51120    
1.98448    
3.18551    
2.04267    
2.76185    
1.53383    
2.25426    
2.76832    
2.23984    
2.48110    
1.48807    
1.06251    
2.69994    
1.76064    
2.45881    
2.22580    
2.23762    
2.02385    
2.49444    
1.31862    
2.02284    
2.01548    
2.21608    
0.81580    
1.53848    
2.21796    
2.43011    
2.72669    
1.73780    
2.24069    
1.53504    
2.01078    
2.25503    
2.49352    
2.94375    
2.47194    
1.28850    
2.49542    
2.04777    
2.02769    
1.99191    
2.99114    
2.50778    
1.04526    
2.73408    
1.79261    
2.22181    
2.25622    
1.05766    
2.02879    
1.97673    
1.28158    
2.69449    
1.05238    
2.01682    
2.44531    
2.70934    
1.53258    
1.76670    
1.29178    
1.97336    
2.43882    
1.96795    
2.48638    
3.21562    
0.80754    
2.72663    
2.93132    
2.22383    
1.53289    
1.51082    
2.22224    
2.70111    
2.50675    
1.02562    
0.79800    
1.76640    
1.76508    
2.47789    
2.24717    
1.99689    
1.99322    
2.45898    
3.22372    
1.29784    
2.71984    
1.31623    
2.01616    
1.51357    
2.20712    
1.99940    
2.22556    
1.77008    
2.02200    
1.49438    
3.93027    
2.48197    
2.24841    
1.55664    
2.24682    
1.75089    
2.01310    
2.24302    
1.78256    
1.98139    
2.49840    
2.48550    
2.23702    
2.25552    
2.49848    
1.05013    
1.50842    
1.51963    
3.02928    
2.74069    
1.75937    
3.23476    
1.99096    
2.22474    
2.02418    
2.70675    
2.46243    
2.25815    
2.23701    
2.46698    
2.23902    
1.48786    
2.03346    
2.45802    
2.47808    
2.24471    
2.45925    
2.48153    
1.27688    
2.49945    
2.54364    
2.26113    
2.46720    
2.02695    
2.01448    
1.99801    
2.27619    
2.01437    
1.99858    
1.47379    
1.54508    
1.74446    
1.76199    
1.05172    
2.02188    
2.72196    
1.51577    
2.24651    
2.72058    
2.74159    
2.72488    
1.31875    
2.23260    
1.76194    
2.28825    
2.04179    
1.77461    
1.59007    
2.48832    
2.75746    
2.74431    
2.67531    
1.27173    
1.78494    
1.53505    
2.52900    
2.49442    
2.26029    
3.03914    
2.70314    
2.45721    
2.70567    
2.23764    
1.99601    
1.76851    
2.51086    
1.74761    
1.76513    
2.97545    
1.27878    
1.06804    
1.54603    
1.74258    
1.50108    
2.45591    
0.56718    
2.77435    
2.22013    
1.98511    
1.98696    
2.24598    
1.48995    
2.01091    
2.01854    
2.45902    
2.25812    
1.99063    
2.44774    
2.49231    
1.26041    
2.24587    
2.24055    
2.23301    
1.71499    
2.23298    
2.02853    
2.46607    
2.04503    
2.49220    
1.50927    
2.02087    
1.52519    
4.16672    
2.50864    
1.54714    
3.23853    
0.81599    
1.72991    
2.25846    
1.52632    
2.74602    
1.80231    
1.50084    
2.01003    
3.44490    
2.50980    
2.73963    
1.74524    
1.97921    
1.79574    
2.22680    
2.01049    
1.78256    
1.49771    
2.46206    
1.34737    
2.50244    
2.25765    
2.69766    
2.25488    
2.94391    
2.24602    
2.49807    
1.99822    
2.93720    
1.28991    
1.04712    
2.19452    
2.26787    
1.55797    
2.73086    
1.29005    
1.53726    
2.51890    
2.25637    
1.75496    
1.99887    
2.22041    
2.01451    
2.75906    
1.78306    
2.49089    
1.74571    
1.76832    
2.28167    
2.73973    
2.70287    
2.48856    
1.06183    
1.78608    
1.27395    
2.00598    
1.51430    
2.48788    
1.50358    
1.99831    
2.03706    
1.72286    
1.26183    
1.71943    
1.96895    
2.27907    
0.79135    
2.23670    
2.72538    
1.99503    
1.52544    
1.29305    
2.73761    
2.73518    
2.48506    
2.03367    
1.05911    
2.23835    
2.94800    
2.24183    
2.01501    
1.50550    
2.24281    
1.74760    
1.76470    
2.71832    
1.77264    
2.49108    
1.76910    
2.25848    
1.28323    
2.73154    
2.69684    
2.21515    
1.79116    
1.27330    
1.52533    
1.46507    
1.75971    
2.48033    
2.51416    
3.18726    
2.25593    
2.48417    
1.51111    
2.25455    
2.48787    
1.97665    
2.71353    
1.53121    
2.25809    
1.29236    
1.54075    
0.58528    
2.25159    
2.45639    
1.75831    
2.21573    
1.77695    
2.97702    
2.69910    
2.44368    
1.76451    
2.23238    
1.74976    
2.69048    
1.99572    
2.01467    
1.99920    
2.22537    
2.25338    
2.02005    
2.51031    
2.01354    
1.74977    
2.97614    
2.01912    
1.96547    
1.72782    
1.53871    
1.54629    
2.72355    
2.72668    
2.51789    
1.78254    
2.22875    
2.91494    
2.47864    
2.49001    
2.43085    
1.77362    
1.97265    
1.74430    
1.26826    
1.74533    
2.02668    
2.02969    
2.02109    
2.26152    
1.30040    
1.75453    
2.26283    
1.29134    
2.00466    
2.95984    
1.76555    
0.81757    
2.96207    
1.01374    
2.04716    
2.67823    
2.00896    
2.25585    
1.98979    
1.32763    
1.27357    
1.54076    
2.73621    
1.78979    
2.21358    
1.74767    
2.00537    
2.23192    
2.46011    
2.26577    
2.72230    
2.03180    
2.49272    
1.77684    
1.71494    
1.55502    
2.22861    
1.76038    
2.22349    
2.28030    
1.73039    
1.03536    
2.03486    
2.94984    
1.53939    
1.06216    
2.48796    
1.57665    
1.75799    
2.24132    
2.72011    
2.72321    
1.99922    
2.00098    
1.55215    
2.01844    
1.78019    
2.24180    
2.73206    
1.75384    
2.22412    
1.06050    
2.73172    
2.50247    
1.28346    
1.99212    
1.55631    
2.71630    
1.99223    
2.49336    
2.46011    
2.43733    
1.54810    
1.74450    
2.23273    
1.50459    
1.77236    
1.33038    
1.47509    
3.20654    
2.23336    
1.76199    
0.61160    
3.17760    
2.23476    
2.95197    
1.99342    
2.71836    
1.54084    
0.81300    
1.52967    
2.97872    
2.23503    
2.25103    
2.22217    
2.49394    
2.02261    
1.73577    
2.68785    
1.76138    
1.98739    
1.76618    
2.49480    
2.72501    
1.78922    
2.02300    
2.50611    
1.79423    
2.52934    
2.47976    
2.73432    
2.01468    
3.19629    
1.75537    
2.70945    
2.69366    
2.04138    
1.50466    
2.46659    
3.43879    
1.76510    
2.01388    
2.03248    
1.98289    
1.26755    
1.54598    
1.55236    
2.71441    
2.99724    
1.97762    
2.29010    
1.76814    
1.71720    
2.00432    
1.29945    
1.77246    
2.48086    
3.23853    
1.75923    
1.99747    
2.68279    
2.70397    
1.73848    
2.50603    
2.47364    
1.50941    
2.21219    
2.70965    
1.98070    
1.74466    
0.80089    
1.32848    
1.52598    
2.00696    
1.98922    
1.76844    
1.98981    
1.02389    
1.81307    
1.32766    
1.97749    
2.73247    
2.22994    
1.76881    
2.24151    
1.53868    
1.80770    
2.47682    
2.71857    
1.75924    
2.98864    
0.82578    
1.78579    
2.52618    
1.79469    
2.50216    
1.80194    
0.81866    
2.26865    
2.26810    
2.23322    
1.52793    
2.22444    
1.54479    
2.46507    
2.00090    
2.01913    
1.08617    
2.02597    
1.75310    
2.25735    
2.47998    
1.98520    
1.75279    
2.24839    
1.48089    
2.73251    
2.47353    
2.94272    
1.99242    
2.01511    
1.52794    
2.24831    
2.26285    
1.49290    
1.53476    
2.01424    
1.28636    
2.23300    
3.45345    
1.52175    
2.72658    
1.08441    
2.73595    
1.51969    
1.55136    
1.06538    
2.45576    
2.46014    
2.26468    
1.28896    
1.51602    
1.74106    
1.76522    
1.96899    
1.28287    
2.02585    
2.26879    
1.99426    
2.53723    
1.07539    
2.71735    
0.77238    
2.72367    
2.48719    
1.76839    
1.51849    
2.04539    
1.99998    
2.23513    
2.04640    
1.31520    
1.77411    
2.22478    
2.01472    
1.77544    
2.24928    
3.20385    
2.03276    
0.77616    
2.51157    
2.97195    
1.28195    
2.23574    
2.30313    
1.77768    
1.51085    
1.52560    
2.97832    
3.20397    
1.99340    
2.47534    
2.95161    
1.74594    
2.71029    
0.81654    
1.27683    
2.01683    
3.22161    
1.75484    
2.23079    
2.97111    
1.75034    
1.74720    
1.75863    
1.73178    
2.70714    
2.23962    
1.05957    
1.31397    
2.49705    
2.72115    
2.26468    
2.48117    
2.00084    
2.47084    
1.52731    
2.00666    
1.74543    
2.26027    
1.76297    
2.50675    
1.29169    
2.04988    
2.21776    
2.48806    
2.24226    
2.70096    
2.02507    
2.00580    
1.28787    
2.70291    
2.19541    
2.51293    
2.49474    
2.72093    
1.55728    
1.96379    
3.00157    
1.80123    
2.00481    
2.71857    
1.04076    
2.02842    
1.78277    
2.48919    
2.02464    
2.23410    
2.70531    
1.03678    
1.76291    
2.29669    
1.09574    
2.69958    
2.48886    
2.25399    
0.32201    
1.97968    
2.76894    
2.73268    
2.96243    
1.50855    
2.47475    
2.72592    
2.00461    
1.53185    
1.98407    
2.73547    
2.26207    
1.74646    
2.22469    
1.50250    
2.45967    
1.96310    
2.22300    
2.28142    
2.47618    
2.46414    
2.00384    
2.00745    
2.44692    
2.23997    
1.05333    
1.53829    
2.22720    
1.29524    
1.99644    
1.54369    
0.84028    
2.48216    
2.96798    
1.99735    
2.24244    
1.52667    
1.51551    
2.20715    
1.74939    
0.57757    
1.54751    
1.27760    
1.05565    
1.23440    
2.96340    
2.23453    
2.45474    
1.76178    
1.28875    
2.25349    
2.98253    
1.03241    
1.53511    
2.25279    
3.23175    
1.76975    
1.98550    
1.05041    
2.51485    
2.26459    
1.78459    
2.47948    
1.04613    
1.75102    
1.52807    
2.72999    
2.26675    
2.23890    
1.77075    
1.71905    
2.02426    
2.95426    
1.72763    
0.59158    
2.72878    
2.00233    
1.46838    
3.44321    
3.22323    
2.22943    
0.28328    
1.79882    
2.22477    
2.00156    
1.28141    
3.00060    
2.00898    
1.51336    
1.78859    
1.53196    
1.76001    
1.74026    
1.74532    
2.22712    
1.99975    
2.00625    
1.28668    
1.53227    
1.98496    
2.72941    
1.51409    
2.73038    
2.46062    
2.04594    
2.95325    
1.80574    
1.76231    
1.28800    
1.74894    
1.75592    
1.75201    
1.76301    
1.97264    
2.51589    
2.25080    
2.24859    
2.52409    
2.45314    
2.26100    
1.55772    
1.52652    
2.27311    
2.22585    
2.94141    
2.24090    
1.58082    
2.25101    
1.29345    
2.72813    
1.97396    
2.49561    
2.44100    
2.74317    
2.25628    
2.74350    
2.75345    
2.43926    
2.23487    
2.04235    
2.45629    
1.51094    
3.17056    
2.47194    
1.79023    
1.52897    
2.00202    
2.21174    
2.48588    
2.98396    
2.74617    
1.77533    
2.02824    
0.57391    
2.25368    
2.47541    
1.98914    
1.52232    
1.99926    
2.01497    
2.48824    
2.00315    
1.74524    
2.26569    
2.48656    
1.75809    
1.78385    
1.77327    
1.31001    
1.53571    
2.00612    
1.74339    
1.77199    
2.29152    
1.81217    
2.93721    
1.78563    
2.00423    
1.98980    
1.28976    
2.01430    
1.27734    
2.24810    
1.54539    
1.52274    
2.28770    
1.76506    
1.77461    
3.23149    
2.97421    
1.97819    
2.47922    
2.93329    
1.53534    
1.51900    
1.28468    
2.23469    
1.77702    
2.49303    
1.77167    
1.28173    
2.74064    
1.54432    
2.22873    
2.46549    
1.05954    
1.79153    
2.03549    
0.10529    
1.50576    
1.79649    
2.44039    
1.52075    
1.75276    
3.44265    
1.76091    
1.53628    
2.47885    
1.54458    
1.50631    
2.24543    
2.21734    
2.26153    
1.31515    
2.23460    
2.96940    
1.53967    
2.71016    
2.00082    
1.26460    
2.45636    
2.23167    
2.71014    
2.25803    
1.80257    
1.28126    
1.30530    
2.96461    
1.80087    
1.20879    
1.75650    
2.46008    
1.76950    
2.48150    
1.02242    
2.02641    
2.49648    
2.23518    
0.80884    
2.02831    
1.99540    
1.80833    
1.76452    
1.31251    
2.23686    
1.51759    
2.03388    
1.78408    
2.73859    
2.46671    
1.27355    
2.23993    
1.54012    
1.98628    
2.46756    
1.31112    
1.53879    
2.25634    
2.26656    
1.79062    
1.97986    
0.81598    
2.02293    
2.24944    
2.23719    
1.77938    
1.27111    
3.22310    
2.50108    
3.21242    
2.01984    
1.98150    
1.49944    
1.76126    
2.23595    
2.21498    
1.77572    
1.75051    
2.49780    
1.53938    
1.73420    
2.48864    
2.25343    
1.54154    
2.69047    
1.99441    
1.51532    
2.48212    
2.03488    
1.55955    
1.99245    
1.30934    
1.53433    
3.91675    
1.26504    
1.78722    
2.74507    
1.52839    
1.28631    
2.23175    
1.04352    
3.16659    
1.99122    
2.48074    
2.72826    
1.75365    
2.49283    
1.05408    
0.81906    
2.47767    
2.95655    
2.02920    
1.54706    
2.48095    
2.73097    
1.26370    
0.82601    
1.73724    
2.00906    
1.49872    
2.48948    
2.03012    
2.48877    
2.48653    
0.78039    
1.77162    
1.99976    
2.74079    
1.51153    
3.20409    
1.55632    
2.24063    
1.73237    
1.53794    
2.48371    
2.28676    
2.23615    
2.01194    
1.97866    
2.25351    
2.00162    
1.02911    
2.95802    
2.49455    
1.77993    
2.70643    
2.74908    
1.74292    
2.24620    
1.53016    
3.18746    
1.52100    
2.25249    
2.75236    
2.02262    
1.99081    
2.48886    
1.52274    
1.48721    
1.02988    
2.02727    
2.70961    
2.27401    
2.06109    
2.96317    
1.55301    
0.77912    
2.72701    
1.72812    
1.53321    
1.98945    
2.73417    
1.72131    
1.97106    
2.23323    
1.99522    
2.02340    
2.25363    
2.26847    
1.73983    
1.99671    
1.75562    
2.24938    
1.55223    
2.23500    
2.93963    
2.28145    
1.77730    
2.44167    
1.52816    
2.24741    
1.04795    
1.75754    
1.78359    
1.52179    
2.02117    
2.99976    
2.48403    
2.04772    
1.76998    
2.24687    
1.52706    
2.47899    
2.01931    
2.24341    
1.78157    
2.24479    
2.48538    
1.78194    
1.95654    
2.00412    
2.69531    
2.48102    
1.53138    
1.49990    
1.30587    
2.25437    
2.50161    
2.03457    
2.95874    
1.76637    
1.74127    
2.48189    
1.74675    
2.27195    
1.52362    
1.76317    
1.57285    
2.97673    
1.99919    
2.49522    
2.20258    
2.48067    
2.25309    
2.96492    
1.70006    
2.00963    
1.78635    
2.52314    
2.01804    
1.50154    
1.04371    
2.26696    
2.49736    
2.23659    
2.49926    
2.23285    
2.95592    
1.97083    
1.33708    
1.99907    
2.74058    
1.79736    
1.32395    
1.49298    
1.51984    
2.69615    
2.51480    
2.23676    
2.00098    
3.20517    
1.00756    
2.03392    
1.98841    
2.48784    
1.51529    
2.22367    
1.79287    
2.23103    
2.94987    
2.23627    
2.02839    
2.49328    
2.73345    
2.22802    
1.50790    
2.24294    
1.78223    
2.95755    
2.02655    
2.94533    
2.73661    
2.24009    
2.26599    
2.46080    
2.24042    
2.47534    
2.52111    
2.00836    
2.46733    
2.04174    
1.72891    
1.50225    
1.52586    
1.99563    
3.23984    
2.98933    
2.48126    
2.22741    
1.34002    
2.47345    
1.52593    
1.51222    
1.48877    
1.80346    
2.51608    
2.23036    
2.20836    
2.72880    
1.99248    
2.43948    
2.26796    
2.48531    
0.82162    
1.53730    
0.59446    
1.27941    
2.00954    
1.54300    
2.24528    
2.23697    
2.26119    
2.24291    
1.76733    
2.95083    
2.47213    
1.99258    
1.52305    
2.25882    
2.02388    
0.79810    
1.52136    
2.46836    
1.76630    
1.55043    
2.93965    
1.97187    
2.26973    
1.76905    
1.79308    
1.75963    
1.06378    
1.77257    
1.77732    
3.66238    
2.24498    
2.46821    
1.77438    
1.53941    
1.49178    
1.53336    
1.73083    
1.49358    
1.98350    
2.48971    
1.76762    
2.70485    
2.73743    
2.25226    
3.41278    
2.70214    
2.23769    
1.78779    
2.46315    
1.49524    
1.76155    
2.49821    
1.06077    
1.99986    
2.70757    
2.22981    
2.02078    
2.68328    
2.01580    
2.23007    
1.51798    
2.71361    
2.69996    
2.48946    
0.80630    
1.55809    
2.01164    
2.44092    
1.54864    
1.76054    
1.76955    
1.05524    
1.53097    
2.48178    
1.52027    
2.71869    
3.23881    
2.01780    
1.97543    
2.71328    
2.49949    
2.72181    
1.96902    
1.26077    
2.96653    
2.93911    
2.24088    
2.71766    
1.75920    
2.46490    
1.76134    
2.70967    
1.50443    
1.03728    
2.23291    
2.25225    
1.80160    
2.26490    
2.71600    
2.23992    
2.21582    
2.73005    
1.51914    
2.49441    
1.76245    
2.91679    
1.31598    
2.28084    
2.01323    
2.75138    
2.23705    
2.01361    
1.30281    
1.53561    
1.75845    
2.48222    
1.75437    
3.17701    
2.21680    
2.47941    
2.48237    
1.52364    
2.26999    
2.50943    
2.74207    
1.77427    
1.73598    
2.46902    
2.22289    
1.51906    
2.04837    
2.23922    
1.97866    
2.72447    
1.54156    
2.74916    
2.47093    
2.23807    
0.55078    
2.70874    
2.46553    
2.22149    
1.51439    
1.98038    
2.73615    
0.33328    
1.54094    
1.77126    
2.00610    
2.01522    
1.48978    
1.01443    
2.26199    
2.93898    
2.52685    
1.75457    
2.23718    
1.03589    
2.02554    
1.05592    
1.77407    
2.23071    
2.70295    
2.95235    
2.49614    
2.49168    
2.24691    
1.49376    
2.01353    
2.50349    
2.25949    
2.00775    
1.77767    
1.31172    
1.99813    
1.50917    
2.26566    
2.48623    
1.07251    
1.76921    
2.21701    
3.44798    
1.49567    
2.96921    
2.23378    
1.06711    
2.23564    
2.45821    
1.34111    
0.78351    
1.97853    
2.48795    
1.77220    
1.77785    
1.74601    
2.49465    
1.77272    
2.48866    
1.77805    
1.74339    
1.51394    
2.48343    
2.01184    
1.29277    
1.51666    
1.75882    
1.78920    
2.24333    
2.23379    
1.02830    
2.49464    
1.53963    
1.79471    
2.25480    
2.24108    
1.98977    
1.30745    
1.75032    
1.53137    
2.45087    
2.49133    
1.54082    
1.76817    
2.48799    
1.50827    
2.99269    
2.03906    
2.01868    
2.01116    
2.46453    
1.53000    
1.73348    
2.46351    
2.47720    
2.00532    
0.82772    
2.23363    
1.27917    
2.75407    
1.55354    
1.50344    
1.54631    
1.30723    
2.01506    
2.48879    
2.51771    
1.74155    
1.97041    
2.24415    
2.97880    
2.48055    
3.68235    
2.25076    
2.71639    
1.75823    
2.27130    
2.97010    
3.42360    
2.01872    
2.71684    
2.22497    
2.01266    
1.51962    
2.71581    
1.54459    
1.75925    
1.53330    
2.73641    
2.97277    
2.93600    
1.52684    
2.23321    
2.72658    
2.01151    
1.03422    
1.73906    
1.54231    
1.54176    
2.47144    
2.74310    
1.74401    
1.99635    
2.48465    
1.75581    
2.00438    
3.24135    
2.48923    
1.52479    
2.00748    
1.75149    
2.23972    
1.73709    
3.42757    
2.93428    
2.01895    
1.05449    
1.78080    
1.53073    
1.98098    
2.45897    
2.99760    
1.76934    
2.68353    
2.97012    
2.24140    
1.50597    
1.48992    
2.74951    
3.91567    
2.01616    
3.47801    
2.73650    
2.48728    
2.22003    
2.00207    
3.22796    
2.24306    
1.28666    
2.72279    
2.00463    
1.98469    
2.96612    
1.27974    
0.81520    
1.97175    
2.49980    
2.48484    
1.01605    
1.51989    
2.24486    
2.26006    
2.04614    
1.05085    
2.70186    
2.24910    
1.50830    
2.22351    
1.30948    
1.01289    
1.79337    
1.06560    
1.53864    
2.24166    
2.25689    
2.69222    
1.04981    
2.25143    
1.77580    
1.98965    
1.27777    
2.95527    
2.25632    
1.99954    
2.71491    
1.07874    
1.53694    
1.55187    
2.47869    
2.23982    
1.98470    
1.01490    
2.47923    
2.47525    
2.47503    
2.49040    
1.76132    
2.47853    
1.05545    
1.77405    
1.56024    
3.21482    
2.02453    
2.47397    
2.75037    
1.76748    
2.21541    
2.00144    
2.28896    
1.04679    
2.70586    
2.98819    
2.26710    
1.98721    
1.03441    
1.27428    
2.48572    
1.74413    
1.52353    
1.52515    
1.78912    
1.52765    
2.25027    
1.49887    
1.80574    
2.72967    
2.22085    
0.59594    
2.24869    
2.04705    
2.02025    
1.97516    
1.98563    
2.51951    
2.26568    
0.80670    
1.53160    
1.30603    
1.01769    
2.00536    
2.71896    
2.44054    
0.79573    
3.25904    
1.77121    
1.98886    
1.99931    
1.48895    
1.29445    
1.26300    
2.47754    
2.72826    
1.78842    
2.24601    
2.46686    
2.72579    
2.26440    
2.01039    
2.48428    
1.77338    
1.75667    
2.46728    
2.26140    
1.53079    
1.98846    
1.75620    
1.76248    
2.44559    
3.18694    
2.24647    
2.28277    
2.49942    
1.54013    
2.28316    
2.24708    
1.77288    
2.76363    
1.28006    
2.73158    
2.28723    
2.49367    
2.49359    
2.23757    
3.21033    
2.20108    
2.22827    
1.05668    
2.47748    
2.95431    
1.53400    
1.53153    
2.49056    
2.94976    
2.74225    
2.00617    
1.04828    
3.01015    
2.01491    
2.22750    
2.00327    
1.98842    
2.73507    
2.26083    
1.30373    
1.76307    
2.49282    
2.51407    
2.95354    
1.27913    
1.28534    
2.25988    
1.52716    
1.78057    
1.97431    
2.70986    
1.82479    
2.04540    
1.99616    
2.49814    
1.52023    
1.03818    
2.00232    
3.20484    
0.84886    
2.69454    
1.51676    
1.73682    
1.51808    
1.81270    
1.99196    
1.52971    
2.92295    
2.24756    
1.52765    
2.22997    
1.49606    
1.95799    
2.00531    
2.72761    
2.24107    
1.51859    
2.23346    
2.24835    
1.55048    
1.75379    
1.76456    
1.77623    
1.07109    
1.07832    
1.77903    
1.55651    
2.49067    
1.77166    
1.75520    
2.01499    
1.74000    
1.79281    
1.49580    
2.49116    
2.93591    
2.73091    
2.47354    
1.78738    
2.74143    
3.17421    
2.49455    
2.01056    
1.52110    
2.46041    
2.96105    
1.55050    
1.08054    
1.51179    
1.55855    
1.28131    
2.00496    
1.97961    
2.72746    
1.99367    
2.48629    
2.72281    
1.28982    
2.51583    
1.76081    
2.25936    
1.03758    
2.03538    
1.74556    
2.21675    
2.28328    
2.22966    
1.97793    
1.75886    
2.70260    
1.74265    
1.52924    
1.75356    
1.51327    
3.18534    
2.26244    
2.24145    
1.74987    
1.25815    
1.98536    
2.47677    
2.94655    
1.77998    
2.48216    
2.44116    
1.54121    
2.03869    
2.01884    
2.43711    
1.06765    
2.00685    
1.75340    
2.72013    
2.23079    
2.00226    
1.75933    
1.74607    
2.48300    
2.70554    
2.44110    
2.26159    
1.52175    
2.96622    
0.99053    
1.99680    
2.01619    
2.27408    
0.09941    
2.24364    
3.18974    
1.30318    
1.29281    
2.04929    
1.51039    
1.52734    
2.25768    
1.51016    
2.49987    
2.76313    
1.75854    
1.74885    
1.54237    
2.50396    
1.98927    
1.75719    
1.98257    
1.28929    
1.52339    
1.99448    
1.55245    
1.49976    
1.76369    
2.27764    
1.76403    
1.96640    
2.26260    
1.04931    
2.44738    
2.70930    
2.01977    
1.04399    
2.24002    
2.02296    
2.44171    
2.97503    
2.49066    
3.21156    
1.97254    
2.48309    
1.98613    
2.00011    
2.01839    
1.54742    
2.28000    
2.95535    
2.50875    
1.54233    
2.00720    
2.47987    
2.04315    
1.49435    
2.97574    
1.25206    
1.55127    
1.54083    
3.18136    
2.50220    
2.24179    
2.73164    
2.27209    
2.01288    
1.07374    
2.23808    
2.01849    
2.68756    
1.77254    
1.53846    
1.58610    
2.23456    
2.01833    
2.02655    
2.22236    
1.49561    
1.98652    
1.99502    
2.71504    
1.09512    
2.69926    
1.76062    
1.03631    
1.76817    
2.01066    
1.05896    
2.74071    
2.68980    
2.46723    
1.27798    
1.97803    
2.23081    
1.02797    
2.00889    
1.96855    
1.99208    
2.02192    
2.72346    
2.93590    
1.76698    
2.94307    
2.03998    
2.74773    
2.47834    
1.50177    
1.52374    
2.03125    
1.74011    
1.28826    
1.01064    
1.74400    
1.97556    
2.24216    
2.03080    
1.55763    
2.48430    
2.00327    
2.02821    
1.51055    
2.30965    
1.53730    
1.74013    
1.79795    
2.00697    
2.72589    
2.74682    
1.77034    
1.53703    
2.96739    
1.99971    
3.17581    
2.23305    
2.22772    
2.50441    
1.74714    
1.98816    
1.26717    
1.31372    
2.49615    
1.03668    
1.99929    
2.46472    
1.74726    
2.73039    
2.01342    
2.48515    
2.48211    
2.96405    
1.05896    
1.28682    
2.04448    
1.28351    
1.82069    
1.54268    
3.22864    
2.94361    
3.20825    
1.24840    
2.48401    
1.53943    
1.28916    
2.01434    
3.43106    
1.53691    
2.20267    
2.01634    
2.23717    
3.46979    
2.48253    
1.05638    
2.25284    
2.22251    
2.23857    
1.75855    
2.23292    
1.77414    
1.32235    
2.48718    
2.48275    
1.96014    
2.71277    
2.96687    
1.09060    
2.21939    
1.78569    
0.57993    
1.76675    
1.51348    
2.02440    
1.98466    
1.27914    
1.99021    
2.29170    
1.52603    
2.26895    
1.24289    
2.00405    
2.25055    
1.75462    
2.27473    
2.96105    
2.48687    
3.45562    
1.97654    
2.22584    
1.50375    
2.47257    
2.46254    
1.77267    
2.96090    
1.52170    
1.73678    
2.72555    
2.19221    
1.76183    
3.00215    
1.79923    
2.95899    
1.76858    
1.74658    
2.00770    
2.27787    
2.97073    
2.44094    
2.49934    
3.45646    
2.00456    
1.52927    
1.30297    
1.76134    
2.71053    
1.76073    
2.73283    
1.74182    
1.77419    
3.41011    
2.00554    
2.44630    
0.83847    
2.70482    
2.00706    
2.75644    
2.25242    
1.77048    
2.21873    
2.71071    
1.78378    
1.78878    
1.79277    
1.96695    
2.97402    
1.80710    
2.71332    
2.02652    
2.48512    
2.46791    
2.22893    
2.51063    
2.49069    
2.49047    
2.22348    
1.77422    
2.25027    
3.95111    
1.27405    
2.24669    
2.48497    
1.29841    
1.73463    
2.00170    
3.17945    
2.22299    
2.00897    
4.14595    
2.27625    
1.52451    
2.49385    
1.99674    
1.54284    
2.77431    
1.51037    
2.97518    
2.48164    
1.53235    
1.05996    
3.20599    
1.78335    
1.80133    
2.23682    
2.27208    
2.49982    
2.74589    
1.98614    
2.23173    
2.46548    
2.45579    
2.48502    
2.22919    
2.46055    
2.95336    
1.07712    
2.48801    
3.67135    
2.01429    
1.04437    
2.48162    
1.02257    
2.97501    
2.03095    
2.73590    
1.03792    
2.00110    
1.07559    
1.78924    
0.79660    
1.51701    
1.57397    
1.74545    
2.00193    
1.06123    
2.03217    
2.24268    
2.71336    
2.46154    
2.23841    
1.54222    
1.50121    
1.97832    
2.47149    
2.22913    
1.33185    
2.47091    
2.70682    
2.48620    
2.72929    
2.01076    
2.27157    
1.78259    
1.30325    
1.51475    
1.52057    
1.54570    
2.51513    
2.48833    
1.74086    
1.03619    
1.30361    
1.98400    
2.70464    
1.78473    
1.80588    
2.24607    
1.98692    
1.50741    
2.22248    
1.98810    
2.03284    
1.76957    
3.19034    
2.47075    
1.03768    
1.55742    
2.01554    
1.76706    
1.51759    
2.24132    
2.50022    
1.03039    
1.99700    
2.94744    
2.48752    
1.74706    
1.78531    
2.99116    
1.52344    
2.18990    
2.26661    
2.97914    
2.48973    
2.02964    
1.25332    
2.23248    
2.99280    
1.77994    
2.01190    
1.53841    
1.75257    
2.46402    
2.46070    
1.25002    
1.99538    
1.07569    
1.54736    
2.25550    
1.98327    
2.51116    
2.47578    
3.41911    
2.01721    
1.54494    
1.50306    
2.46702    
2.50063    
1.76894    
2.23226    
1.31447    
1.29512    
1.75580    
2.00387    
1.33437    
2.28373    
1.54585    
0.78742    
1.52920    
2.01168    
3.43736    
1.51997    
1.55221    
2.03038    
1.77175    
1.02997    
1.77552    
2.23903    
2.48310    
3.93052    
1.99379    
2.94896    
1.53794    
2.03278    
2.48281    
2.73155    
2.96896    
1.50840    
2.01851    
2.26906    
2.49459    
1.51100    
2.42631    
2.47259    
2.71408    
2.49507    
1.73461    
1.54237    
1.28545    
2.21441    
2.72240    
2.46326    
2.28839    
1.75423    
2.25807    
2.70398    
2.70268    
2.02657    
2.50169    
3.00499    
1.75935    
2.69124    
2.25243    
1.99103    
3.21970    
2.49447    
1.49580    
2.20912    
2.90926    
2.01397    
1.52007    
3.18584    
1.74327    
1.98893    
2.48979    
1.99296    
1.78169    
2.23062    
1.28832    
2.48520    
1.99021    
2.24308    
2.98831    
1.76090    
2.48663    
2.00604    
2.04613    
