5.72290    
4.75564    
4.80209    
4.03249    
5.95606    
4.74641    
5.45689    
5.52687    
5.21953    
4.76612    
5.72246    
4.55103    
5.22407    
4.97708    
5.48579    
5.21613    
4.51917    
5.47501    
5.03071    
4.76983    
5.72220    
4.57552    
4.99475    
4.98632    
4.75928    
5.02201    
4.54678    
5.22584    
5.95167    
5.74744    
5.73878    
4.76802    
5.21709    
5.49875    
4.53147    
5.23507    
4.75995    
4.74050    
5.26258    
4.98774    
5.22054    
4.99679    
5.94749    
4.95876    
4.76034    
5.27594    
4.47700    
4.25644    
5.27102    
5.00948    
5.00814    
4.73946    
5.71124    
4.06513    
5.04169    
5.20569    
4.76701    
4.74462    
5.46616    
5.20698    
5.19606    
4.93751    
4.30543    
4.51954    
5.25174    
4.49620    
5.71958    
4.76193    
4.03261    
4.99684    
3.53121    
5.21184    
4.52227    
4.95912    
5.47011    
4.76329    
4.24198    
5.01275    
5.19559    
4.76034    
5.46554    
4.72649    
4.29705    
5.00618    
5.20456    
4.98849    
4.49060    
4.27472    
5.46528    
5.28437    
4.26274    
5.96348    
4.52796    
4.26377    
4.05466    
5.26474    
6.66560    
5.50476    
6.16417    
4.74103    
6.20363    
4.06952    
5.01528    
5.72351    
5.02560    
4.51984    
6.17266    
4.75026    
5.97535    
5.76337    
4.75265    
5.20235    
4.29291    
5.26896    
4.07379    
5.02573    
5.48775    
5.21320    
4.73815    
4.98373    
4.99450    
5.72710    
4.55711    
5.24047    
4.99690    
5.51910    
5.51265    
4.79574    
4.99665    
5.47976    
5.93095    
5.24835    
5.23635    
4.77905    
5.24300    
4.05418    
4.98501    
5.26227    
4.30088    
4.27989    
4.77162    
4.50164    
5.93414    
4.76349    
4.80016    
4.04453    
4.99815    
5.53122    
5.45947    
4.78853    
4.75715    
5.24506    
5.01016    
4.73051    
5.28022    
4.78802    
4.74394    
5.21312    
5.02769    
5.45099    
4.28611    
4.01506    
5.45792    
5.44179    
5.48369    
5.73447    
5.94986    
4.74943    
4.98048    
5.26006    
5.70922    
5.01307    
4.78968    
4.28359    
5.95330    
5.22666    
5.23271    
4.99350    
5.25392    
5.47700    
5.50304    
4.97542    
5.45327    
5.94508    
5.71698    
4.54356    
4.02958    
5.02996    
4.98671    
5.23670    
3.58455    
5.94785    
4.27824    
5.23155    
5.00112    
3.79509    
4.29657    
5.21611    
5.25514    
4.77600    
4.99355    
5.71554    
4.81160    
5.71316    
5.48444    
5.23019    
5.25635    
4.98915    
4.53744    
5.95573    
5.00333    
5.96145    
5.73688    
5.22757    
4.77787    
4.72449    
4.76932    
5.48327    
5.74004    
5.20151    
5.50903    
4.05229    
5.23002    
4.29649    
4.96059    
5.25988    
5.71770    
5.21050    
4.98394    
5.25077    
4.74402    
5.01782    
4.79778    
5.47563    
7.17777    
5.47528    
6.43773    
5.02059    
5.47404    
4.53888    
5.25704    
4.53430    
4.06031    
5.71272    
5.21093    
4.03597    
5.51427    
4.49189    
5.00575    
5.25379    
4.96095    
4.77014    
4.72998    
4.99842    
6.21817    
4.04588    
5.00382    
5.21309    
5.46419    
5.01189    
4.05390    
5.23429    
4.97570    
4.70383    
4.50906    
5.46702    
4.50662    
5.72556    
4.57526    
5.68756    
5.25841    
5.01196    
5.71434    
5.45711    
5.26494    
5.23395    
5.03271    
5.72514    
5.50025    
4.55285    
5.19083    
5.01355    
4.99557    
5.52798    
4.06706    
4.51973    
6.18748    
5.46261    
4.77200    
4.97614    
5.47795    
4.75765    
6.66515    
6.95564    
4.78818    
5.21929    
4.76341    
5.00818    
5.68964    
5.46435    
4.05113    
6.22288    
5.24663    
5.48950    
5.46213    
5.02544    
5.00660    
5.23286    
5.24376    
5.97441    
3.57367    
4.03939    
5.24208    
5.50149    
4.54439    
5.27460    
5.19024    
5.02295    
4.97322    
5.00978    
5.03065    
5.24560    
4.78020    
5.25625    
5.26046    
4.75677    
5.23456    
4.51406    
4.77497    
4.31291    
5.50313    
5.72683    
4.98759    
5.26148    
4.98685    
4.75021    
5.48370    
5.22439    
4.78120    
6.18282    
4.96752    
4.53531    
5.73644    
6.20556    
3.77820    
4.98014    
5.95124    
4.77229    
4.55156    
4.51513    
6.64461    
4.27817    
4.96582    
3.77241    
4.98068    
5.02250    
4.52400    
4.76651    
6.44399    
4.98356    
5.25778    
4.54735    
4.80826    
5.73000    
5.25268    
4.29055    
4.03562    
4.77417    
5.46664    
5.20764    
5.01224    
5.73501    
5.21855    
5.70300    
4.99145    
4.54408    
5.50436    
5.50728    
5.26245    
5.93196    
5.04809    
5.48339    
4.28821    
5.24872    
4.76339    
5.26627    
5.23677    
5.70934    
5.01500    
5.00142    
5.48937    
4.28128    
5.49342    
5.47371    
4.30353    
4.75002    
4.97944    
5.99508    
4.78600    
4.98302    
5.72195    
5.96629    
4.77003    
4.49707    
4.49930    
4.74316    
5.25984    
4.52293    
5.01713    
5.01954    
5.48653    
5.24007    
5.03470    
4.76911    
5.19788    
5.02990    
4.73240    
4.72887    
5.25331    
5.46463    
4.29658    
5.26009    
4.02639    
5.00839    
4.76851    
4.04360    
4.27027    
5.48210    
4.52952    
6.21608    
4.30409    
5.46239    
6.22571    
4.28130    
5.49917    
5.24376    
4.53199    
6.20308    
4.30398    
4.50747    
4.51055    
5.01671    
4.97984    
5.99056    
4.53632    
5.28397    
4.03434    
5.03059    
5.20420    
5.77921    
4.27312    
4.27560    
5.25536    
5.26189    
4.97879    
5.45297    
5.22748    
4.29319    
5.43833    
4.51319    
4.77836    
4.52776    
5.47229    
4.76787    
6.45354    
4.53527    
5.26461    
5.01645    
4.99822    
4.26293    
4.52629    
4.29593    
5.93455    
4.76323    
4.24587    
4.04545    
4.28330    
4.04229    
4.99404    
5.24123    
5.74008    
5.22800    
4.99969    
5.22961    
6.23249    
5.72723    
4.04399    
5.72575    
4.48327    
5.22476    
5.21984    
4.26031    
4.96237    
5.74132    
4.98172    
5.00840    
4.26679    
5.47348    
5.47489    
4.96965    
4.76817    
5.48473    
5.93153    
5.72331    
4.98712    
4.50510    
6.00767    
5.01713    
4.72446    
5.25026    
4.50126    
4.29691    
4.99416    
4.53954    
5.68858    
4.73724    
5.24074    
5.25848    
4.72733    
5.01343    
4.53141    
5.24188    
5.20299    
4.99582    
5.49034    
4.74571    
5.18196    
5.26415    
5.22424    
4.76207    
4.26311    
4.80788    
5.50485    
5.23683    
4.27294    
5.24629    
4.98799    
4.97933    
4.53920    
5.73083    
5.70717    
5.20932    
5.00347    
5.30410    
5.00500    
4.98381    
4.27135    
4.74806    
5.04793    
5.27371    
5.25799    
5.27236    
5.73380    
4.44935    
4.52697    
4.55166    
5.02715    
4.49684    
5.27316    
5.00189    
4.54933    
5.04627    
4.52077    
5.01627    
6.19393    
4.50308    
5.71957    
4.54448    
5.50334    
4.99877    
5.95480    
5.48499    
4.53841    
4.54031    
4.54702    
3.80037    
5.02550    
4.50640    
4.25836    
4.78214    
4.04705    
6.00871    
5.71447    
5.73542    
5.47854    
5.72714    
4.51139    
4.98170    
5.47356    
4.99512    
5.74752    
4.81699    
4.79927    
5.24241    
3.81446    
4.05982    
4.26653    
4.54602    
4.49946    
5.22349    
5.73347    
4.50549    
4.97097    
5.98560    
4.26886    
5.52398    
4.78377    
5.93949    
5.22173    
5.50433    
4.77236    
5.49326    
3.80461    
4.79068    
5.26265    
4.74424    
5.23377    
5.22987    
4.53675    
5.24651    
5.49682    
5.24205    
4.51661    
4.26859    
4.79571    
5.21242    
5.02243    
4.77099    
4.52397    
4.97591    
4.99473    
5.03733    
5.69654    
4.97695    
5.70768    
5.25059    
4.56222    
5.46825    
3.81475    
5.19867    
5.93430    
4.99784    
5.50890    
5.47925    
5.23689    
4.98849    
5.46132    
4.95907    
4.52850    
3.81394    
5.46651    
5.67324    
4.77698    
5.46031    
5.94042    
4.72776    
4.97089    
4.97876    
4.04167    
4.76982    
5.52033    
5.05354    
5.20397    
4.97894    
4.76357    
5.45012    
3.80460    
5.01334    
4.75412    
5.28682    
5.96771    
4.99093    
4.96610    
4.51355    
4.27043    
4.73625    
5.71717    
5.00523    
5.23139    
5.96102    
4.75175    
5.93543    
4.54172    
5.76422    
5.01909    
5.00498    
4.55486    
4.27336    
4.81401    
5.73835    
5.46233    
4.76139    
5.48157    
6.47443    
4.95606    
5.49017    
5.03082    
5.95803    
5.95552    
4.77331    
4.97565    
4.52764    
5.24696    
4.98850    
5.27113    
5.20891    
5.69569    
5.00773    
5.49104    
4.75548    
5.95914    
4.31314    
5.73628    
5.25431    
4.76766    
6.20726    
4.75738    
4.00923    
5.72934    
4.50475    
5.49517    
5.98128    
4.76311    
5.93687    
5.29740    
4.51271    
4.72770    
4.72609    
3.81207    
4.75801    
5.23742    
4.53452    
4.04818    
5.23772    
5.00771    
5.71860    
4.75062    
5.00463    
5.24879    
4.29736    
5.46330    
4.52177    
6.18828    
4.53423    
6.44366    
5.27437    
5.00989    
5.01401    
4.98691    
4.29651    
5.70673    
5.48723    
5.52081    
3.57856    
5.02286    
5.26161    
5.25755    
5.74087    
3.78441    
5.48157    
4.99851    
5.97137    
4.76273    
5.23923    
5.72603    
5.70317    
5.93095    
5.26573    
5.27690    
5.98985    
4.75120    
4.03514    
5.44398    
5.23463    
4.25641    
3.57189    
5.72914    
4.80759    
5.47697    
4.54491    
4.71519    
5.48098    
5.70955    
5.23382    
4.96682    
5.47436    
4.30641    
4.75275    
5.95458    
4.49625    
4.05468    
5.22415    
5.70970    
4.05669    
5.52134    
4.53266    
4.76747    
4.53316    
4.49063    
4.54088    
4.28790    
4.75890    
5.75442    
4.30385    
5.92529    
3.80472    
5.93523    
5.24364    
4.49720    
5.03347    
5.00737    
4.99203    
5.01351    
5.69643    
5.01893    
4.51621    
5.46207    
5.26243    
5.94203    
4.74105    
4.79645    
4.54688    
4.99281    
4.55386    
4.53545    
5.26167    
5.24420    
5.00491    
5.46747    
4.25558    
4.76438    
5.45049    
4.56744    
5.46462    
4.27583    
3.78403    
5.22876    
4.30145    
5.90554    
4.55131    
6.00260    
5.23209    
6.21720    
5.02887    
4.98809    
5.22961    
5.98991    
4.51082    
4.74684    
4.52466    
5.04148    
5.23176    
5.03016    
5.02249    
5.95659    
4.28936    
4.98997    
5.00303    
5.24803    
5.22898    
5.46771    
4.02146    
4.04113    
5.01836    
4.54699    
4.02660    
5.71855    
4.51875    
5.47226    
4.98338    
5.95210    
4.77075    
4.75289    
5.00636    
4.06407    
4.30486    
5.95265    
5.21124    
4.75347    
4.98294    
5.74496    
4.31579    
5.75346    
5.24900    
5.70281    
4.02252    
4.30240    
5.24976    
6.19549    
5.24078    
4.29601    
5.71999    
5.73085    
4.78137    
5.50389    
4.98267    
5.02616    
4.51285    
5.24303    
4.75883    
5.25042    
5.00122    
4.99901    
4.49910    
5.46707    
5.48108    
5.70678    
5.22205    
5.95869    
5.46081    
4.99466    
5.96933    
5.23711    
4.51293    
4.54953    
4.79270    
5.18531    
4.72860    
4.80358    
5.23755    
5.00470    
5.43937    
3.61817    
4.78638    
4.28749    
5.70832    
4.28921    
5.27953    
4.53171    
5.73871    
4.96238    
5.27001    
6.20765    
5.21008    
4.55032    
4.53288    
4.29374    
5.73021    
4.56205    
4.99440    
5.21645    
5.01332    
5.25408    
5.00095    
4.29701    
5.46678    
5.00701    
4.27647    
4.51196    
4.49799    
4.52913    
5.96741    
5.23706    
5.29288    
5.68914    
5.20469    
6.21051    
5.01815    
4.77600    
4.04215    
5.72402    
4.04473    
3.81690    
5.24248    
5.01332    
5.26730    
5.72713    
5.71591    
4.49838    
5.18864    
5.48629    
4.99415    
5.22152    
4.52803    
4.25726    
4.02333    
4.79619    
4.25723    
4.98902    
5.48287    
5.70044    
5.74655    
4.22970    
5.22643    
4.02363    
5.48613    
4.54090    
4.99147    
5.21808    
5.18672    
4.75631    
6.20949    
5.28741    
5.25361    
5.46471    
3.07451    
4.74692    
5.01060    
4.50176    
5.23353    
5.03339    
5.48536    
5.27070    
4.30786    
5.68020    
5.49357    
4.78811    
5.69025    
5.94845    
4.51150    
6.20823    
5.75100    
4.99580    
5.23536    
5.19971    
5.22586    
5.49059    
4.75080    
4.25260    
4.95130    
5.01713    
5.71379    
5.51028    
5.52074    
5.23123    
5.45857    
5.72234    
5.23235    
5.96285    
5.27307    
5.24823    
4.98471    
5.01698    
5.68844    
5.74661    
5.30479    
5.47309    
5.24790    
4.76853    
4.30531    
4.75443    
4.98483    
6.15666    
5.70099    
5.51187    
5.24425    
4.76033    
5.50070    
4.07042    
4.75193    
4.28724    
5.00996    
5.02911    
6.45128    
5.29006    
4.99749    
5.48217    
4.55840    
6.20884    
4.51673    
5.25060    
5.49028    
5.26196    
4.51314    
5.45969    
6.19222    
5.47387    
4.53951    
4.28832    
6.21927    
5.02437    
4.96168    
5.25885    
4.76046    
4.98766    
5.28225    
5.04374    
5.71422    
5.28015    
4.54522    
4.53311    
5.49419    
4.97386    
5.01261    
4.99661    
5.50256    
5.20969    
6.18665    
4.54065    
5.25496    
4.49945    
5.45471    
5.23237    
5.22883    
5.27378    
4.04707    
4.29443    
5.23803    
4.48257    
5.46072    
4.53690    
5.75807    
5.25903    
5.49458    
4.75262    
3.79923    
5.03185    
5.69994    
5.24619    
4.28493    
4.74678    
6.22937    
5.25070    
5.69728    
5.53902    
4.30689    
4.02966    
4.51694    
5.22233    
5.04793    
4.02283    
4.77282    
5.98847    
4.52794    
5.02335    
4.52146    
5.94823    
4.98386    
4.25054    
4.81094    
5.00865    
5.72953    
5.23572    
5.73665    
4.75305    
4.76016    
5.75841    
4.04186    
4.53694    
5.03362    
5.25922    
4.76145    
5.74261    
5.70698    
4.55070    
4.95901    
4.76949    
5.22373    
4.50724    
5.00976    
5.05121    
5.24027    
5.72343    
5.74965    
4.49930    
4.58308    
5.24543    
5.23996    
3.85686    
4.76504    
4.80358    
5.49774    
4.78612    
5.22054    
5.25873    
4.51267    
4.31566    
5.21427    
4.80243    
4.06856    
5.24347    
5.23922    
4.80081    
5.49676    
6.15469    
4.27172    
4.28500    
4.53404    
5.22139    
5.26558    
4.51983    
4.31482    
4.49191    
5.03186    
4.97085    
4.76718    
6.19048    
5.26983    
3.78038    
5.00315    
5.24964    
4.54569    
5.00241    
5.20924    
5.99979    
4.99835    
5.21345    
5.48219    
6.20749    
5.28102    
5.26825    
5.24678    
4.33688    
5.74056    
5.01581    
5.47419    
4.97581    
4.99700    
4.26791    
4.72342    
5.00368    
3.56372    
5.72339    
4.73855    
4.76196    
4.52623    
5.28784    
5.20150    
4.74417    
5.71745    
4.75301    
4.78798    
5.02231    
4.52400    
6.23340    
4.52269    
5.01254    
4.50202    
4.55437    
4.99998    
4.98994    
5.42725    
4.46888    
4.74149    
5.05478    
4.72961    
5.95857    
4.76578    
4.29173    
4.52723    
5.72943    
4.51851    
5.26037    
5.72551    
4.75680    
4.54240    
5.47433    
4.73688    
4.75884    
4.78894    
5.49288    
4.53593    
5.00348    
4.54179    
6.21681    
5.28159    
4.28457    
5.49538    
4.76251    
5.52584    
4.54527    
5.00536    
3.81436    
4.30167    
4.76309    
4.74452    
4.52347    
4.73885    
5.46955    
5.02133    
4.51642    
4.52974    
4.99454    
5.98398    
5.25675    
5.01188    
5.49646    
6.18171    
4.50835    
5.05402    
5.00594    
4.75922    
5.19908    
5.01084    
4.98172    
5.24786    
5.72608    
4.02276    
5.27339    
5.00550    
4.98629    
5.46800    
5.49593    
5.21875    
4.75631    
5.70170    
4.52686    
5.03356    
4.97879    
5.96360    
4.75689    
5.46572    
4.77028    
5.25536    
4.73859    
5.50063    
4.51723    
4.75530    
4.51996    
4.75763    
4.32611    
4.52493    
4.76847    
5.00236    
4.76276    
5.68911    
5.23853    
4.55408    
5.96144    
4.53015    
5.21341    
4.52806    
5.48005    
4.49492    
4.77317    
5.71182    
5.01360    
4.76701    
4.51560    
3.76697    
4.28977    
4.97691    
4.73570    
5.46281    
4.99790    
5.24828    
5.49649    
5.01628    
4.49213    
5.74259    
4.26216    
4.98000    
5.01059    
4.06084    
4.73415    
3.83078    
5.73502    
5.01737    
5.48543    
4.74408    
4.99524    
5.24267    
4.02672    
4.51041    
4.48363    
4.98146    
5.25336    
4.74573    
4.52090    
5.42407    
4.74746    
4.98889    
5.00840    
4.03167    
4.55293    
5.25284    
5.03346    
5.46466    
4.74924    
5.96857    
5.24248    
5.52553    
4.99648    
4.06115    
4.53054    
3.02518    
4.78278    
4.37592    
4.54040    
4.79271    
4.73406    
4.27711    
5.01527    
6.01889    
4.52522    
4.98360    
4.97435    
5.00510    
5.24487    
5.70342    
5.49085    
4.77924    
4.75492    
5.70428    
4.54346    
5.00019    
4.97378    
4.75204    
5.73601    
5.24612    
4.80274    
4.49397    
5.50927    
5.50001    
4.73824    
5.01356    
5.24737    
4.73681    
4.78660    
5.21878    
4.74677    
5.00209    
3.82744    
4.77495    
4.03320    
4.50822    
5.02875    
4.06367    
5.48586    
4.27504    
5.23929    
4.72284    
6.42621    
6.41325    
5.45787    
5.02000    
5.27257    
4.28305    
5.01879    
5.48640    
5.49653    
5.25840    
5.44359    
5.26685    
5.94297    
5.96519    
5.96591    
5.50051    
5.00511    
6.20599    
4.77701    
4.50297    
5.48275    
4.76092    
5.24751    
4.75635    
4.27047    
4.51028    
5.49308    
4.51603    
5.96675    
4.31701    
4.04871    
4.76607    
5.72962    
5.70725    
5.00383    
5.73241    
5.23406    
4.79041    
4.77350    
5.45910    
4.28757    
4.51331    
4.95795    
5.04881    
4.49672    
5.73237    
4.78150    
4.99862    
5.02776    
5.75337    
3.09289    
5.02047    
4.52834    
4.97607    
5.95858    
4.27345    
5.44285    
5.22650    
3.80656    
6.19679    
4.06368    
4.99239    
4.03082    
5.28467    
5.22490    
4.51991    
4.06449    
4.73246    
4.76280    
4.28828    
4.31249    
4.06661    
5.48334    
4.07049    
4.52372    
3.56899    
5.02753    
5.03773    
5.71281    
3.57162    
4.06498    
4.78604    
5.48526    
4.75516    
6.21608    
4.97788    
4.78730    
5.97032    
4.02750    
4.54451    
4.76898    
4.77080    
4.74289    
3.80027    
4.77256    
5.24743    
4.71747    
5.74183    
5.23233    
6.19847    
5.72287    
4.76169    
4.55528    
5.71627    
5.07264    
5.72142    
4.29150    
4.98769    
4.54846    
4.77876    
5.47588    
4.53003    
5.25376    
5.71796    
5.24615    
5.23344    
5.46901    
5.26666    
4.98794    
4.75279    
4.99685    
5.48574    
4.80360    
5.24092    
5.46362    
4.75638    
4.51071    
4.49038    
4.76436    
3.79946    
4.97316    
5.00497    
5.24513    
5.70653    
4.99195    
5.48771    
4.54795    
5.49048    
5.73457    
6.42833    
4.31326    
4.96597    
6.20216    
5.00362    
5.96517    
5.01749    
3.98996    
5.50613    
5.21351    
5.02155    
5.23884    
6.42787    
5.24381    
5.22719    
5.72531    
4.75650    
5.93341    
5.46745    
5.72941    
4.29407    
4.78601    
5.49999    
5.20322    
5.24268    
4.52778    
4.27363    
4.53428    
5.05153    
4.55955    
5.54266    
5.27707    
4.74673    
4.99895    
4.77449    
4.96903    
4.32108    
5.49140    
5.24647    
4.53693    
4.04427    
3.80255    
4.76164    
4.76171    
5.04335    
4.77803    
5.00837    
5.24103    
5.46857    
6.17697    
5.49196    
5.96274    
4.55134    
4.80809    
3.56784    
5.00617    
5.23443    
5.47885    
5.49364    
4.73518    
5.96008    
5.47698    
5.44808    
5.46519    
6.18760    
5.47502    
5.01895    
5.23689    
5.72072    
5.45880    
5.27270    
4.97518    
5.26743    
5.22275    
5.26754    
4.76491    
5.69059    
4.77812    
4.74362    
5.00248    
4.03725    
5.25098    
4.00812    
4.05316    
4.51643    
5.28109    
4.99530    
4.31690    
5.00374    
5.03182    
5.53732    
3.83089    
5.45843    
4.78769    
5.25360    
5.27257    
4.76148    
4.31950    
3.83667    
5.23146    
5.01968    
5.26776    
5.24402    
5.71240    
5.73020    
5.45661    
4.26420    
4.04533    
5.69889    
4.52303    
4.73028    
4.47924    
5.48165    
5.23778    
4.27138    
5.49597    
5.48200    
5.01303    
4.77540    
5.49544    
5.25114    
4.98142    
5.25516    
5.49535    
5.02788    
4.28686    
4.53768    
4.53210    
5.73251    
5.01001    
5.27457    
5.95458    
5.02408    
4.99846    
5.51111    
5.22156    
4.27268    
5.02145    
4.99092    
4.77357    
4.73996    
4.76393    
5.25373    
5.42500    
4.25989    
5.53452    
4.75641    
5.00934    
4.54269    
5.01301    
5.01371    
5.72022    
5.23097    
5.96928    
4.99780    
4.75772    
4.73173    
5.24424    
4.78498    
5.00566    
5.97433    
5.51238    
5.45160    
4.53188    
5.70366    
4.78993    
4.26713    
4.31709    
5.25369    
4.25837    
4.95850    
4.27000    
4.28658    
5.03978    
4.75449    
5.22863    
4.01831    
4.50766    
5.02386    
4.78443    
4.49810    
4.99829    
4.97239    
5.03094    
5.24804    
5.00022    
5.26730    
4.04760    
5.25918    
5.49629    
5.75634    
4.73713    
6.46137    
5.29107    
4.96537    
4.04865    
4.02805    
5.43677    
5.69847    
5.48600    
5.46100    
4.99401    
5.22450    
4.54313    
4.29129    
4.78648    
5.47533    
5.25829    
4.49415    
5.01796    
5.24399    
5.49016    
5.25948    
4.74546    
5.00424    
5.26136    
4.75778    
4.77232    
5.96320    
5.48682    
5.70189    
5.24569    
5.20349    
5.73146    
5.49890    
4.73480    
4.52359    
5.24430    
5.25713    
4.51992    
4.99787    
4.75535    
5.21632    
5.50040    
5.24082    
5.97510    
5.47809    
4.74428    
4.51840    
5.95486    
4.51746    
5.48774    
4.54973    
5.22418    
5.94872    
5.66399    
4.74253    
4.31260    
4.73017    
5.23257    
5.69227    
5.05752    
5.22597    
4.31000    
5.25690    
3.81853    
5.04381    
5.22593    
4.27913    
5.21758    
4.97679    
4.55572    
5.48214    
5.28686    
4.26973    
4.50514    
5.25103    
5.28705    
5.47565    
5.23880    
5.50932    
4.05735    
5.23665    
5.27894    
4.77451    
5.25491    
4.98982    
5.01289    
5.70505    
3.80308    
5.45487    
4.76579    
5.21784    
5.71964    
4.54971    
3.83192    
4.97368    
5.23232    
5.97122    
5.96437    
4.79126    
5.01649    
5.46216    
5.45521    
5.21173    
4.49774    
4.53708    
4.82490    
5.25176    
5.03276    
4.74608    
5.26322    
5.24626    
4.03856    
4.99407    
5.71246    
4.51609    
3.84213    
5.26535    
4.51484    
5.01851    
5.00758    
5.52546    
4.73735    
3.80772    
5.49488    
5.01824    
4.75407    
4.74538    
4.77509    
5.73125    
4.75934    
5.26447    
6.46976    
4.74442    
5.72670    
4.30340    
4.97195    
5.49729    
5.26534    
5.48391    
5.48745    
4.77098    
4.78523    
4.51356    
4.96277    
5.70140    
4.51390    
5.02714    
6.18832    
4.29185    
4.05990    
6.22328    
4.74823    
4.52308    
4.79097    
5.00838    
4.97917    
5.45510    
5.00648    
4.51695    
5.98394    
4.99370    
5.96927    
3.82610    
4.94889    
4.99239    
5.50609    
4.28735    
5.94408    
4.56297    
4.75728    
4.99205    
5.96247    
5.47152    
5.72942    
5.44600    
6.41044    
3.82345    
4.55506    
5.00127    
4.51972    
6.17240    
5.47165    
5.00248    
5.49011    
4.71693    
4.03399    
5.24638    
4.78504    
5.46863    
4.78997    
4.75044    
5.70152    
4.76125    
4.77878    
4.52031    
5.71804    
4.48806    
4.74499    
5.93993    
4.53008    
4.73597    
4.01546    
5.48741    
4.77936    
4.76770    
3.85905    
4.03409    
5.22908    
4.06649    
4.29395    
4.52619    
4.28005    
5.73504    
5.71740    
5.71888    
5.69988    
5.02879    
5.45597    
4.50799    
4.79718    
4.27729    
4.76285    
5.95646    
5.00973    
5.28281    
5.46489    
5.26269    
6.24750    
5.23865    
5.71981    
4.49635    
4.25267    
5.48874    
4.99086    
4.97374    
5.49240    
5.49879    
5.44401    
4.99419    
4.51927    
4.54054    
4.76140    
4.28828    
5.23201    
4.74968    
4.50081    
4.29633    
4.75149    
5.02009    
4.52895    
5.47631    
5.26369    
4.03336    
5.23580    
5.48244    
5.96937    
6.70279    
4.77300    
4.52249    
5.25287    
5.01369    
5.95557    
6.42595    
4.76754    
5.02739    
5.19170    
5.02256    
5.02272    
5.74440    
5.69545    
4.99614    
3.35461    
5.69427    
5.22834    
4.97171    
6.20203    
5.26901    
5.00792    
5.46473    
5.98171    
4.04565    
4.74741    
5.25508    
4.51006    
5.25370    
4.50830    
4.04485    
5.00483    
5.25453    
5.49011    
5.01111    
5.24029    
4.72180    
5.00849    
5.74942    
5.01980    
4.99508    
5.22871    
5.01379    
5.23504    
5.22136    
4.73756    
5.24282    
4.07020    
5.71169    
5.21875    
4.28929    
5.92854    
4.75198    
5.03691    
4.76065    
6.94049    
4.99892    
4.50525    
5.46592    
3.78594    
5.25434    
5.00432    
4.96704    
5.73142    
5.24171    
4.99583    
4.78073    
5.22723    
5.45368    
5.52020    
5.92573    
5.71801    
4.26395    
4.03325    
5.24268    
5.97605    
5.27060    
4.02164    
5.96912    
5.23380    
5.03042    
4.29820    
5.50640    
5.71848    
5.44497    
4.29524    
5.25346    
6.18624    
4.74212    
5.01514    
5.01947    
4.75254    
5.45265    
4.53909    
4.98622    
4.79668    
4.27940    
4.53717    
4.51397    
4.74705    
4.74629    
5.23007    
5.01264    
5.21128    
5.22851    
4.99093    
5.20031    
5.01471    
5.24960    
4.75550    
5.49024    
4.48942    
4.98770    
4.54719    
5.49896    
4.27153    
5.70921    
5.21558    
4.73199    
4.05566    
5.01922    
4.54375    
4.53778    
5.94920    
5.01435    
4.26923    
5.23843    
5.46503    
4.53398    
5.26197    
4.01007    
5.23578    
5.70285    
5.22543    
4.96588    
4.79420    
4.71505    
4.75345    
4.48134    
4.30699    
4.99361    
5.23282    
4.76164    
5.00047    
4.99433    
5.50180    
5.73795    
4.77949    
5.47748    
5.23805    
4.75424    
5.25001    
3.34766    
4.49963    
4.55914    
5.69995    
5.20016    
4.96341    
4.97539    
4.99897    
4.76407    
4.52415    
5.21893    
5.71317    
4.80214    
5.46888    
6.19915    
4.75918    
5.74959    
4.51454    
4.77024    
5.46957    
5.25040    
4.79593    
5.47296    
4.75089    
5.76072    
4.74952    
4.76361    
5.49370    
5.70003    
5.02921    
5.95403    
5.24902    
4.30245    
5.49950    
4.31806    
5.46443    
4.76066    
4.80430    
5.25309    
4.75367    
5.27340    
5.23198    
4.31583    
5.49998    
5.25481    
4.52857    
4.03413    
5.96846    
5.72226    
4.55158    
5.72711    
5.49708    
4.52070    
5.22530    
4.76353    
4.98413    
4.77073    
5.25387    
4.52671    
4.77406    
5.25350    
5.49895    
5.00863    
5.72462    
5.22659    
4.52748    
5.00555    
4.30328    
4.54584    
4.77863    
4.77009    
5.95278    
4.99869    
4.52889    
4.53792    
4.72817    
5.24233    
5.46683    
5.25611    
4.25367    
4.75360    
4.99760    
5.03607    
4.28101    
4.52592    
4.98212    
6.24001    
5.23456    
4.98863    
4.51270    
5.01835    
5.24559    
4.96814    
4.73746    
4.76610    
4.74850    
5.52516    
4.55721    
5.00843    
4.52306    
4.53945    
5.96777    
4.26596    
4.75857    
5.23773    
5.71830    
5.02300    
5.01702    
5.49374    
4.77056    
5.22455    
4.99788    
4.77685    
4.53601    
4.77319    
4.76752    
5.74585    
3.82451    
4.27095    
4.75802    
4.97510    
5.22852    
4.01629    
5.95139    
4.75525    
4.51773    
5.26432    
5.68479    
4.97271    
4.01367    
3.80314    
4.99584    
5.26895    
4.52149    
4.97822    
4.02547    
5.95206    
4.04956    
5.22019    
4.75318    
4.75803    
4.48810    
4.10441    
4.49781    
5.69874    
4.98241    
4.03861    
4.99414    
5.24980    
5.50159    
4.77267    
5.97843    
5.47727    
4.97293    
5.22779    
4.78818    
5.03092    
4.52869    
4.98404    
5.72718    
4.97325    
5.28596    
5.03445    
5.50789    
5.00518    
5.71732    
5.45564    
5.27839    
5.49417    
5.22333    
4.98395    
4.06361    
4.30268    
5.25786    
4.28365    
5.24897    
5.25769    
4.50502    
4.50092    
5.97146    
4.77342    
5.21697    
5.22435    
3.56869    
5.50799    
4.77024    
5.00770    
4.74728    
5.01788    
4.79203    
4.52177    
5.24432    
4.53510    
5.25391    
5.28277    
5.23815    
5.46987    
5.05183    
5.45457    
4.56715    
4.99202    
4.76725    
5.46669    
5.74539    
5.47761    
4.81632    
4.51342    
5.00201    
5.00957    
4.97849    
4.80939    
5.24998    
3.81897    
5.48475    
6.18830    
4.77547    
4.77712    
5.22440    
5.25122    
4.75909    
5.01400    
4.28555    
4.74689    
5.02986    
4.74075    
5.73001    
4.56836    
5.73658    
5.00958    
5.46573    
5.45473    
4.71762    
5.73320    
4.75248    
4.27160    
4.31159    
4.50416    
5.00450    
4.80138    
4.80708    
4.03707    
3.80824    
5.48768    
5.23151    
3.55227    
5.48268    
5.01735    
4.48249    
5.25425    
5.00852    
4.72973    
5.03462    
4.52303    
4.02867    
4.53326    
4.78000    
4.99865    
5.23677    
4.73670    
5.71561    
5.23359    
5.26462    
5.49289    
5.49439    
5.73474    
5.48162    
4.77444    
4.77347    
5.02291    
5.97711    
5.73392    
5.21154    
4.97386    
5.05696    
4.02908    
4.52415    
5.48032    
5.25221    
5.74265    
4.28161    
5.72960    
5.50407    
4.79485    
4.50442    
5.23934    
5.94554    
5.47159    
4.52633    
5.44219    
5.02213    
5.01866    
5.95871    
4.77367    
5.70653    
4.50050    
4.53125    
5.24471    
4.98261    
5.75381    
5.26151    
5.27246    
4.98981    
4.76780    
5.00960    
5.01111    
5.01211    
3.79468    
5.46350    
4.97613    
5.45764    
4.76836    
4.27417    
5.24973    
5.96744    
4.99583    
4.75602    
5.43630    
5.46001    
4.99183    
5.02996    
4.50676    
5.72642    
5.46586    
5.75654    
5.49126    
4.53087    
4.06121    
5.48671    
4.05862    
5.26112    
4.96726    
5.01265    
3.78584    
6.39973    
5.23200    
4.03984    
4.79391    
4.76661    
5.23081    
6.43248    
4.28928    
6.22660    
5.68251    
4.76936    
4.99741    
5.21162    
4.31479    
5.07235    
5.23209    
4.99646    
4.99084    
5.51483    
5.94342    
4.52817    
4.55135    
5.25128    
4.75241    
4.52018    
5.25637    
6.19359    
4.52781    
3.82078    
4.23978    
5.23128    
4.48032    
5.48267    
4.81979    
6.18414    
4.25173    
5.22567    
4.06335    
5.01698    
5.48589    
4.50042    
5.24481    
5.48538    
4.27621    
4.54409    
4.52735    
5.71658    
6.20496    
4.96531    
5.22614    
5.06525    
4.50974    
4.26725    
4.56116    
4.96391    
5.25311    
4.50128    
5.74318    
5.97438    
5.73156    
5.74212    
4.77767    
5.40872    
4.75057    
4.76873    
4.79901    
4.28028    
4.56702    
4.30326    
4.50978    
6.19569    
4.03949    
5.01574    
6.22989    
4.75530    
5.26702    
4.99283    
5.00618    
5.48869    
4.77485    
5.98104    
5.49185    
4.73577    
5.70796    
4.53827    
4.31903    
4.27977    
4.75836    
4.50933    
5.49053    
5.96815    
4.75353    
5.22483    
5.01925    
5.23097    
5.47518    
5.49518    
4.74933    
4.52182    
4.52050    
5.71269    
5.23904    
4.73862    
5.24697    
4.48489    
5.01715    
4.78785    
3.58369    
4.96154    
4.01409    
4.95847    
4.54579    
4.79147    
4.97714    
5.04203    
5.28184    
5.02439    
5.20942    
4.73326    
4.46326    
5.26142    
5.28474    
5.70002    
5.46443    
5.01959    
4.47681    
4.74597    
5.24829    
5.69984    
5.23332    
4.77552    
4.76760    
5.71495    
5.25895    
5.72795    
5.03761    
5.04060    
5.22010    
5.02548    
4.73036    
5.00536    
4.77162    
5.71250    
6.18712    
4.30010    
5.73197    
4.99716    
6.00780    
3.76889    
5.03987    
4.99571    
4.73329    
4.77607    
6.19393    
4.71182    
5.26774    
5.72139    
4.76866    
5.25337    
4.74990    
4.51703    
4.70376    
5.25726    
5.48937    
5.74818    
5.44937    
4.25894    
5.24075    
5.48963    
5.46474    
5.23844    
4.29279    
4.27267    
4.53065    
4.28439    
5.50518    
4.29797    
4.73904    
4.75876    
5.00843    
5.69889    
5.26276    
4.79352    
4.76188    
5.67626    
3.78839    
4.77139    
5.51357    
4.56149    
5.51487    
4.99990    
4.51630    
4.98896    
4.50872    
4.99281    
4.77958    
5.23794    
5.73033    
4.77579    
4.77802    
5.96899    
4.98708    
4.29462    
6.18293    
5.03026    
5.46291    
5.46018    
5.25886    
5.48367    
4.51217    
5.49130    
4.75094    
4.75133    
4.75967    
5.23980    
4.49169    
5.72814    
5.69888    
4.79043    
5.21143    
4.47852    
4.74792    
4.56151    
6.21165    
4.77748    
4.76596    
5.93581    
5.19239    
5.51515    
4.26660    
4.98756    
5.23660    
4.75922    
4.56876    
4.97269    
5.24259    
4.74494    
5.00287    
5.25973    
4.29241    
4.50579    
5.47224    
4.24519    
4.98155    
5.22887    
5.95617    
5.49779    
4.74189    
4.51976    
5.02252    
4.98462    
4.77211    
5.00218    
5.74304    
4.25415    
4.97396    
4.97357    
4.27717    
5.49951    
4.26416    
5.73300    
5.70321    
5.02398    
4.04490    
4.77733    
4.76285    
5.98701    
5.46894    
5.00618    
4.77002    
5.25299    
5.04032    
5.25333    
3.78341    
5.50377    
5.02244    
4.52435    
5.23554    
5.24745    
5.05803    
4.74228    
5.48444    
5.95942    
4.01291    
5.24021    
5.23782    
6.42185    
5.48311    
4.72678    
5.01643    
5.70348    
4.75509    
5.01431    
4.76524    
5.74903    
5.97174    
5.48681    
4.53813    
3.80970    
5.23097    
4.27818    
4.26709    
4.52041    
4.05884    
4.78030    
6.46711    
5.48842    
5.23422    
5.44218    
5.24062    
5.02082    
4.78987    
5.00417    
4.99759    
4.29811    
4.98095    
4.25195    
4.57451    
5.01383    
5.27043    
5.46031    
4.02642    
5.97016    
5.49093    
5.73451    
5.18166    
5.21539    
6.20805    
5.22625    
5.75369    
5.95318    
5.01705    
5.26070    
5.51646    
5.48817    
4.27283    
4.73922    
4.29031    
5.00075    
4.31388    
4.28246    
5.97204    
5.23292    
4.77817    
4.02908    
4.53473    
5.24045    
5.23530    
4.97042    
5.23968    
4.06334    
5.24041    
4.77051    
4.99425    
5.68334    
5.95922    
4.51804    
4.78384    
6.20587    
5.95587    
5.25490    
4.51980    
5.68881    
4.74859    
4.28028    
4.54559    
4.98383    
4.50074    
5.49402    
4.28419    
5.23873    
5.48661    
5.72274    
4.98508    
5.00768    
3.82984    
5.24252    
5.25228    
4.48513    
4.73032    
5.23666    
6.25566    
4.53355    
5.54106    
4.50268    
4.75522    
5.24507    
5.94170    
5.21885    
4.99403    
5.92575    
4.27416    
5.51272    
4.02779    
5.95282    
4.50624    
5.27761    
5.00629    
5.25842    
5.24708    
5.26515    
5.00025    
5.72675    
4.99095    
5.26269    
5.25939    
4.55465    
5.02146    
5.23872    
4.51087    
4.78339    
5.51116    
5.44544    
4.77441    
5.21502    
5.23128    
5.72554    
5.01611    
5.94765    
5.25312    
5.94158    
6.20861    
4.99229    
5.24362    
4.05414    
4.51109    
5.00585    
4.02640    
5.50124    
4.73204    
5.71702    
5.00897    
5.70276    
5.44142    
5.02692    
5.71023    
4.98630    
5.24813    
5.21649    
4.03494    
5.75420    
5.53671    
4.99478    
3.59217    
4.52066    
5.24784    
4.75939    
5.47349    
4.32991    
5.23876    
4.28595    
4.99905    
5.70838    
4.75649    
4.48616    
4.70328    
6.20970    
5.23679    
5.22884    
5.48318    
5.28289    
4.49603    
5.00583    
5.02135    
4.78162    
5.48528    
4.52630    
4.54844    
4.27939    
6.19655    
5.50299    
5.23163    
5.75617    
5.72460    
5.72533    
4.53725    
4.77542    
5.75868    
5.24227    
4.31396    
4.54346    
4.55412    
5.23561    
5.44070    
4.28993    
4.32188    
4.07529    
5.26123    
5.51088    
5.03381    
4.73870    
5.96747    
5.96010    
4.27907    
5.00580    
5.45122    
4.76845    
5.48236    
5.20300    
5.47930    
5.48406    
3.79741    
5.25671    
5.96332    
5.24402    
5.97880    
4.52458    
4.26848    
4.95990    
5.27231    
5.49086    
6.16734    
4.80506    
5.25923    
4.26221    
5.72492    
5.00920    
4.76524    
4.74812    
5.71684    
4.50369    
5.27055    
4.27908    
4.51675    
5.50022    
5.50170    
4.45686    
4.50798    
4.29773    
4.98091    
5.00877    
4.28282    
5.01828    
4.75124    
4.01514    
4.97569    
5.71251    
5.28989    
5.26389    
4.75676    
4.51920    
5.22363    
4.77171    
5.25196    
4.48787    
6.45187    
4.54906    
4.75221    
5.22817    
5.94377    
4.27606    
5.23211    
4.76267    
5.72508    
5.91513    
5.03796    
5.01236    
5.26409    
5.47966    
4.51083    
5.49130    
5.72650    
4.79055    
6.43347    
4.52262    
5.21740    
5.01732    
5.25474    
5.69104    
4.29837    
5.51394    
5.23770    
5.46653    
4.49769    
5.00476    
5.49245    
5.96661    
5.74075    
4.76816    
5.00695    
5.70904    
6.17772    
4.76255    
5.73319    
5.02041    
4.28786    
5.22426    
5.00508    
4.73699    
4.77403    
5.94884    
4.79479    
4.99327    
5.72904    
5.71017    
4.73832    
5.01270    
5.70465    
4.26757    
4.97418    
5.48376    
5.51013    
4.76830    
5.96906    
6.15423    
4.72358    
5.44748    
5.51269    
4.97490    
4.48024    
5.00198    
5.48797    
5.95477    
5.28711    
4.99606    
4.79336    
4.79539    
5.50559    
5.03151    
4.55821    
4.96399    
4.31856    
4.08353    
5.95699    
5.03623    
5.46205    
5.01302    
4.73619    
5.50191    
4.97707    
4.74154    
4.75052    
4.52237    
4.73183    
5.72134    
5.01277    
4.76976    
5.01487    
5.03629    
4.97977    
4.98117    
4.72405    
4.27342    
4.50416    
5.71389    
4.74927    
5.49398    
4.98841    
4.75209    
4.99049    
4.01358    
4.29134    
4.31056    
4.74862    
4.77592    
4.48906    
5.47965    
5.24363    
4.32386    
4.76446    
4.50756    
4.54066    
4.52490    
5.00882    
4.75798    
5.00509    
4.50276    
4.53007    
5.45580    
4.99242    
4.73708    
5.00416    
4.29678    
4.98866    
4.53905    
4.78510    
4.79619    
4.53656    
4.51934    
5.25732    
5.22460    
5.26939    
4.75378    
4.76328    
4.05507    
4.75320    
4.26229    
4.24009    
5.71469    
5.25102    
4.75637    
4.26795    
5.24406    
5.22456    
5.69533    
5.48892    
5.01551    
5.50197    
5.24006    
5.24135    
4.53542    
5.49809    
4.96764    
4.51777    
4.75293    
4.75495    
5.51054    
5.21116    
4.30898    
5.94534    
4.74557    
4.51567    
6.21511    
4.29225    
4.76354    
5.23767    
4.77408    
4.54146    
4.54389    
5.95312    
5.24420    
4.77402    
5.75863    
5.71329    
4.75844    
4.73477    
5.70650    
4.76427    
5.97176    
4.09405    
5.74757    
5.26454    
4.56378    
5.00541    
4.30296    
5.95616    
5.25016    
5.06195    
4.77483    
5.23653    
4.97864    
6.20446    
4.51615    
5.96690    
4.99938    
4.98247    
4.73782    
6.70274    
5.25243    
4.02920    
4.79304    
6.22038    
4.77207    
5.22238    
4.05571    
4.73445    
5.46748    
4.05733    
5.73230    
5.71892    
5.71777    
5.54251    
4.97720    
4.74686    
5.01122    
4.50516    
5.74145    
5.46723    
4.73685    
6.43632    
4.27892    
4.75188    
4.33356    
4.01255    
4.98176    
4.75573    
5.04990    
6.20843    
4.75418    
3.83258    
4.51506    
4.73626    
4.29728    
4.69309    
5.92820    
5.06674    
5.23171    
4.54001    
5.69675    
5.46964    
6.22474    
3.34873    
5.01549    
4.53963    
5.72579    
4.53737    
5.46821    
6.45689    
4.49862    
4.99335    
4.78610    
5.02766    
5.96819    
5.96749    
4.51149    
4.99644    
5.23565    
4.78208    
5.24971    
5.02361    
5.48910    
5.24007    
4.73933    
5.02921    
5.75760    
5.22277    
4.77175    
3.56454    
5.48423    
5.49539    
5.98445    
5.22375    
5.75786    
4.27404    
5.23605    
5.92379    
4.69368    
5.47232    
5.02605    
5.69183    
4.74937    
5.95483    
4.02974    
5.46420    
5.47688    
4.27585    
5.02811    
4.98232    
5.43906    
5.45763    
4.27408    
5.22840    
5.23322    
4.99877    
5.21949    
3.79918    
5.47442    
5.73992    
4.00715    
4.25623    
4.98769    
5.25441    
4.56667    
4.49275    
4.74946    
5.47590    
4.28918    
5.44284    
5.26320    
5.49539    
5.22998    
4.97501    
5.72700    
5.24560    
4.52880    
4.76019    
5.47606    
4.57234    
4.99061    
5.51372    
5.69341    
4.26711    
5.73339    
6.21455    
5.21034    
4.73729    
4.07509    
5.25166    
5.22790    
4.26264    
5.00979    
5.24061    
4.51208    
5.00669    
5.26117    
4.77337    
4.51557    
5.22897    
5.49726    
5.71574    
5.47102    
4.01492    
5.02692    
4.51989    
5.00383    
5.48409    
5.46252    
5.45186    
6.70542    
4.74298    
5.72240    
5.27035    
5.24751    
5.26053    
5.24757    
4.96772    
5.25777    
5.04054    
5.26003    
5.98158    
5.98112    
5.25168    
5.21821    
4.78244    
5.49365    
5.50341    
4.76620    
4.98921    
5.47973    
4.47886    
3.81701    
5.23748    
5.01838    
6.24186    
4.80111    
5.45891    
5.96264    
6.43293    
4.98455    
5.01786    
5.46859    
5.01432    
4.31665    
4.99746    
5.99009    
5.25207    
4.72940    
5.22676    
5.52150    
4.51178    
5.94981    
4.99327    
5.50611    
4.50511    
5.23433    
4.26978    
4.51042    
4.78804    
4.04217    
4.99942    
5.24287    
5.46263    
5.49089    
5.03469    
4.27972    
4.80070    
4.72714    
4.31409    
4.99801    
5.24961    
4.30945    
6.19458    
5.00306    
5.21969    
4.54693    
4.77665    
5.25214    
5.97200    
4.74100    
4.81286    
5.69979    
5.45256    
5.05174    
3.79913    
4.29168    
4.77084    
5.96925    
5.75241    
5.00222    
5.49092    
5.25408    
3.77311    
5.46641    
4.49548    
5.00744    
6.70317    
5.00260    
4.47886    
4.98567    
4.26375    
5.23055    
4.25792    
4.52821    
5.24588    
4.47562    
5.20543    
5.27124    
4.50966    
5.49976    
6.43798    
5.02209    
5.74408    
5.76839    
6.40869    
5.24927    
4.75407    
4.95767    
4.99911    
5.00267    
5.50332    
4.99722    
5.50726    
4.51924    
5.46084    
4.76051    
4.77481    
5.48543    
5.24407    
6.44110    
4.98180    
4.27685    
4.76651    
5.24533    
5.70220    
4.53138    
4.27044    
5.48697    
5.22478    
5.02637    
3.97809    
4.99821    
5.50515    
5.26079    
5.71743    
5.21113    
5.70591    
5.02323    
5.23903    
5.48674    
5.01445    
4.97171    
4.76380    
5.75722    
5.51931    
5.28521    
5.69368    
5.26468    
5.00502    
4.26454    
4.96772    
4.06315    
4.54680    
5.45665    
5.26248    
5.27541    
3.09132    
5.21439    
4.75029    
5.25809    
4.77956    
5.90588    
5.45562    
5.97172    
4.78429    
4.02940    
4.76893    
4.77640    
4.78145    
5.49271    
5.24864    
4.74866    
5.98892    
4.04563    
4.54046    
4.81068    
5.27135    
4.27472    
5.23384    
5.72655    
5.01612    
4.82249    
4.75856    
5.23682    
5.26355    
4.73546    
4.75466    
5.47037    
4.29989    
4.98379    
6.19557    
4.06221    
5.93427    
5.99923    
5.45029    
5.23867    
5.23563    
5.01111    
5.23134    
4.05925    
4.31460    
5.01225    
5.47581    
4.50489    
5.44761    
5.04432    
5.00140    
5.46994    
4.77602    
4.78610    
5.25398    
4.98561    
5.24625    
4.99874    
5.26480    
4.27465    
5.21388    
5.22853    
4.74524    
3.82535    
5.22544    
5.23983    
5.74141    
4.98987    
4.78015    
4.28507    
4.48916    
4.74968    
5.00799    
4.95995    
5.94765    
5.00687    
5.48010    
5.02753    
4.99984    
5.22559    
5.01527    
4.30343    
5.49128    
5.96121    
4.98402    
4.27768    
4.72749    
4.99192    
5.71698    
4.52214    
4.71384    
5.02969    
5.24132    
4.04218    
4.28619    
5.21859    
5.01612    
4.74585    
5.50410    
6.18689    
4.77317    
5.00448    
5.00652    
4.99522    
5.23511    
5.22757    
4.74387    
4.49955    
4.29671    
5.49004    
4.27118    
3.82077    
5.73518    
5.01951    
5.23388    
5.47001    
6.43117    
4.30595    
5.28869    
5.23954    
6.21678    
4.98615    
5.25804    
5.24027    
5.53481    
5.21262    
3.81169    
5.25185    
5.50344    
4.78188    
4.53252    
4.74030    
5.48497    
4.75070    
5.97594    
5.01885    
5.24263    
4.51801    
4.50683    
4.74392    
4.98321    
5.46075    
5.00441    
6.19662    
5.24500    
5.22374    
4.28452    
4.76077    
4.52233    
4.28544    
5.01998    
5.00357    
4.99529    
5.25805    
4.52197    
3.81184    
5.00518    
4.53863    
4.99125    
3.32562    
4.76600    
5.00730    
5.21319    
5.03742    
4.75384    
5.24930    
4.23589    
5.71610    
5.23722    
5.71095    
5.05222    
5.46956    
4.75917    
5.25468    
5.05373    
5.77294    
5.50843    
5.70763    
4.74372    
4.06072    
4.75598    
4.55824    
3.80454    
4.00612    
4.95353    
5.72159    
4.75270    
4.54401    
4.31647    
4.55347    
5.95530    
4.98809    
5.70658    
4.97677    
5.52260    
3.98531    
5.03868    
4.54550    
5.69295    
5.95979    
4.77218    
4.99368    
5.03613    
4.78137    
5.24969    
4.49480    
5.23300    
5.48264    
5.26789    
6.15761    
5.22427    
5.00288    
4.72923    
5.25208    
4.52455    
4.74660    
5.46477    
4.73966    
4.05360    
5.50526    
4.99461    
4.97977    
5.70805    
5.24965    
5.72620    
4.53988    
5.01636    
5.24011    
4.27732    
4.75506    
4.52243    
5.70844    
4.04626    
5.51253    
5.74152    
5.21452    
4.99322    
6.92397    
4.96258    
4.29023    
4.52527    
4.76689    
4.75583    
4.93302    
5.01591    
5.50444    
5.51067    
4.97464    
4.99990    
4.75640    
5.49015    
5.00610    
4.96170    
5.25360    
5.22351    
5.49188    
5.49126    
5.52239    
5.25318    
4.31760    
5.97683    
5.98213    
4.98000    
5.70256    
5.24795    
5.01540    
5.67630    
4.32636    
3.77085    
4.77152    
5.01286    
5.01823    
4.30328    
4.01382    
5.49319    
4.74661    
5.74980    
4.98102    
4.51430    
4.51947    
5.49961    
5.95926    
5.02875    
4.53484    
4.73843    
4.80788    
5.21817    
5.03366    
5.46191    
5.99940    
4.78768    
4.78216    
5.70585    
4.75608    
4.76665    
4.76337    
5.28392    
5.49479    
5.73259    
5.44487    
4.33094    
5.00511    
4.99314    
5.46083    
4.28079    
5.51740    
5.27932    
4.26360    
4.06537    
5.02819    
5.46684    
5.24422    
3.80960    
5.24249    
4.76517    
5.03413    
4.53198    
5.50278    
5.23458    
4.50333    
5.50368    
4.47835    
4.99719    
5.19548    
6.18842    
5.73088    
4.29300    
4.75346    
5.48762    
5.50147    
4.72007    
5.97667    
5.50773    
4.03562    
4.98980    
4.95876    
4.51854    
4.52208    
4.28117    
4.26225    
5.25736    
5.24886    
5.00320    
4.72618    
4.54164    
5.00612    
4.28929    
5.03348    
5.75041    
5.71019    
5.23366    
5.95313    
5.26008    
5.50791    
4.78120    
5.04912    
4.54832    
4.53261    
4.52126    
5.95231    
5.22356    
5.26324    
4.98133    
5.48840    
5.92912    
5.72970    
5.00427    
7.17516    
5.48114    
4.96564    
4.75652    
4.99648    
5.22292    
5.49688    
4.54037    
5.26225    
5.92889    
4.28342    
4.74437    
5.23483    
5.23223    
6.22746    
5.92773    
5.21069    
4.74973    
4.29500    
5.44033    
4.99152    
5.23732    
5.00906    
5.00681    
5.22420    
4.50397    
4.98887    
5.44120    
5.50751    
5.72982    
4.52292    
4.50539    
5.24141    
5.22624    
5.25347    
4.98635    
4.53797    
4.52010    
4.27366    
5.45954    
4.75949    
5.92516    
4.55742    
5.00443    
6.47570    
5.74183    
5.51002    
5.00575    
4.76507    
5.47134    
4.72613    
4.29142    
4.73175    
4.99890    
4.74477    
4.09152    
5.25605    
4.31314    
4.51926    
4.03345    
4.57666    
5.45607    
5.26146    
4.28859    
5.97987    
4.78327    
4.52373    
4.48880    
5.22748    
5.71702    
4.30043    
4.05386    
5.48097    
4.99687    
5.73229    
6.69535    
4.48219    
5.00826    
4.76778    
5.02352    
4.75751    
4.99638    
5.74095    
5.48554    
5.21562    
4.71121    
4.78949    
5.48331    
4.76042    
5.71156    
4.53220    
5.50603    
4.75942    
5.46613    
4.75161    
4.76264    
4.99974    
5.48858    
3.80886    
5.95296    
4.57616    
5.46145    
5.02074    
3.54382    
5.95458    
4.77275    
4.73350    
4.96854    
5.49536    
3.55701    
5.24332    
4.74511    
4.26669    
5.50166    
4.78079    
5.49663    
4.75947    
5.00438    
5.02245    
5.48191    
5.50027    
4.51426    
4.08649    
4.99742    
4.77180    
5.24175    
5.21709    
5.49551    
4.49977    
5.97240    
4.99605    
5.48102    
4.76914    
4.52789    
4.78058    
5.48584    
5.05161    
3.57216    
5.27076    
5.46085    
4.76534    
4.29119    
5.70124    
5.70536    
5.23204    
5.00894    
5.70741    
5.97404    
5.04120    
5.21587    
4.76742    
5.95768    
5.50387    
5.25854    
4.27851    
4.73424    
4.27669    
4.73069    
4.46275    
5.71980    
4.51711    
4.51540    
4.74515    
5.98078    
5.49272    
5.26449    
5.22332    
4.53614    
6.43051    
4.77418    
4.74756    
5.00376    
4.55316    
5.69034    
4.77548    
5.45236    
4.75035    
4.73684    
4.97619    
4.29104    
4.29883    
4.75067    
4.54558    
4.52088    
4.28695    
3.75894    
4.75684    
4.78493    
5.04999    
4.27781    
4.54753    
4.77233    
4.99869    
5.73842    
4.49434    
5.20028    
5.95883    
4.76493    
4.54182    
4.96987    
5.48959    
5.44921    
5.45429    
5.01512    
4.30570    
4.52991    
4.77956    
4.52173    
5.22242    
4.25821    
5.48363    
5.70917    
4.52556    
5.51155    
4.55549    
5.24135    
5.25683    
5.25709    
5.01823    
6.21214    
4.53881    
3.76643    
4.99239    
5.70569    
5.20064    
5.68346    
5.22844    
4.76147    
4.55035    
5.01411    
5.02032    
6.14626    
4.98936    
5.47987    
5.47371    
5.01553    
3.84237    
5.27624    
4.79036    
5.01300    
4.74151    
5.72239    
4.78332    
5.06492    
3.56374    
4.77336    
3.81708    
5.96539    
6.62526    
4.27365    
4.99846    
4.75866    
5.21526    
4.99721    
5.44157    
4.24594    
5.27009    
6.43920    
4.53129    
4.29991    
5.53440    
4.78572    
4.73503    
4.53218    
4.49399    
5.24052    
4.30532    
5.01515    
5.24022    
5.25123    
4.74367    
4.49847    
4.78245    
5.25111    
5.25635    
4.29271    
4.51092    
5.00314    
5.20752    
4.30393    
4.29544    
5.49186    
5.98091    
5.96227    
4.75926    
5.46104    
5.25442    
4.27482    
4.99928    
4.28868    
4.78171    
6.22062    
4.75679    
4.78512    
4.51326    
5.23786    
4.96644    
5.23442    
5.01021    
5.21369    
5.68148    
4.74639    
5.22314    
5.47697    
6.17939    
4.55169    
5.26895    
5.24129    
5.00701    
5.01738    
5.02494    
5.23570    
4.55007    
5.01148    
5.26387    
5.24639    
4.95497    
5.71231    
5.47046    
5.25557    
5.01364    
4.51053    
5.26046    
4.31718    
5.03567    
4.53341    
5.01189    
4.25876    
5.68087    
5.72664    
5.50092    
5.47429    
4.79073    
4.76035    
5.48944    
5.01520    
5.46343    
5.02569    
4.53104    
5.00573    
4.50730    
5.00282    
4.30532    
4.82260    
5.21099    
5.01729    
4.74514    
5.26460    
5.69021    
4.76567    
4.77634    
4.04804    
4.73959    
5.47889    
4.50279    
4.75880    
4.03755    
4.25505    
4.50183    
5.49056    
4.98549    
5.26137    
5.00666    
5.03308    
5.94676    
4.53962    
4.76839    
5.73099    
4.80243    
5.00515    
4.75022    
4.50665    
4.23549    
5.47267    
4.99993    
5.24779    
6.64963    
4.52327    
6.70786    
4.51989    
5.00552    
4.50620    
5.74318    
4.76486    
4.53045    
4.78778    
4.76761    
4.98280    
4.75112    
5.00544    
5.70640    
4.77730    
5.22392    
4.74672    
4.99423    
4.55631    
4.73716    
5.02998    
4.75484    
4.79650    
4.30350    
5.50023    
4.74416    
5.02128    
4.52026    
4.53867    
5.74367    
4.75550    
4.76844    
4.75321    
3.99456    
4.78906    
5.23667    
5.27187    
4.52331    
5.22581    
4.76700    
4.98841    
5.51013    
5.73336    
5.02878    
5.24124    
6.21408    
4.57011    
4.28588    
5.72600    
4.50975    
5.23535    
5.48923    
4.27630    
5.72335    
5.70724    
5.20190    
4.78571    
4.50837    
5.19857    
5.22159    
4.51553    
5.44746    
5.23403    
5.25469    
4.06496    
4.76108    
4.51862    
4.49671    
5.95895    
4.79741    
6.68618    
4.27792    
5.19470    
5.50601    
4.99246    
4.77359    
4.51814    
5.75330    
5.23041    
5.22908    
5.29009    
5.24233    
5.23273    
5.26307    
4.76656    
4.51819    
5.47953    
5.02816    
5.96187    
5.02113    
4.30816    
4.97433    
4.97910    
3.57906    
5.00960    
5.23172    
4.96907    
5.97536    
4.99049    
5.23499    
4.78294    
5.50594    
4.75773    
4.50357    
5.00180    
5.02142    
4.27172    
4.70544    
4.75484    
5.48349    
5.45924    
5.23166    
4.28416    
4.03188    
4.99988    
4.53947    
4.78511    
5.52994    
4.47579    
5.21432    
4.27643    
4.28912    
4.76918    
4.76177    
5.75619    
4.52958    
5.01692    
4.99950    
5.44829    
5.95506    
5.49090    
4.97235    
4.52853    
5.01025    
5.25978    
5.03823    
5.24737    
5.26915    
4.99670    
5.00963    
5.03432    
5.49230    
5.26919    
4.74357    
4.04892    
5.69324    
5.75497    
4.99279    
4.55812    
5.95559    
5.72826    
4.77159    
5.97716    
4.30037    
5.96442    
4.77352    
5.01971    
4.28384    
4.26607    
4.73381    
5.24628    
4.51250    
5.21997    
5.01029    
4.81280    
5.01923    
5.50302    
5.19671    
6.24957    
5.02410    
4.76294    
5.02374    
4.50359    
5.23883    
6.20445    
4.55847    
5.25362    
6.44358    
4.51078    
5.00928    
5.23074    
4.77059    
5.24434    
5.03617    
4.98559    
4.75587    
5.48487    
5.23332    
5.00306    
4.55152    
5.01741    
4.50624    
3.79971    
4.55208    
4.51783    
6.69660    
4.53030    
5.52375    
5.00380    
4.79607    
5.97696    
5.28007    
4.53262    
4.76909    
4.75348    
5.24571    
4.78965    
5.74159    
4.80198    
4.73371    
4.57190    
4.75738    
5.23493    
5.94107    
5.48206    
4.53221    
5.96398    
5.50506    
5.00535    
4.76352    
4.49322    
5.48744    
4.05398    
4.74521    
5.71782    
5.25051    
5.23539    
5.69985    
4.74851    
4.57108    
3.59039    
4.03855    
4.77272    
5.24255    
4.79812    
4.04099    
4.77254    
4.29371    
5.23741    
5.73346    
4.75739    
5.23918    
4.72651    
4.29104    
6.70082    
4.80172    
3.34388    
4.74692    
4.02507    
4.99911    
5.04387    
4.49973    
5.21921    
4.06243    
4.56169    
4.27766    
6.46210    
4.28876    
4.76033    
5.00690    
5.21781    
4.52215    
4.51318    
4.23174    
4.03809    
4.98295    
5.49555    
5.70093    
4.27640    
4.51675    
4.99325    
5.00613    
4.50948    
6.00378    
5.01396    
5.48647    
4.78048    
4.99178    
4.98384    
4.98349    
5.98650    
5.95547    
5.04046    
5.01267    
5.72430    
5.46866    
5.50324    
5.95566    
4.51007    
5.01171    
5.00518    
6.48453    
5.01054    
4.99594    
5.00111    
4.54630    
4.27755    
4.78761    
6.21489    
5.26971    
4.55215    
5.45964    
5.71656    
5.48677    
4.52439    
5.94068    
4.01246    
4.76268    
5.21039    
3.81674    
5.71245    
5.21254    
5.71941    
4.05203    
4.98810    
5.73309    
4.76412    
4.53330    
4.50055    
5.23639    
4.52105    
5.73514    
5.02003    
4.99179    
4.52272    
5.75151    
5.96520    
5.45264    
5.22608    
4.55096    
5.01444    
4.76153    
6.20573    
5.20753    
4.97122    
5.27848    
5.96861    
5.27097    
4.01448    
5.48276    
5.52522    
5.26766    
5.01964    
5.01459    
4.77713    
4.98743    
5.21483    
5.21588    
5.25148    
4.99523    
4.76925    
5.24327    
5.45933    
5.51956    
5.45478    
4.99088    
5.26804    
4.98758    
5.02830    
4.32081    
5.03968    
4.96216    
4.99652    
4.78650    
6.66553    
5.48127    
4.77533    
4.74227    
5.25702    
5.01617    
5.96036    
6.17515    
4.76893    
4.98268    
5.02077    
5.27220    
3.80620    
5.73027    
5.49888    
4.53863    
5.94896    
4.81459    
4.32339    
4.98998    
5.69610    
4.52768    
4.97256    
4.51440    
4.50814    
5.26853    
5.51645    
4.96808    
5.25809    
5.50581    
5.02577    
4.49439    
4.99791    
5.46079    
5.53668    
4.24807    
3.78430    
4.28628    
4.28342    
5.24648    
5.45652    
4.05850    
5.27487    
3.31238    
5.01092    
4.04643    
4.50824    
4.07868    
5.71956    
4.75546    
4.77220    
5.47292    
5.48676    
5.23619    
4.76170    
5.04305    
5.03430    
4.75793    
4.28820    
5.25036    
4.76036    
5.70775    
5.99635    
5.26956    
4.75064    
4.98777    
5.45727    
4.78073    
4.73153    
4.75709    
5.00577    
5.71477    
5.27748    
4.52127    
5.25536    
4.73656    
5.48690    
5.19129    
4.79544    
5.21442    
5.44260    
5.73607    
5.45397    
5.70699    
4.71536    
4.76366    
5.02120    
4.78535    
5.25110    
5.45693    
4.77371    
4.72575    
4.31012    
5.70947    
4.53602    
5.49298    
4.51515    
4.77182    
4.50396    
5.23562    
4.74406    
5.74013    
4.74214    
5.23917    
4.52532    
5.03838    
4.23141    
5.24173    
4.75775    
5.26751    
5.47797    
5.23576    
5.01672    
4.51906    
4.99605    
5.22922    
4.29774    
5.00286    
6.21399    
4.99052    
5.25224    
4.48873    
5.95710    
4.99873    
5.25967    
5.00593    
4.52773    
5.01849    
5.71081    
4.98223    
4.96849    
5.51021    
5.45296    
5.50567    
4.75220    
5.00758    
5.49588    
4.78325    
5.25031    
3.77886    
5.00408    
4.75910    
4.80140    
5.00730    
5.25676    
5.49284    
5.68539    
5.24267    
4.73470    
5.24442    
4.28549    
5.24488    
5.01708    
5.24107    
4.99985    
4.77589    
5.21617    
4.50410    
5.49577    
5.48218    
4.03979    
5.00326    
4.76218    
5.21422    
4.50087    
4.77634    
4.99547    
5.94153    
5.50994    
5.24585    
4.03550    
5.24035    
4.28160    
5.00883    
5.02441    
5.00099    
5.50213    
5.20324    
5.00228    
4.53001    
5.47282    
5.24416    
5.48466    
4.78350    
4.75673    
4.51137    
5.19063    
5.26329    
5.21888    
4.55259    
4.74563    
5.20368    
4.53978    
5.26386    
4.04307    
5.23648    
3.80049    
5.28038    
4.50722    
5.25234    
5.94772    
5.48846    
4.99680    
6.01300    
5.71956    
5.04150    
3.77036    
4.52600    
5.00507    
4.74964    
5.24516    
4.99824    
5.23640    
5.71884    
5.51690    
5.25988    
5.69436    
5.96480    
4.75843    
5.49861    
5.46847    
4.49339    
5.46294    
4.07340    
5.49167    
5.26986    
5.96797    
5.22544    
5.45641    
4.27514    
5.93297    
5.24900    
5.24534    
5.95956    
4.05616    
5.23599    
4.28125    
5.50460    
5.23884    
4.99482    
5.95983    
4.74565    
5.46258    
4.33460    
4.31475    
4.78449    
5.96047    
6.20522    
5.23703    
5.22232    
5.25110    
4.97487    
5.46546    
4.54451    
4.31167    
5.47902    
4.51783    
6.45640    
4.78518    
4.30122    
4.97236    
4.47103    
5.25087    
4.78287    
5.72827    
4.05669    
4.53796    
4.27556    
5.72393    
4.28654    
4.73784    
6.25033    
5.73352    
5.23711    
5.68344    
5.71502    
5.23915    
5.20782    
4.79267    
5.24055    
4.05389    
5.68935    
4.52077    
3.78309    
5.22130    
4.75461    
5.73091    
5.49718    
5.73053    
4.76664    
4.72715    
4.06256    
5.25390    
4.80021    
5.48951    
4.99237    
4.54710    
3.30770    
4.99314    
4.78086    
4.97868    
4.55356    
5.28842    
4.97988    
5.24480    
5.48451    
4.74342    
5.23629    
4.77393    
4.99873    
5.48651    
4.99344    
5.00929    
4.49632    
5.95325    
4.78337    
4.99740    
4.54790    
5.49567    
5.71224    
5.70975    
4.75380    
4.04177    
6.23006    
5.47137    
5.23834    
4.04788    
5.47051    
4.77049    
4.77491    
4.30736    
5.95343    
5.03666    
4.99624    
4.27846    
4.52612    
5.72996    
4.95593    
4.97702    
4.73048    
5.95016    
5.70284    
5.25627    
