1.94102    
-0.82342    
-2.41108    
0.39607    
-0.07101    
1.84695    
-0.36651    
-1.46904    
0.03429    
0.50913    
1.99351    
1.85183    
0.93445    
2.57956    
0.12023    
0.91140    
1.88410    
0.94676    
-0.91056    
0.94165    
0.97616    
-0.99337    
0.89955    
1.04279    
1.38371    
-0.12335    
0.00173    
1.42459    
0.98615    
0.01035    
1.97415    
-0.96386    
2.44374    
0.83996    
0.44321    
0.03292    
-2.87068    
1.37053    
-1.02395    
-0.02938    
-0.44952    
1.96721    
2.34205    
0.97631    
0.45694    
-1.05707    
0.97875    
1.38826    
1.33758    
1.07180    
-2.96088    
1.02779    
1.45980    
2.48812    
-0.00637    
1.38522    
1.82543    
0.81085    
0.99068    
0.48549    
0.93219    
0.46974    
-0.56306    
0.37817    
-2.28665    
1.90558    
-1.88119    
0.05047    
0.07454    
0.07273    
-1.44303    
1.99481    
-0.97249    
1.49063    
1.10660    
0.92797    
2.37442    
0.00803    
-1.42852    
-2.36848    
-2.35963    
-0.93670    
2.87516    
2.03332    
2.01166    
0.78135    
1.95782    
-1.82673    
-0.95520    
-1.47304    
-0.99664    
0.11893    
0.48966    
1.83370    
-0.01705    
-0.08192    
-0.39686    
-0.08946    
-1.04270    
0.92605    
-1.86859    
1.47799    
1.86972    
1.02034    
-0.03355    
1.85808    
1.04974    
0.47714    
0.06012    
-0.08327    
1.93897    
-1.11325    
0.77894    
1.89933    
1.01742    
-1.92047    
2.00168    
0.03436    
0.92866    
0.04020    
-0.84108    
-0.93784    
-0.90927    
0.88194    
-1.84730    
-0.07061    
-2.86693    
0.87249    
-1.46820    
-1.87651    
-0.95721    
2.40173    
-0.44718    
0.96760    
0.42202    
-0.95387    
1.42918    
1.01538    
1.02418    
0.03077    
1.93868    
0.56834    
0.97282    
0.51965    
-1.91484    
1.40230    
0.54670    
-0.99225    
1.40133    
-0.88108    
1.12836    
-1.92811    
-0.81527    
-1.85505    
1.97423    
-0.08452    
-0.95564    
-0.45376    
1.01797    
1.98082    
1.89306    
-0.46639    
-0.50977    
-0.12060    
0.79020    
-0.02681    
-2.43761    
2.00346    
0.37833    
1.94235    
-0.91730    
1.70784    
-0.56715    
0.11094    
2.00297    
0.97100    
0.96034    
-0.99991    
-1.46236    
-0.07272    
1.94931    
1.97890    
-0.39539    
0.88922    
0.42253    
0.04158    
-0.92996    
-0.88820    
1.58119    
-0.06856    
0.17488    
1.47518    
-0.00952    
-0.43988    
-0.02797    
2.88172    
0.01388    
-0.85637    
1.89335    
-0.52654    
-1.04106    
0.97175    
1.01970    
0.92325    
-0.44707    
-0.92972    
1.02492    
0.35081    
-0.02786    
-0.89734    
1.00941    
-0.03773    
1.00078    
2.03111    
-0.99094    
-2.30194    
-0.87207    
-0.55823    
-0.46163    
-1.04687    
0.00475    
1.37525    
1.85736    
-1.01004    
0.95378    
2.42048    
-2.32785    
0.02957    
-0.80638    
2.36685    
-0.04064    
-1.32395    
0.99601    
0.97049    
0.44423    
-0.86452    
1.00639    
-1.39721    
2.35496    
0.97288    
1.84557    
-1.41108    
1.49482    
3.27463    
-1.86093    
-2.27952    
3.02669    
0.96774    
-1.91056    
-0.08027    
-1.94571    
1.03263    
0.87513    
-0.04877    
-1.89403    
-0.98043    
0.92354    
0.91251    
-0.41669    
-2.99795    
0.37395    
-0.89962    
1.84724    
-0.02874    
1.39430    
0.86036    
0.52452    
0.02835    
1.81706    
0.94716    
0.92711    
1.48721    
-1.41454    
-1.85644    
0.43372    
-1.88467    
-1.86674    
0.93134    
-1.38927    
-0.91910    
-0.92454    
0.95781    
-0.01339    
0.03782    
-2.04318    
-0.06617    
-0.03933    
0.01995    
1.46810    
0.86377    
1.00766    
-0.01067    
0.34653    
-0.59797    
-1.02584    
0.55520    
1.99227    
0.07238    
-0.93018    
-0.54244    
-1.01464    
1.47141    
0.96580    
-0.95368    
0.90369    
-2.76553    
0.99281    
0.44481    
-1.87872    
-1.86287    
0.04796    
1.02052    
-0.47085    
-2.47239    
-0.09868    
0.46773    
-0.56783    
0.94886    
0.03483    
-1.94387    
0.48453    
-1.82409    
1.91505    
-1.81081    
0.04746    
-2.77469    
1.39063    
-0.97457    
-0.49721    
-0.90881    
1.96909    
-2.81057    
1.00584    
0.35572    
-1.93646    
0.02750    
0.87043    
-1.89679    
1.36594    
1.37432    
-1.92019    
-0.11312    
2.05887    
0.95490    
0.07653    
1.01423    
-0.84905    
-0.94625    
0.53748    
0.46482    
1.01688    
1.97419    
1.92800    
0.04050    
-1.00229    
0.02780    
0.93089    
0.93320    
-1.39621    
1.79502    
1.02648    
1.87285    
1.34593    
-0.10391    
0.52771    
-0.99677    
1.52630    
-1.05516    
0.34052    
-1.97603    
0.03157    
-1.40612    
-0.05061    
-0.02444    
0.03488    
-1.79295    
0.05284    
0.99990    
-1.98913    
0.91484    
-0.92592    
-0.05535    
0.92130    
-0.07546    
-0.54664    
0.93192    
-0.55485    
-0.01368    
-1.00592    
-0.99068    
-0.94468    
1.34318    
-1.91513    
1.02443    
-1.06655    
1.00157    
1.35082    
-0.06943    
1.07974    
-0.77887    
1.04310    
0.91570    
-2.79170    
-1.07957    
-0.92333    
1.87645    
0.40956    
1.41030    
-0.05923    
0.05592    
-2.40155    
0.94922    
-0.95465    
-0.40331    
-0.58102    
1.52760    
-1.67247    
-0.01512    
-2.47407    
-0.51330    
0.04815    
2.85722    
0.85066    
1.46721    
-0.09444    
1.00992    
-0.10005    
-0.00028    
0.91985    
-0.02752    
0.48927    
-2.00271    
0.45218    
-0.05639    
1.91949    
1.58191    
-0.91968    
-0.12166    
0.08140    
0.05049    
1.06009    
1.45032    
1.39164    
-0.00961    
0.93579    
1.10962    
-0.15383    
2.88715    
-1.97507    
-0.03137    
1.02581    
1.50481    
-2.27120    
1.88179    
0.09314    
0.45991    
0.92229    
0.58638    
0.09759    
-0.88164    
-2.92990    
-0.03951    
-0.99561    
1.92578    
1.33638    
1.87044    
0.91980    
-1.05772    
-0.93689    
0.05458    
1.85009    
-0.98418    
2.42364    
-1.02697    
-1.03036    
-1.51568    
0.98982    
-0.07063    
0.84187    
1.45002    
3.72772    
0.42930    
-0.40593    
-2.84047    
0.48378    
0.00488    
1.43765    
0.51152    
0.83714    
-0.04291    
0.00213    
2.82805    
-1.42966    
-0.96365    
-0.64780    
-3.30597    
2.85000    
0.96062    
0.95985    
0.53599    
0.97078    
1.87714    
0.57582    
-1.85815    
-0.37684    
-2.87108    
0.95549    
1.78711    
-0.95526    
1.07225    
-0.97300    
-2.79325    
0.95616    
0.47880    
1.35874    
1.90313    
-0.94928    
0.44285    
-1.83995    
-0.86023    
-1.49509    
1.98054    
1.78155    
-0.04844    
2.87056    
-1.51976    
-2.91602    
-1.04845    
-2.72316    
0.02580    
2.72662    
0.98294    
0.44084    
-2.35436    
0.48801    
-2.94679    
-0.02571    
-0.04678    
-0.98990    
-0.13949    
0.90492    
-1.85575    
0.99492    
0.00411    
0.00134    
2.78750    
1.82052    
1.93177    
0.49286    
0.91095    
0.89414    
-0.54863    
0.11147    
-0.53337    
1.47527    
0.01847    
0.84214    
-0.01346    
2.29842    
-3.30286    
0.95748    
0.98726    
1.77027    
2.34107    
0.45969    
1.86671    
-1.94999    
-3.32413    
1.89993    
0.95528    
0.12069    
-0.85440    
-0.94344    
1.81393    
-1.01004    
-0.48104    
-0.55994    
-1.03814    
-0.90035    
-0.48615    
-1.98091    
0.94350    
2.45043    
1.92266    
0.97637    
-1.86307    
0.85040    
-2.39956    
-0.05542    
0.95847    
2.54007    
0.99749    
0.01486    
0.09775    
-1.83485    
-0.92725    
-1.39010    
1.85764    
0.50034    
1.94560    
0.87243    
0.01502    
2.04986    
-0.08539    
0.12772    
-1.85579    
-2.01024    
0.91274    
0.11177    
0.84475    
0.03259    
-0.05871    
-2.40088    
2.40296    
1.96041    
0.90508    
1.48526    
2.37327    
-0.88801    
0.98741    
0.06343    
-4.76753    
0.99736    
0.07609    
-0.93317    
0.93097    
-0.49248    
4.27487    
0.90659    
-0.02530    
2.86714    
-0.99623    
-2.83307    
-1.51447    
-1.03011    
-1.34964    
0.08053    
1.11279    
0.97815    
2.19700    
-0.84911    
2.44096    
2.36564    
1.96076    
1.89258    
-1.06735    
-0.92666    
1.43282    
-2.04199    
0.45871    
2.40197    
-1.94895    
0.10962    
1.03192    
-1.05039    
0.93131    
-0.08061    
-0.41722    
0.04099    
-2.79412    
2.02277    
1.95349    
0.97766    
0.52092    
-2.45400    
-1.36517    
-0.11035    
-1.04922    
-1.93334    
1.87375    
-0.05558    
0.47180    
-0.43236    
1.95511    
1.97780    
1.80502    
0.88390    
2.89646    
-0.42144    
0.95961    
-0.95722    
-1.98008    
-1.49820    
3.32943    
1.05521    
0.44387    
-1.01755    
0.87937    
0.97569    
1.46647    
1.02202    
0.02811    
1.87989    
0.50657    
-0.93292    
1.01909    
1.35458    
0.33148    
-0.89685    
1.03268    
-1.89719    
0.41834    
1.97408    
0.05494    
1.31553    
0.06385    
0.94626    
-0.03667    
1.81548    
0.49489    
1.42503    
0.96222    
-1.72107    
2.34356    
-0.88531    
-1.03123    
0.08434    
0.78396    
-2.83442    
-2.41852    
3.84333    
2.40339    
-0.05102    
2.97088    
-0.44589    
1.86130    
0.04293    
-0.12115    
-2.77966    
-0.07428    
-0.97081    
-0.09182    
0.44759    
-0.95442    
1.49541    
-0.93867    
2.70724    
-0.05252    
-0.01090    
4.33314    
0.10206    
2.43425    
-4.74646    
-1.39991    
0.04987    
1.02887    
0.50589    
-0.96032    
0.42798    
-0.97469    
0.95798    
0.90151    
-0.48519    
-0.98149    
-1.94034    
1.41890    
-2.87025    
-0.07880    
0.02989    
1.98067    
0.74393    
-1.39606    
0.07967    
1.83746    
-1.89372    
-1.52433    
-0.43278    
-0.01784    
-1.84344    
0.95027    
0.45084    
1.90195    
0.08029    
0.04696    
-0.52972    
1.54003    
-1.03200    
0.50544    
2.82142    
-0.37818    
0.36598    
1.44116    
1.86420    
0.85564    
0.94360    
0.92284    
1.44547    
-0.01598    
3.76950    
0.05003    
-2.92120    
-0.91535    
-0.07525    
0.09602    
0.02624    
0.85338    
-0.47954    
1.47051    
0.00268    
0.01351    
2.32574    
0.88821    
0.99099    
-0.58909    
-0.13986    
-0.00460    
-0.08773    
-0.53873    
-1.78750    
0.93669    
1.96252    
0.45418    
0.49891    
1.87191    
0.45212    
0.03356    
0.03062    
-0.42192    
2.95756    
-0.92979    
1.08157    
0.89917    
-0.00061    
0.96574    
1.93618    
-1.32046    
1.02798    
0.85614    
-0.04827    
-1.88955    
1.40568    
2.76652    
-1.06266    
-0.00169    
1.01776    
-0.95485    
-0.99266    
1.91885    
0.83990    
-1.51379    
-0.89682    
-0.02271    
2.80396    
-0.89211    
-0.85425    
3.80643    
0.44575    
2.46700    
-0.38683    
2.81624    
0.43665    
0.06263    
-0.90490    
0.94748    
0.52929    
-0.89827    
0.04970    
2.95280    
-1.84156    
3.89720    
0.51605    
0.81577    
1.47306    
1.06987    
1.45185    
1.85186    
0.92155    
0.87962    
-0.94315    
-1.31933    
-0.00166    
-1.82149    
-1.36479    
2.01460    
-4.33878    
-0.36289    
0.98184    
-0.85780    
-1.89614    
-1.90099    
1.93377    
-2.31142    
1.08937    
1.92690    
2.41370    
-0.08117    
0.53777    
-0.03860    
-0.89339    
1.97030    
1.89848    
-1.55461    
0.95933    
1.98745    
0.97745    
-4.21838    
0.40586    
-2.92861    
0.99823    
0.02255    
-1.37066    
0.89005    
2.89777    
-0.38147    
-0.93240    
-0.12007    
1.40562    
-1.52473    
0.02239    
-2.76480    
2.77960    
2.95847    
-2.85819    
-1.52357    
0.36062    
-0.91974    
-2.41094    
0.88129    
0.82352    
-1.01888    
0.07231    
-0.89508    
-0.81102    
0.99204    
0.92554    
-0.93893    
-1.01793    
2.32215    
-0.91641    
-1.88879    
1.00903    
-2.37052    
-0.86809    
-1.06148    
0.49155    
-3.40664    
1.95660    
-1.38505    
0.03656    
0.59572    
-1.60663    
0.88825    
-0.52374    
-0.13750    
0.00478    
-0.93625    
1.94345    
0.86661    
-2.39587    
2.56328    
1.89506    
-2.92293    
0.89324    
-2.81789    
2.85625    
-0.45511    
2.49474    
-0.51959    
-0.97246    
-0.89077    
-2.99523    
0.88709    
1.91210    
-0.04815    
-1.90067    
0.09852    
0.07341    
-0.02123    
0.92780    
0.48850    
-0.96431    
0.95990    
-1.96542    
1.44364    
0.02230    
0.09972    
0.05783    
0.04941    
1.90527    
1.94201    
0.03497    
0.56927    
1.87804    
-1.88831    
0.96260    
-1.88893    
1.39882    
1.98505    
-1.87584    
1.01088    
1.01204    
0.95817    
0.91393    
-0.52050    
0.95529    
1.89557    
-0.47467    
1.03602    
-1.81792    
-1.79683    
-0.03761    
-0.05333    
0.46625    
0.87162    
1.10130    
0.50274    
1.52076    
2.38129    
-0.49551    
1.00609    
-0.51058    
0.01614    
0.82607    
-0.41938    
0.93581    
-4.25286    
-0.06632    
-0.07247    
-0.89661    
1.96250    
-2.38363    
-2.75368    
-0.85628    
2.51150    
-0.92964    
0.05493    
0.93960    
3.32454    
-1.93382    
0.88199    
-0.15437    
-0.09747    
0.98193    
1.78808    
1.00583    
0.47200    
-1.37162    
-0.06097    
1.12963    
-0.00830    
0.94928    
-0.06856    
-0.11687    
0.01801    
-0.91474    
-2.79252    
0.92115    
-1.52656    
-0.97789    
0.86135    
0.02295    
-0.93183    
-1.87906    
0.05269    
0.42483    
-0.53741    
0.83569    
2.25338    
1.42159    
2.06007    
2.73422    
-1.89020    
0.05405    
0.46958    
1.95191    
1.05702    
0.52341    
0.92148    
0.88169    
-1.95574    
-0.94881    
-0.87243    
0.05803    
-1.92370    
0.81889    
0.96313    
1.98694    
-0.96398    
1.83929    
-1.89227    
-0.96307    
-3.29505    
-1.93647    
1.92743    
0.93345    
1.97610    
-2.93353    
0.37090    
-1.44359    
-0.96264    
-0.10510    
-0.88942    
-0.00300    
-1.44077    
-0.52691    
-0.46526    
0.51282    
0.98381    
-2.41471    
2.34772    
-1.47908    
-1.96390    
-0.20632    
1.00874    
-1.45912    
-0.94932    
-1.93518    
0.01084    
1.03660    
-2.38828    
1.46708    
0.50926    
3.27514    
1.99756    
-0.48224    
0.95059    
1.99130    
0.95570    
-1.84977    
-2.42696    
-0.09276    
-0.91801    
2.95059    
0.88726    
-0.48105    
-2.80069    
0.84654    
-1.00905    
1.82252    
1.11081    
-1.87866    
-0.03419    
1.78260    
1.05475    
-0.87856    
0.36893    
-1.84984    
2.84750    
2.79705    
-2.80356    
1.81245    
2.95038    
1.00451    
0.87843    
0.48970    
-1.35108    
-1.83520    
0.97738    
0.04113    
0.89124    
-0.97714    
-2.36647    
0.42204    
0.93096    
-2.33779    
-1.87194    
0.02040    
0.91398    
1.90479    
1.95301    
-0.88383    
1.40393    
0.90070    
0.97153    
0.99774    
1.47996    
-1.36357    
-0.42573    
0.01078    
0.45360    
-0.95058    
2.93598    
-0.51417    
0.08576    
3.32402    
-0.87300    
-1.42850    
2.33444    
1.03184    
0.92928    
0.98412    
0.83790    
0.02090    
0.77103    
1.99315    
1.95936    
0.06405    
0.11608    
-1.07892    
0.00100    
-4.31743    
1.42218    
0.55803    
0.89433    
-0.03636    
1.92879    
1.92104    
0.87553    
2.44320    
-0.92832    
-0.99695    
-0.10254    
-0.98244    
-2.81862    
-1.95325    
1.89771    
-1.85064    
-2.39371    
-0.89073    
-0.54444    
1.48659    
-2.82145    
-0.09479    
0.00796    
-1.40192    
-2.85266    
-1.89897    
0.45645    
0.62843    
0.96384    
-0.98216    
0.81356    
-1.00789    
-1.03484    
-0.06785    
1.49530    
2.01095    
1.03117    
1.34671    
0.47001    
-0.94016    
-1.38193    
1.00948    
-0.95683    
1.47382    
2.92491    
0.02107    
1.91770    
-1.85397    
-2.91979    
-0.05956    
1.46478    
-0.04124    
0.50086    
0.05146    
-3.78922    
-1.76602    
0.87738    
-1.05244    
0.93195    
0.46654    
0.98762    
-2.47724    
2.42055    
-1.88278    
1.42588    
-0.05840    
0.13573    
-4.85924    
-0.82661    
0.88769    
-1.45809    
-2.46571    
1.02137    
0.94518    
0.53138    
-0.09838    
-0.91736    
-1.80534    
-1.48891    
-1.86650    
-0.87464    
0.02314    
-3.34785    
2.82931    
0.00797    
1.47803    
-0.91871    
0.98855    
0.04015    
0.97320    
0.99278    
-2.44571    
2.43577    
-0.49346    
-1.91900    
1.39942    
0.00233    
1.01855    
-1.40037    
1.35409    
-0.00405    
-0.52656    
0.46086    
-1.08418    
-0.96613    
0.02425    
0.43046    
-2.95305    
-0.86752    
-0.36741    
-2.81493    
-0.06230    
-0.00281    
2.42030    
0.00402    
0.90579    
-1.89982    
-1.48579    
0.97478    
1.41216    
-0.99183    
1.92331    
2.84672    
0.80551    
-0.98391    
1.42374    
-0.10270    
1.02641    
0.07736    
1.92109    
0.03823    
1.86957    
2.40339    
-0.99585    
1.49618    
0.88758    
-0.92370    
0.95206    
-0.01710    
-0.56080    
0.02119    
-0.08020    
0.92595    
-1.83992    
-0.37559    
1.89413    
1.86346    
0.05352    
-1.05795    
0.94327    
2.41164    
-1.32147    
-1.06307    
-0.99621    
1.86035    
0.44174    
3.01697    
-0.08835    
-0.97674    
1.90481    
-2.85694    
-1.39835    
-2.40792    
-2.28083    
0.08449    
1.35650    
1.84996    
-0.94285    
0.03127    
1.02868    
2.94607    
1.34914    
0.36825    
-1.84822    
-0.94396    
0.45796    
0.38608    
-3.30744    
-0.08995    
-2.46217    
1.48437    
1.05936    
0.43339    
0.90276    
-0.96042    
-1.07470    
1.36080    
-0.90980    
3.31410    
0.99188    
1.32161    
-1.03743    
-1.45843    
1.93406    
-0.99911    
-3.23148    
-0.37913    
0.13270    
1.01395    
-0.92512    
-0.47056    
-0.04932    
1.77402    
-0.57947    
2.06361    
1.90547    
0.48571    
1.37181    
0.67428    
1.42427    
1.00943    
0.36943    
0.96520    
-0.02525    
0.02823    
-0.06372    
-0.94362    
-1.06127    
-4.77321    
0.97740    
-0.06260    
-1.04604    
0.93010    
2.44531    
0.03422    
-2.92675    
-1.86647    
-0.95203    
-0.02816    
0.05595    
-1.05863    
-0.00998    
1.04296    
1.39942    
-0.46412    
-1.45713    
2.90540    
-0.02043    
0.03207    
0.14680    
-1.93037    
0.43392    
-1.33392    
2.00022    
0.03815    
-0.08212    
0.50667    
-0.93594    
-0.36625    
0.48080    
1.55717    
1.00028    
-1.96344    
0.00972    
-0.08066    
2.90071    
1.37878    
-0.91709    
0.93832    
-0.46819    
2.86639    
0.50613    
1.43052    
-0.06214    
-2.02068    
-0.95924    
-0.01684    
1.06171    
0.42231    
0.87909    
1.97571    
1.34497    
1.34484    
1.99411    
0.87026    
-0.38720    
-1.44541    
-0.06760    
0.91409    
2.82760    
-0.96969    
-1.95084    
1.02994    
1.80770    
-0.93983    
-1.39306    
2.91467    
1.44529    
-0.87079    
1.49219    
-0.06525    
-0.92456    
0.95571    
1.91587    
0.05371    
0.07243    
0.36521    
1.00080    
1.00131    
0.34333    
1.85305    
0.85891    
-1.04307    
-0.88165    
1.45059    
-0.43419    
0.88567    
2.82424    
1.97798    
1.89815    
-0.92535    
-0.02793    
-0.87117    
1.63481    
2.02820    
0.77341    
0.90479    
0.26371    
-1.55252    
0.90315    
1.33544    
-0.04574    
0.79126    
-1.00010    
0.11048    
1.92957    
0.03991    
2.00273    
0.94237    
0.43915    
-0.05805    
0.01945    
0.95279    
0.44220    
-0.49305    
-0.05187    
0.03478    
0.89988    
1.40413    
-0.45079    
1.96195    
-0.04548    
-0.46053    
-1.95236    
-0.34152    
-1.85299    
1.96529    
1.00841    
1.46231    
-0.49857    
-0.48993    
-0.96768    
-0.89703    
0.94049    
-0.51343    
0.48142    
-2.71597    
-0.00307    
0.50699    
-0.07456    
-0.91325    
-0.97974    
-1.48796    
-1.97060    
1.50704    
0.89709    
-0.11733    
-0.92669    
-2.86409    
0.95023    
0.94000    
0.90160    
0.58826    
0.94041    
-0.98997    
-1.89628    
2.46734    
0.47564    
-1.26586    
1.54231    
-1.80069    
1.90835    
-0.92314    
1.93150    
-0.09989    
0.98754    
-0.09350    
1.44368    
1.00116    
1.86427    
1.89901    
-0.91642    
0.84891    
2.80984    
0.47773    
0.00235    
0.05582    
1.46633    
0.80897    
-0.87308    
1.38129    
2.45718    
-1.92075    
-2.45908    
1.07174    
0.37040    
0.90069    
-0.04285    
0.87622    
1.99162    
-0.40403    
-0.05920    
-1.00941    
0.54756    
0.84360    
-0.79686    
1.85591    
1.94240    
-2.44950    
1.88454    
0.42764    
-0.03249    
3.77401    
1.30263    
0.99535    
-0.50373    
-0.56802    
0.12562    
2.33435    
1.02096    
1.40959    
-2.34185    
-2.88193    
-1.89362    
1.01215    
-0.94068    
-3.24534    
1.01779    
1.86523    
-0.89406    
0.46676    
0.00958    
-2.31436    
-0.05556    
2.94336    
-0.87967    
1.41082    
-1.94895    
-0.86770    
-0.96536    
1.08294    
0.00301    
1.34580    
1.05492    
0.00597    
-1.41886    
-2.01960    
2.83705    
-2.83586    
2.84387    
1.47512    
0.84769    
1.00193    
1.89589    
0.35067    
1.43560    
-0.42979    
2.30619    
1.81981    
1.04941    
-0.95334    
0.41459    
0.51935    
-2.73798    
1.44369    
2.90023    
-0.07621    
0.01908    
0.97257    
-1.00756    
0.95186    
-0.01569    
0.99707    
-0.38949    
0.96100    
-0.04541    
0.91692    
1.86473    
1.47362    
2.46540    
-0.93712    
1.01118    
-0.07239    
0.45431    
1.94266    
0.97528    
-1.04569    
2.89201    
0.04612    
0.51598    
1.46204    
-0.02745    
0.89577    
0.19746    
2.36775    
-0.99317    
-0.95192    
0.95780    
0.10511    
-0.89798    
-1.88641    
-2.80272    
-0.39615    
-1.92484    
2.83320    
1.46855    
1.01015    
-0.87694    
0.50495    
-0.06796    
-1.46362    
0.50250    
1.38872    
0.92291    
-0.10798    
-0.84784    
-0.95181    
2.35760    
1.34568    
-1.48660    
0.93693    
-0.10127    
-0.10368    
-1.91026    
0.08914    
0.55353    
-0.99368    
-0.97366    
1.32596    
1.86332    
0.05891    
0.40448    
1.91744    
-0.89514    
0.98580    
-0.99341    
-0.45662    
0.45196    
1.03559    
1.50735    
2.27733    
0.50288    
0.46117    
0.92900    
0.00504    
-0.02196    
2.45239    
0.48587    
1.93025    
-0.01644    
1.40461    
-0.95264    
2.85508    
1.93484    
-0.03818    
0.97015    
1.88026    
-1.43339    
1.47316    
-0.99365    
0.09937    
-1.63315    
-2.34448    
-1.02630    
-0.77749    
-2.35354    
-1.92036    
0.03796    
-1.80769    
1.96277    
-0.00625    
1.08978    
-0.47463    
0.12774    
-2.48496    
-0.85529    
1.93949    
0.06598    
0.01144    
-1.36182    
-0.06677    
-1.47645    
1.47277    
0.97388    
2.86561    
1.98379    
-0.98207    
0.91903    
-0.92424    
1.40725    
0.04462    
0.92671    
-0.07501    
-0.00094    
1.91328    
0.41079    
0.09360    
0.90381    
-0.82398    
0.94675    
2.02842    
0.86134    
2.36548    
1.02299    
0.00049    
0.46913    
-0.03411    
0.47545    
-1.97781    
-0.81779    
-3.81293    
0.48216    
-0.53666    
-1.02130    
0.45630    
0.91846    
-3.83058    
-1.83845    
2.02151    
1.00377    
-0.53800    
2.99355    
2.46314    
0.09739    
-1.07244    
-0.81741    
1.42897    
-0.03895    
0.92809    
-0.54177    
0.08866    
0.57779    
0.45943    
2.36674    
1.88744    
-0.07774    
1.44106    
0.92784    
-2.08732    
1.03057    
-1.96047    
-1.45173    
-1.91577    
0.96678    
0.48276    
0.13726    
-0.89390    
-0.01273    
0.44817    
1.01420    
-1.00861    
-1.85781    
-0.58565    
-0.07182    
0.93792    
1.83968    
0.93380    
-1.91698    
-1.89071    
3.47947    
-0.51251    
0.98195    
1.82951    
-3.43992    
-0.96159    
-1.42625    
-0.04633    
-0.92924    
0.98559    
-0.96528    
2.39381    
-0.38837    
2.87338    
0.06725    
0.97906    
1.88444    
1.53565    
-0.51023    
-0.92444    
0.95296    
2.91537    
1.39606    
2.03363    
-0.51615    
0.97475    
-1.87662    
-0.98226    
-0.96944    
0.48645    
-0.50454    
-1.08391    
-0.01400    
0.01770    
1.86976    
0.97786    
1.82422    
1.79531    
-0.93858    
1.35245    
1.88607    
0.94274    
2.08534    
1.00166    
1.89632    
1.41582    
0.03228    
0.91755    
1.03557    
-0.92843    
2.44098    
0.46871    
-0.02601    
0.47594    
2.37174    
-0.98643    
1.03000    
-0.05762    
-0.46926    
1.42104    
1.93532    
-0.07065    
1.37555    
-0.01212    
-0.91057    
-1.36986    
0.99454    
2.85022    
2.36678    
-1.52474    
0.02334    
0.43377    
0.03900    
-1.43614    
-0.92585    
-0.90792    
0.48864    
0.92508    
0.02070    
0.88596    
0.03500    
1.37157    
2.89896    
-1.91212    
-1.00003    
0.91504    
1.34562    
2.02001    
-0.02956    
-3.87141    
-2.92743    
-1.01451    
2.58246    
-1.89086    
1.34297    
0.93873    
2.96751    
1.44311    
1.53122    
0.54244    
0.94285    
0.41224    
-1.36879    
1.85734    
1.91105    
0.89253    
1.01739    
0.99574    
2.02210    
-2.92775    
-2.90228    
-0.03788    
1.08484    
1.47159    
0.47596    
-1.88881    
-1.42446    
-0.10210    
-1.91396    
-1.87202    
1.92181    
0.08972    
0.87899    
0.93368    
1.02100    
0.94343    
1.90187    
-0.99431    
0.02687    
-0.95811    
-1.97090    
1.43807    
0.92374    
-0.01421    
-1.94386    
-0.01159    
0.44435    
-0.52769    
1.91874    
-0.96964    
-0.02702    
-0.01269    
-1.87527    
0.02237    
-0.98555    
-0.01020    
2.87005    
0.81931    
0.99142    
2.95417    
0.41943    
1.82447    
-0.33807    
-1.40325    
0.85536    
1.38453    
-0.96508    
-0.41740    
0.00354    
0.85140    
-0.12234    
0.50301    
-0.13934    
-2.38837    
-0.96514    
0.96832    
0.09258    
0.99088    
0.49111    
2.45038    
-0.96730    
-0.03551    
-1.77762    
-1.44669    
1.37437    
0.99205    
-0.00609    
-0.01247    
1.84533    
2.80070    
3.35744    
0.95855    
2.98629    
1.97836    
1.40510    
0.86743    
-2.40256    
-0.98198    
1.00733    
0.90118    
0.99143    
2.01355    
1.97254    
-1.48973    
1.85547    
-0.13417    
0.42473    
0.87122    
-0.89015    
-0.39575    
0.43657    
-1.46450    
0.90557    
0.09628    
-1.97816    
1.48748    
0.98124    
0.05647    
-0.92549    
-0.12219    
0.01604    
-0.47196    
3.91173    
-2.91071    
-0.60935    
-0.06147    
1.86037    
0.90686    
1.48830    
0.46094    
-2.89688    
1.40637    
-0.11891    
1.37534    
0.90861    
0.03582    
-1.90819    
-0.92764    
1.05458    
-0.02796    
2.54562    
-0.96524    
1.34117    
-0.86465    
1.00453    
-1.76156    
1.41263    
2.42248    
0.90959    
-0.46535    
1.39643    
-2.85279    
0.01047    
-2.42924    
0.99998    
-0.92848    
0.54776    
3.38580    
-0.92751    
-0.05313    
0.04686    
0.01790    
-2.80917    
2.39456    
-0.15805    
0.45964    
-0.94869    
-0.57932    
1.00568    
1.45791    
0.42171    
0.05657    
-1.94886    
1.43568    
1.37540    
-0.45025    
1.40017    
-4.70339    
-1.71994    
0.51794    
0.94431    
1.90983    
-1.06822    
1.01298    
2.85872    
1.93826    
-3.88195    
0.06378    
-1.48754    
-3.81435    
0.99229    
1.39430    
-0.01241    
0.09914    
0.06101    
1.55544    
-0.04437    
0.00060    
1.01142    
1.00298    
1.88647    
-0.91169    
-0.01560    
-2.84739    
-1.31774    
0.92134    
-2.35577    
-0.02554    
-0.05477    
-0.06044    
-0.53385    
1.44107    
-1.32764    
1.76364    
0.91429    
3.35717    
2.73340    
0.44787    
-0.96581    
-1.94271    
-0.97233    
-2.75865    
-0.07028    
-0.93751    
0.47972    
1.89664    
0.50428    
0.06554    
0.00424    
-0.98577    
-0.91499    
-2.81742    
0.06168    
-0.47951    
-0.05916    
1.48680    
-1.40190    
0.01640    
-1.45952    
0.99812    
0.05387    
1.95855    
1.50072    
-0.87641    
0.44453    
0.06880    
0.03099    
-3.39537    
0.90389    
2.87849    
0.99919    
0.54302    
0.92600    
1.35039    
1.02399    
-2.80084    
-1.97901    
0.07435    
0.92682    
-1.01896    
0.13705    
-1.93893    
0.94736    
0.44579    
-0.10625    
1.01716    
0.43657    
-1.93840    
1.90745    
0.91793    
0.85319    
-0.96356    
1.06691    
0.03813    
-1.01687    
0.14809    
1.96969    
-0.93815    
-0.87761    
-0.50607    
-0.39757    
-0.99429    
-1.86858    
-0.52672    
-0.05403    
0.89561    
-1.36887    
1.86129    
-0.02491    
2.95242    
-0.87026    
-2.86442    
2.37738    
-0.53323    
1.30986    
0.49338    
-0.05752    
-0.90740    
-1.81920    
2.85390    
1.42762    
-1.30517    
1.87284    
0.99521    
0.49413    
-0.02803    
1.38957    
1.89450    
-0.07783    
1.88725    
-0.01320    
1.00737    
-0.14277    
-1.50396    
0.52844    
1.02691    
0.40415    
0.89141    
1.89455    
-0.36522    
3.85339    
1.32982    
1.84862    
-0.97736    
1.34947    
-0.02932    
-0.02997    
1.43644    
-0.44049    
0.93420    
0.41723    
0.88247    
-0.13641    
0.02062    
1.33807    
0.96011    
0.98445    
-1.92127    
1.02662    
1.33656    
0.82688    
-1.02108    
-0.02693    
-0.00115    
0.88522    
-0.02881    
3.46567    
0.96534    
2.83035    
-0.96984    
0.92594    
0.39111    
-0.92055    
1.90530    
-0.06734    
0.52527    
2.00696    
-0.45173    
0.04843    
0.96581    
-2.75750    
0.49076    
1.07638    
-3.70696    
-1.46372    
-1.88825    
-0.56316    
0.54900    
0.09076    
2.43234    
-1.01397    
-0.06499    
-1.81302    
1.91645    
0.00373    
-1.86197    
0.95710    
0.50436    
-0.47221    
-0.08277    
3.92038    
0.06313    
0.33468    
-0.94819    
-1.13067    
-1.83360    
0.42082    
2.41762    
-0.46697    
1.81740    
0.55471    
-0.46805    
0.47566    
-0.88439    
-2.87776    
-0.02650    
-1.84381    
0.82213    
-1.89244    
0.06484    
-0.94081    
-0.00589    
1.00895    
1.03323    
2.00410    
-0.92567    
0.00468    
1.43389    
-0.92517    
2.34433    
2.89467    
1.93313    
1.46751    
1.35221    
0.05370    
-0.41772    
0.00071    
-1.85752    
1.38229    
-0.09931    
0.46465    
0.99352    
1.93718    
-0.83402    
1.45151    
0.93793    
-0.93807    
0.10782    
-1.03972    
0.47077    
-1.03294    
0.91751    
-0.67374    
-1.89162    
-2.41538    
-0.06959    
0.95111    
0.95088    
0.97747    
-1.04760    
1.95176    
1.47621    
-0.44530    
0.12793    
1.37470    
0.87698    
-1.47512    
-0.07196    
-2.87843    
0.05331    
-0.06218    
0.87650    
-1.94626    
-0.46963    
2.93606    
1.00318    
-0.95369    
1.01456    
0.90974    
0.00666    
-0.09197    
1.90871    
0.53767    
0.93815    
-2.85022    
-0.42898    
0.49757    
-0.03398    
0.94251    
-0.94154    
0.08089    
0.40744    
-0.05963    
-2.93504    
-2.82456    
-1.54237    
0.57276    
1.82562    
0.04092    
0.98990    
1.04732    
0.94495    
0.92065    
0.09902    
-0.43781    
0.08607    
-1.47406    
-1.97241    
-2.90664    
0.47982    
0.38627    
-0.94782    
-1.02594    
0.45801    
-0.95780    
-0.91729    
0.88727    
0.80096    
1.91775    
0.85132    
-0.00545    
-0.43153    
-0.40539    
-0.91751    
0.08624    
-0.13720    
-1.47996    
0.92783    
0.42085    
0.01081    
0.88878    
1.88122    
0.95680    
0.91278    
-1.04067    
-0.48157    
-2.78580    
-1.05806    
0.03104    
-0.56219    
0.02754    
1.31750    
0.50753    
-1.91004    
1.00316    
-1.00699    
2.94051    
-1.84405    
0.89431    
0.98793    
-0.89180    
1.94088    
-0.55063    
1.42614    
0.00662    
1.93114    
-0.06166    
1.84433    
-0.88029    
1.51378    
2.73224    
-0.06860    
2.02167    
0.54175    
-0.93178    
0.80672    
-1.00512    
-0.07898    
-0.96314    
-2.06450    
-0.03951    
-0.04038    
-1.47354    
0.97621    
-2.82998    
1.03650    
0.01839    
1.88684    
-0.01949    
0.85086    
-0.08173    
0.11803    
1.83953    
0.98895    
2.39546    
0.98154    
1.79519    
0.44215    
0.92844    
2.90732    
1.04144    
2.87511    
1.52447    
1.99813    
0.97078    
-0.78018    
0.88270    
-1.39975    
0.98456    
0.44322    
0.97569    
0.40694    
0.04957    
-0.36542    
-1.42364    
1.86024    
-0.93609    
1.98291    
1.39404    
-0.95814    
1.94943    
0.91868    
2.01141    
0.88006    
1.49379    
0.59876    
0.90375    
0.03499    
-0.56565    
1.09770    
-0.45117    
-0.05821    
-0.95468    
0.88728    
1.89572    
0.85595    
0.39696    
-0.93538    
0.13907    
2.02619    
1.01474    
-1.80766    
-1.33059    
0.93092    
-0.05892    
-0.56184    
0.90793    
1.88232    
-0.41615    
0.95755    
0.48615    
-0.42104    
-0.47448    
-0.79217    
-1.40647    
0.96236    
-2.90054    
-0.42624    
1.34448    
-0.07718    
-0.99323    
-0.86651    
-0.04121    
-1.34228    
0.44832    
0.50761    
-0.11136    
-0.48445    
0.02468    
-2.87989    
-0.45998    
1.15053    
1.42730    
0.38338    
1.86280    
1.43166    
0.88124    
1.43591    
-0.04677    
-0.75748    
0.41282    
2.37104    
1.46151    
0.51694    
1.50699    
-0.55082    
-0.04372    
1.92272    
1.89836    
0.50945    
-0.98912    
-0.46167    
0.00383    
1.02358    
0.91881    
-0.56989    
0.38968    
2.83105    
1.97243    
0.02374    
0.88961    
0.89042    
-0.97172    
0.97673    
-1.02236    
1.93649    
-0.02236    
0.41421    
0.13438    
0.54530    
0.36915    
-1.43966    
1.87796    
1.80702    
-0.07891    
-1.50583    
1.85614    
-0.55941    
0.03173    
-0.92842    
-1.81545    
0.53144    
-0.00482    
0.98666    
0.06181    
-0.05532    
-1.95578    
2.26911    
-0.51661    
1.92921    
0.93130    
0.49262    
1.47319    
0.94036    
1.95249    
1.49985    
-1.05078    
1.47333    
0.95671    
-0.00378    
-1.48245    
0.02793    
0.81043    
0.45334    
-0.83530    
1.98715    
-0.51922    
0.50090    
-0.02330    
0.03398    
-1.00641    
-1.95363    
1.36374    
-1.95766    
0.96238    
1.37291    
0.08300    
1.06159    
0.96932    
0.91153    
-2.26294    
0.05857    
-0.96474    
0.83529    
0.07728    
3.93242    
1.02090    
-0.03173    
0.02929    
1.91130    
0.96822    
1.80659    
0.53940    
-1.95605    
-1.90713    
0.48909    
0.45577    
0.50649    
0.92082    
-0.40204    
2.41524    
-0.96928    
1.90517    
-1.89398    
0.89516    
-0.92360    
-0.90354    
3.32970    
-1.03499    
1.64471    
2.03332    
1.77726    
-1.91807    
-0.91873    
1.57120    
-0.06489    
0.97533    
-1.89028    
-1.39358    
-0.90654    
-1.08101    
-1.79425    
-1.94687    
2.91422    
0.01439    
-0.03342    
1.97375    
-1.99806    
-0.44692    
-0.45436    
1.37684    
-1.41312    
1.47956    
-3.75276    
1.98710    
1.50185    
-1.92863    
1.49738    
1.91341    
-0.96065    
1.89304    
1.49657    
0.01779    
1.00766    
0.02655    
2.35282    
-1.02819    
1.77262    
-1.88786    
0.54099    
1.98206    
1.48680    
0.52017    
-0.54324    
-0.92766    
0.98113    
1.02712    
-0.55606    
1.98265    
1.85488    
1.88129    
-2.39870    
-1.83197    
-1.93554    
1.43659    
0.54176    
0.99740    
0.87929    
1.36469    
2.41283    
-0.57152    
-0.91750    
-0.04439    
1.00761    
-1.01449    
-0.21847    
1.87812    
0.39153    
-2.83000    
-1.05301    
1.03601    
1.91774    
1.00462    
1.91224    
1.93807    
0.95368    
0.98839    
1.01496    
4.71849    
0.91343    
-1.80850    
1.38630    
-1.03840    
1.56999    
0.02726    
0.47010    
1.36058    
1.40107    
1.02308    
1.41400    
2.52553    
1.03737    
0.95975    
2.04358    
0.57122    
0.01790    
-1.04036    
1.94606    
2.43692    
-0.56281    
0.08404    
-1.00405    
0.04500    
-3.79151    
-0.61613    
-0.90173    
1.97493    
-0.90042    
0.81808    
0.04103    
-0.06727    
1.48083    
-1.40282    
-0.05975    
0.03999    
0.47431    
-0.86131    
0.95771    
-1.41628    
-2.35678    
0.91225    
1.99729    
-3.89114    
1.83372    
0.45029    
-0.37398    
0.94004    
1.80972    
1.87635    
-0.56456    
0.86207    
-0.91509    
0.44077    
1.32584    
-0.43553    
0.01655    
0.41099    
1.03172    
0.04434    
2.09033    
0.95440    
-1.87619    
1.41333    
2.34880    
0.92214    
2.41589    
1.08816    
-1.01882    
-0.92114    
0.00111    
0.91418    
0.92099    
1.36830    
-1.82057    
-0.93881    
1.04512    
1.30654    
-0.49007    
-0.99076    
1.00407    
1.41005    
-0.07591    
-1.91882    
-0.03816    
2.37157    
-0.59295    
0.96914    
0.02738    
-2.89310    
0.83208    
-2.81826    
0.00616    
1.01400    
0.96943    
-0.13611    
-1.52147    
-0.82010    
-1.09044    
0.02056    
-0.12427    
0.97760    
0.45264    
1.00556    
1.05974    
-1.45990    
-1.94290    
-2.80244    
1.87315    
1.00488    
2.36406    
-0.89965    
0.02895    
-0.12053    
0.58341    
-0.96169    
-0.97215    
0.88650    
-2.86263    
1.01771    
-1.30867    
0.52006    
-1.92065    
-1.93996    
0.48930    
0.04969    
-2.84998    
1.41947    
1.40070    
-1.95893    
0.01210    
0.84175    
3.42573    
1.44850    
-0.93365    
-1.41457    
-0.09062    
-1.53552    
-0.11242    
2.91704    
-0.39556    
-1.02703    
-0.01585    
-1.00332    
1.36001    
-1.44829    
-1.48193    
-1.45251    
0.00555    
2.39274    
0.47294    
3.96800    
1.88391    
-1.88346    
-1.40228    
-0.54266    
0.03387    
1.05323    
3.85326    
-0.07246    
-0.94341    
2.54290    
-0.88143    
-1.53091    
0.92026    
-0.90912    
-0.39897    
-0.00092    
-1.37251    
1.04927    
-0.55852    
-1.41392    
0.95090    
-0.54832    
0.05657    
2.89401    
2.92173    
1.01539    
-0.51313    
1.40681    
-0.41469    
-1.97116    
-0.97710    
-2.83467    
0.06845    
-0.87546    
-1.96145    
-1.88424    
1.40172    
0.56680    
-1.54150    
-1.00716    
-0.95755    
-1.93123    
-0.05365    
0.90864    
0.45417    
0.57285    
0.36161    
-0.40401    
-1.91574    
-1.83618    
0.46262    
1.53042    
-0.97352    
-0.01781    
1.46041    
0.94803    
1.41040    
0.54143    
0.96466    
1.87866    
-0.94414    
-1.83369    
1.43382    
0.92530    
0.98098    
-0.96082    
1.02357    
-0.89871    
1.44894    
-1.41891    
-0.06958    
0.41998    
-0.90333    
0.05450    
-0.95449    
1.40893    
-2.87664    
0.01108    
0.01608    
-0.95330    
0.48978    
0.00785    
0.86764    
-0.90967    
-1.46173    
0.47233    
0.06253    
0.01537    
0.46982    
-1.97919    
0.79737    
-0.02902    
1.40063    
0.37908    
0.94597    
1.88237    
-0.52091    
-0.98375    
0.84825    
0.08433    
0.05851    
2.02425    
-1.39181    
1.91555    
-0.95101    
-0.96722    
-0.48371    
0.00290    
0.91049    
1.88415    
-0.96974    
0.05283    
1.46745    
-1.44681    
0.86743    
1.37422    
-0.00988    
-0.00931    
-0.88992    
-1.90487    
0.95717    
-2.02764    
-1.87671    
1.48647    
-1.89982    
-0.48974    
2.40053    
1.49261    
3.31808    
0.98090    
-1.41169    
-0.89458    
0.46898    
-1.35086    
-0.07885    
0.01574    
0.92464    
1.41432    
2.83069    
0.04834    
-0.04193    
1.03095    
-3.22205    
-0.91038    
-1.03208    
1.94626    
-1.81674    
1.92880    
-1.40065    
0.45971    
-1.09408    
0.95326    
-0.45200    
1.94725    
-0.84487    
1.45229    
0.46070    
1.47134    
1.51847    
-0.53006    
-1.93660    
-1.43039    
0.92751    
1.02090    
-1.84847    
-1.99263    
-0.48564    
0.89644    
-1.87354    
1.89877    
1.96379    
-2.36927    
-0.45768    
1.38994    
-0.86180    
0.89446    
1.00782    
-1.00542    
-1.97718    
2.31510    
-0.05428    
0.56191    
1.92307    
0.04488    
2.45539    
1.96606    
-0.07277    
-0.06928    
0.51511    
-1.51194    
-0.99027    
-0.96947    
1.00142    
1.88105    
-0.88465    
-0.48839    
0.91284    
0.91700    
1.92168    
-1.29062    
1.86037    
1.03195    
-1.43162    
-0.01384    
-2.92976    
-0.09635    
2.94147    
0.46378    
-1.43124    
-1.53014    
0.96468    
0.02034    
0.38581    
-2.81120    
1.90613    
-0.01480    
0.98055    
3.35375    
-0.05512    
1.38742    
-1.02510    
-1.00536    
-0.02017    
-0.12815    
0.05908    
0.95756    
3.87009    
1.98530    
0.91676    
1.86146    
-0.02313    
-0.01320    
-0.88600    
-1.81655    
-1.03097    
-1.48114    
0.45279    
1.95062    
-0.62147    
1.96467    
0.43970    
1.49579    
-0.01842    
-1.90107    
1.04756    
0.06508    
0.95900    
-0.92058    
1.38306    
1.00038    
0.96128    
1.91114    
0.50498    
1.98545    
-0.85776    
-0.99938    
-1.00669    
1.00916    
-0.89715    
-0.93550    
0.56069    
-0.46025    
1.84152    
-0.03245    
-1.88828    
0.96093    
0.92556    
-1.95974    
0.95760    
0.53400    
0.43903    
-1.90459    
-0.07739    
-0.50886    
0.47844    
-0.13275    
2.34549    
-0.39371    
2.42814    
2.93712    
0.38013    
-0.53147    
-1.93024    
-0.43567    
1.51361    
-1.01871    
-3.46591    
-2.76508    
0.05353    
0.92899    
0.88299    
2.79246    
0.84871    
1.84870    
1.91677    
-0.02435    
-0.40736    
0.97758    
-0.00892    
1.97218    
-0.05936    
0.05453    
1.50587    
0.88219    
0.87082    
-0.95017    
1.02802    
0.01337    
-0.95204    
-1.04234    
-0.55965    
-0.98720    
-0.01031    
-0.45376    
0.90744    
1.45974    
-0.47534    
1.43754    
-0.43504    
-0.05839    
0.89925    
1.97107    
0.38765    
-1.45342    
0.13379    
-1.07366    
1.37704    
2.93711    
2.78364    
1.00270    
0.00215    
-0.95165    
0.92531    
0.99958    
0.00429    
0.83483    
1.45216    
0.93307    
-2.33306    
1.02141    
-2.83154    
-0.98002    
-2.87713    
1.40501    
1.82782    
-0.09453    
-0.39236    
-0.98243    
-0.94966    
-1.00668    
-1.86780    
0.03063    
-1.02725    
0.88716    
-2.01054    
-0.42927    
1.46937    
-0.44864    
1.34922    
-0.54466    
1.90916    
-1.80377    
1.81072    
1.87039    
0.34410    
0.96817    
-1.98670    
-0.02106    
-0.92357    
2.46032    
-1.38480    
0.05456    
-0.05347    
-0.94048    
1.92413    
1.86925    
1.02550    
-1.01279    
-2.86383    
1.49633    
-0.90637    
1.60930    
0.51912    
-1.06636    
0.99508    
2.84277    
1.15948    
0.06754    
0.03029    
1.04194    
0.07309    
-1.87170    
1.04629    
0.97534    
2.52729    
-0.52014    
0.98205    
1.83799    
0.11282    
1.40371    
-1.06122    
0.03741    
0.97179    
-0.06019    
-2.85343    
-0.84292    
0.49813    
2.29313    
-2.43051    
0.48288    
-1.88038    
0.58031    
0.91611    
2.89213    
-0.91313    
2.44337    
1.45486    
0.94948    
1.43689    
-0.94081    
0.48263    
-0.01057    
1.33427    
1.01555    
-1.92070    
1.00183    
1.43899    
-1.91404    
0.95667    
0.92015    
-0.96153    
0.53504    
1.95440    
2.46577    
1.95311    
0.89723    
0.94336    
-1.42255    
-0.00958    
-1.87824    
0.97813    
-0.91852    
1.46634    
1.87622    
-1.03296    
2.37351    
1.94226    
-1.78242    
1.89418    
-0.43401    
0.47205    
1.17557    
-0.03919    
1.94485    
0.42930    
3.81714    
-0.98141    
-0.45841    
0.95651    
1.99306    
1.61124    
1.44698    
0.54723    
0.06309    
2.42718    
-1.93081    
1.48022    
-0.00367    
1.50648    
-0.50038    
1.96270    
-0.94663    
1.41216    
-3.90263    
-0.02921    
1.91495    
2.77573    
-3.25846    
0.50744    
1.44042    
3.25985    
0.94192    
0.97441    
-0.56731    
-0.99381    
0.53486    
0.87303    
-2.79051    
1.41972    
1.38053    
-0.45438    
1.47963    
1.29711    
-1.40439    
-0.43766    
0.94109    
0.35113    
0.90457    
-0.01916    
-1.92303    
0.99788    
1.41437    
1.47226    
-3.36426    
-0.02197    
0.56980    
0.00407    
-0.88153    
1.91153    
-1.92209    
1.86809    
-0.85217    
-0.05330    
-0.90729    
-1.95725    
-1.81664    
1.44101    
-0.08382    
2.03666    
0.16623    
-0.97286    
0.07121    
0.94555    
0.96472    
0.53627    
1.43331    
1.92294    
-2.35457    
-0.97169    
1.42991    
-0.93270    
-0.01552    
0.12717    
-0.40365    
-1.01715    
-3.91827    
0.92161    
1.48860    
0.40561    
-0.06873    
2.79182    
-0.97774    
1.86968    
0.53784    
0.91786    
-1.96958    
0.40164    
0.98009    
0.91124    
1.89463    
0.06160    
0.97119    
0.97957    
1.41273    
1.83934    
0.89330    
0.58233    
0.45419    
0.10533    
1.95637    
1.88100    
-0.90789    
-0.03680    
0.92365    
1.55539    
0.98993    
-1.43517    
-1.96322    
0.92860    
0.87141    
0.00949    
2.85440    
-2.02854    
-0.96672    
-2.00487    
2.91037    
1.35680    
0.44564    
0.43368    
1.96539    
0.45679    
0.93948    
0.63809    
-3.27869    
0.88998    
1.99963    
0.50837    
-1.82612    
0.96847    
-1.48957    
0.96960    
1.01943    
-0.05300    
1.05623    
1.06274    
-0.50024    
1.39959    
0.50654    
1.32362    
1.56361    
-1.39903    
-0.86046    
2.03731    
0.98042    
2.44785    
0.13429    
0.85649    
0.08334    
-0.90967    
0.99738    
2.78411    
0.02704    
1.01870    
-0.05652    
0.54541    
0.96168    
1.87878    
2.06402    
-1.91569    
-0.04075    
0.79773    
-1.91558    
-0.95201    
1.00185    
0.40880    
0.56359    
-0.91613    
1.01172    
1.87831    
0.43843    
0.13587    
-1.84376    
-0.53927    
-0.94089    
-0.97277    
0.05597    
1.43539    
-1.86029    
-0.06768    
-0.55437    
1.14340    
-1.90058    
1.91801    
-2.43153    
3.25676    
-1.01845    
0.04075    
-0.01455    
-0.02434    
-1.89907    
1.02075    
-0.89643    
0.06660    
0.47864    
0.97570    
-1.04900    
-0.80671    
0.48070    
1.87453    
0.91212    
0.01122    
1.42177    
-0.96716    
1.40411    
-0.44929    
-1.92461    
0.91889    
0.02791    
0.88698    
-0.08825    
-1.85770    
-0.50113    
0.48371    
0.10674    
2.92377    
-0.02753    
0.44359    
1.00254    
0.54650    
-0.95920    
1.44891    
0.88067    
0.00843    
0.42563    
-1.88258    
2.92165    
-3.84011    
-2.41827    
1.07035    
1.92351    
0.13873    
0.13514    
0.04694    
0.99387    
-2.84479    
0.98234    
0.46205    
0.92499    
1.46400    
-0.51254    
0.53069    
0.86197    
2.91911    
0.49755    
0.01118    
1.90613    
1.41011    
0.55815    
0.98555    
1.85541    
1.04481    
0.07628    
1.95444    
0.48704    
0.01932    
-0.56613    
1.02371    
-0.99633    
-1.01258    
0.92406    
-1.98245    
0.11409    
-0.01626    
0.98046    
-0.95834    
-1.05169    
0.86821    
-0.48743    
0.12692    
0.00121    
-2.04972    
0.92335    
-0.00167    
0.05099    
1.07676    
0.03515    
-0.96886    
-0.51791    
0.52262    
0.53827    
-0.11844    
-1.27076    
0.99017    
0.52741    
2.33429    
-0.57715    
-0.02516    
0.53623    
0.49253    
1.35471    
1.01432    
-0.94156    
0.50229    
-1.88234    
2.88699    
0.52271    
-0.89232    
1.86460    
-0.47914    
0.89590    
0.03588    
-0.01270    
0.06358    
1.91265    
0.93789    
-0.03217    
-1.47644    
-1.89742    
0.25911    
2.45200    
1.95906    
-1.51659    
0.81778    
0.98462    
-0.84946    
-0.86599    
0.99743    
2.80307    
-0.99011    
2.49661    
0.93046    
1.37125    
0.47765    
1.86767    
2.82615    
1.02258    
0.04768    
-0.88395    
0.48260    
-0.02079    
2.92061    
2.31419    
2.40525    
0.95540    
0.45829    
0.51435    
1.89140    
-0.04246    
0.81290    
0.44057    
0.92117    
1.00245    
0.92750    
1.38804    
-2.83701    
-0.36568    
-1.95298    
0.91545    
-0.92691    
1.89065    
0.45638    
1.91563    
1.05428    
-0.01776    
-0.92656    
1.42116    
-0.92199    
0.39425    
0.47975    
-0.96493    
-2.86097    
-0.03861    
-0.42812    
-0.11280    
-0.97219    
2.39318    
0.84944    
-0.03340    
-1.88343    
0.50828    
-1.91506    
1.86282    
-0.98635    
0.08328    
0.90557    
0.95322    
0.47155    
2.89384    
-1.46164    
-1.45289    
-1.95383    
0.98781    
-1.40595    
-0.06226    
-2.76949    
-3.23937    
0.88443    
-0.42702    
0.01863    
1.92219    
-0.46803    
0.96657    
1.02352    
2.92416    
-1.42578    
-2.07130    
-0.93974    
-2.87705    
1.87017    
1.89521    
0.43895    
1.97235    
0.03187    
0.83622    
-1.43749    
0.84401    
2.42588    
-0.04944    
-0.47793    
1.83249    
0.05900    
0.98298    
0.11487    
0.44424    
-1.08814    
-0.12458    
-0.53467    
0.47754    
-1.49202    
0.87656    
0.43054    
-0.00444    
1.81871    
0.07977    
-0.96425    
0.91232    
1.02199    
0.96472    
0.47616    
-0.92848    
1.42663    
0.09957    
-0.96664    
-0.49275    
4.88366    
-0.08922    
0.04442    
0.46689    
-1.00558    
-1.34400    
1.01034    
-0.46362    
0.08041    
-0.07219    
0.41657    
0.01716    
0.98156    
1.90926    
0.99897    
1.35169    
1.88832    
0.86188    
1.29513    
0.02799    
0.49451    
-3.29211    
-1.36487    
-0.03017    
-1.10581    
-0.55540    
0.08906    
0.90265    
1.59517    
1.93216    
-0.94220    
-1.36042    
-0.98797    
2.39735    
-0.40313    
1.81583    
-0.99149    
0.97218    
0.43297    
-0.61096    
-1.02567    
-0.00414    
-1.05970    
-1.97358    
0.05663    
1.01182    
-0.92801    
-0.95204    
1.42813    
-0.00154    
2.86482    
0.89230    
-0.88927    
-0.87805    
2.05448    
0.92550    
-0.06428    
-1.01792    
1.85630    
0.42068    
-0.13943    
-0.96064    
-1.85617    
1.79597    
-1.79818    
1.06906    
0.02143    
1.41343    
-1.40014    
-0.02121    
0.51209    
1.46072    
2.49764    
-0.95895    
1.45428    
2.89995    
0.91851    
-0.93138    
1.86036    
0.58274    
1.56221    
0.09683    
-1.80624    
2.02589    
-0.96226    
1.47471    
-2.86724    
0.97364    
-0.12514    
-1.41154    
-0.05063    
0.06473    
1.87906    
0.98037    
-0.49018    
-0.00611    
0.91502    
1.00438    
2.38178    
-2.43544    
-0.90512    
-0.11581    
-3.33940    
-0.52011    
0.96779    
1.32655    
0.44107    
-0.99255    
1.38010    
2.50537    
-0.09700    
0.85158    
-1.40884    
-2.87862    
0.32387    
1.00615    
0.96832    
-0.05044    
0.47068    
0.02173    
1.05556    
0.87734    
1.94670    
-0.00094    
0.47426    
1.81333    
0.05014    
0.03222    
2.51107    
-0.53292    
0.15449    
0.92845    
1.46348    
-1.84734    
-1.81088    
-0.48310    
-0.54476    
0.05240    
-0.90758    
-0.92715    
-0.05648    
2.03120    
-0.06330    
0.09426    
2.87843    
0.94416    
-1.41271    
-0.50066    
1.87731    
1.91035    
1.89091    
-0.86705    
1.32325    
-0.92939    
-0.88465    
-0.37083    
0.95653    
0.41033    
2.01317    
2.30908    
0.11915    
0.46559    
0.90312    
0.44017    
0.08955    
-2.36636    
0.86212    
1.97582    
0.49275    
1.04144    
2.22591    
-2.29672    
-1.43616    
-0.08947    
-0.92881    
2.01788    
-0.93949    
2.91994    
0.84924    
1.36800    
-1.84171    
1.00339    
1.87896    
0.83133    
0.05195    
0.12675    
1.96678    
-0.05003    
-0.04097    
-0.05040    
-0.42592    
0.02810    
1.12853    
-0.93030    
0.92620    
0.91504    
-1.01713    
-1.86031    
-1.00150    
1.42189    
2.74063    
0.36887    
-0.55443    
-2.84807    
2.37452    
0.13812    
0.48716    
-0.02246    
-2.02240    
-0.52145    
2.38056    
-1.01486    
-0.07677    
0.05937    
0.05147    
-0.09062    
1.89661    
-0.91202    
-1.86156    
0.14977    
1.79045    
-0.48839    
2.73730    
-1.89190    
0.01076    
-2.92012    
0.07310    
0.05484    
-3.75414    
-1.91512    
-0.51216    
1.05138    
-0.13884    
1.41204    
0.55830    
1.83996    
1.89625    
-0.00285    
-1.42940    
1.08339    
1.32872    
-0.06750    
-1.06391    
-0.87993    
-1.77565    
-1.88710    
-0.05721    
-0.97970    
0.90815    
-0.03225    
0.91628    
0.39301    
-3.76531    
-1.00264    
0.39486    
-0.39154    
2.89771    
-2.01140    
-2.87865    
1.80869    
1.07949    
-0.13644    
1.04053    
-1.44595    
-1.50341    
1.94454    
0.52981    
1.44123    
1.46412    
-0.93789    
-2.01137    
0.02717    
-0.47262    
-0.02259    
-0.99880    
1.99352    
0.91841    
2.88849    
-0.05927    
0.84309    
2.33928    
-1.47742    
-2.83850    
0.36755    
-0.41597    
-0.49190    
-0.01805    
1.00267    
0.95291    
0.04854    
-0.96246    
0.52595    
0.04270    
-0.11123    
-0.99386    
1.93283    
0.89428    
-2.78327    
-1.53027    
1.90040    
-0.00509    
1.47563    
-2.00686    
2.39671    
-0.99431    
-0.43760    
-1.38784    
1.83983    
1.83760    
1.36585    
-1.47431    
-0.02071    
1.32862    
2.85946    
-0.51556    
-0.98976    
0.41021    
0.90369    
0.98318    
-1.46040    
-1.91949    
-1.43918    
0.89818    
0.87003    
-0.08494    
-2.40412    
-0.54436    
0.53760    
-1.89956    
1.97430    
1.79535    
-0.89077    
1.43464    
-1.39543    
0.88882    
1.42095    
-0.78842    
-0.49883    
1.05149    
1.98196    
0.03739    
-0.98549    
-0.94496    
-0.88957    
-0.52375    
1.44958    
1.83873    
-0.44466    
-0.07263    
-2.91836    
2.30860    
0.03128    
-0.91537    
0.93541    
1.86053    
1.54873    
1.97509    
-0.09329    
0.89197    
-0.52643    
-1.49755    
2.32534    
-1.44895    
-2.97025    
-1.92491    
-0.43329    
2.02030    
-2.31800    
1.42564    
0.01040    
0.00113    
-0.42641    
2.08417    
-1.84728    
0.02591    
-0.52632    
0.05444    
1.89161    
0.93132    
1.01234    
-0.97129    
0.03406    
0.96471    
-1.96676    
-0.94520    
-1.90538    
1.44613    
-1.07815    
0.86590    
-0.89852    
0.50899    
0.47924    
1.45508    
0.98293    
0.85205    
0.01403    
0.43253    
0.53099    
0.97232    
-0.06744    
2.73730    
0.01722    
2.29726    
0.89244    
1.11146    
0.93496    
0.95241    
-0.98807    
-1.43313    
0.96190    
-2.86885    
-1.04158    
3.95541    
1.86080    
-0.98847    
0.01400    
0.03701    
-1.80190    
0.06143    
-2.83607    
1.88396    
-0.09786    
-0.88231    
-0.95578    
2.91948    
0.94649    
-0.53194    
-1.95771    
0.98011    
1.98871    
0.52490    
0.96642    
-0.77012    
0.46560    
0.04048    
0.71779    
-1.92318    
4.77007    
-0.54857    
-1.02815    
1.99142    
-0.99890    
2.43756    
-1.00958    
1.87873    
0.44089    
-1.87387    
-0.46654    
-2.82370    
1.30997    
1.90999    
1.03467    
-1.86630    
1.40707    
-1.07116    
-1.35272    
0.48501    
-0.02908    
-1.40710    
-0.87724    
-2.29830    
0.98083    
-0.92570    
-0.92447    
0.51339    
-0.43517    
-0.03532    
-1.55931    
1.11800    
-0.93306    
2.87325    
1.84731    
-0.08024    
-0.10941    
0.04683    
0.01867    
-0.51496    
-0.95021    
1.06356    
0.99058    
-0.39303    
2.78789    
0.30907    
-0.05960    
1.02163    
-0.47455    
-0.01284    
-0.45505    
-2.31334    
0.48974    
1.53292    
0.45117    
-1.99959    
-4.86851    
1.06735    
-1.97699    
-4.20871    
-0.84511    
-0.51090    
-1.88291    
1.90478    
-0.09554    
-0.02105    
-1.90395    
-1.47089    
1.02534    
1.56675    
2.00614    
1.01477    
-0.10322    
0.92932    
1.38099    
-0.50371    
0.46301    
-0.02627    
0.92891    
0.94367    
0.94361    
-0.95275    
-0.92421    
0.50637    
2.39836    
1.95541    
2.43647    
0.00552    
-0.44056    
-3.86183    
1.80884    
-0.91629    
1.47680    
0.56309    
-0.04750    
1.03449    
0.04174    
-2.40698    
-0.54617    
1.01427    
-1.41704    
-1.88525    
2.96958    
0.02365    
0.97934    
-0.98449    
-1.01211    
-2.76993    
-1.96037    
0.97600    
0.05020    
-1.88698    
0.00685    
-0.94922    
-1.89414    
-1.43311    
0.83712    
-0.98923    
0.94468    
-0.06065    
0.02108    
2.93555    
-0.02435    
-1.37455    
1.06976    
1.13114    
0.82315    
-1.86524    
1.94838    
1.98931    
-0.95955    
1.90913    
2.85063    
0.45281    
-2.98925    
1.87620    
-1.32767    
-2.80084    
1.89942    
-0.02014    
0.59578    
0.17844    
-0.47999    
2.05834    
3.23364    
1.94258    
1.38467    
-2.79826    
0.42730    
2.92115    
-0.05895    
0.27490    
0.07362    
3.26334    
-0.05255    
-0.89952    
-2.64985    
0.47131    
0.07632    
-0.00927    
0.54924    
1.50548    
1.81282    
-2.91256    
-0.05546    
-1.14718    
1.41046    
1.98583    
-2.83582    
-0.92435    
-0.03108    
1.81639    
-1.03818    
1.47598    
-0.34187    
1.00214    
-0.95704    
-0.02414    
2.37272    
1.94497    
0.54842    
1.44046    
1.87693    
-0.47369    
-1.90860    
0.46959    
0.93880    
0.89892    
-0.57787    
0.88445    
-0.02512    
-2.83909    
1.46982    
0.03217    
-1.00997    
0.95904    
-1.97023    
1.86846    
-3.75935    
1.51190    
-0.92813    
0.02941    
-1.45235    
-2.77543    
1.95281    
1.86059    
0.36184    
0.89403    
-2.76584    
1.93254    
-0.04262    
-0.92241    
-0.49235    
0.45646    
1.04796    
-0.97485    
-0.41048    
2.85617    
2.90505    
-0.92792    
-0.08248    
2.38638    
0.93671    
0.44066    
-0.08394    
0.06765    
1.99432    
1.41045    
-2.75290    
-0.06267    
0.98135    
4.74982    
-0.41289    
1.97950    
0.94446    
1.85351    
-0.48248    
-0.00159    
0.89333    
0.52843    
2.02725    
-1.39823    
0.03198    
0.86176    
-1.11585    
0.03401    
0.04476    
1.46843    
-2.77821    
2.33693    
-1.30865    
1.40723    
0.00143    
1.83731    
2.88346    
-0.08886    
-0.84836    
-1.93892    
3.84473    
0.92245    
1.99914    
0.05953    
0.80720    
1.97587    
0.96809    
2.90321    
-0.06462    
-1.92389    
-0.03597    
-2.91995    
0.06404    
-0.41450    
1.03116    
0.95722    
-2.80785    
-0.01118    
-0.04303    
1.36332    
-0.00642    
0.07750    
-0.05699    
0.41536    
1.52075    
0.51451    
-0.03037    
3.84305    
0.06033    
1.94507    
1.96440    
-0.94807    
-1.00922    
0.45071    
-2.80563    
-0.56782    
-0.46981    
0.44158    
2.34477    
0.98218    
-1.91573    
1.01288    
0.92483    
-2.78311    
-0.00975    
-0.05379    
-2.42811    
1.84238    
-0.90141    
-2.83462    
-0.06288    
1.83674    
-0.90952    
-0.01533    
-0.47290    
-0.96890    
-0.40349    
0.52781    
0.94207    
0.00571    
-1.90507    
1.89554    
-2.89740    
2.47034    
1.03361    
1.01127    
1.98012    
0.84493    
0.91665    
1.83243    
1.35977    
-0.04128    
1.03782    
-0.92753    
0.39030    
0.92577    
-1.99518    
0.23937    
-1.04955    
-0.03847    
0.00424    
0.89719    
0.96300    
1.86416    
-0.51597    
-1.36051    
0.00650    
0.49825    
-0.86194    
-0.06164    
0.45822    
1.07684    
-1.38555    
-0.10280    
-0.91720    
0.08230    
0.00577    
-3.80985    
-1.02341    
1.36470    
-2.75354    
-2.94007    
-0.47699    
0.88305    
1.83654    
-1.92458    
-0.02200    
0.93684    
0.91574    
-0.49884    
0.96876    
-0.90230    
0.92568    
1.98815    
0.89126    
-0.63291    
1.86917    
-0.05826    
0.03062    
-0.88095    
-0.38554    
-1.02350    
-0.06264    
0.01178    
0.84551    
-2.81966    
0.91113    
0.89934    
-0.90740    
-0.96536    
0.05432    
-0.94128    
-0.09907    
0.47065    
0.80353    
-1.01674    
0.55534    
1.46525    
0.13085    
0.62203    
-0.15897    
0.55032    
1.91591    
-1.96803    
-0.53545    
1.88559    
2.29404    
1.50492    
-0.93308    
0.88396    
1.44065    
-3.21936    
-0.02826    
0.96065    
0.91177    
0.41096    
1.34146    
-0.43232    
-0.93647    
0.93894    
0.97485    
-0.89744    
-0.52491    
-1.03277    
0.40701    
1.86904    
1.46518    
-2.83372    
1.46858    
0.91595    
1.34471    
1.01655    
1.98030    
0.98946    
1.97195    
0.99690    
0.92508    
1.93915    
0.06633    
0.04311    
-1.14104    
-0.05820    
-0.12258    
2.85536    
0.03978    
0.01070    
2.78415    
-2.87361    
1.93811    
-0.95899    
0.32684    
1.40992    
0.45033    
-0.51211    
0.03271    
2.80649    
0.97668    
1.87600    
-0.88364    
-1.01608    
2.95313    
-0.04593    
-1.89775    
0.58870    
0.95867    
1.42364    
-0.95339    
-0.48420    
-1.54943    
1.91082    
1.40923    
-0.96151    
0.41782    
0.44406    
-0.06704    
1.01734    
0.92048    
0.03437    
0.54486    
0.01318    
2.91530    
0.50618    
-0.42775    
1.93057    
-0.04835    
-1.93042    
0.91227    
-0.85878    
-0.47417    
1.44995    
-0.58112    
2.91977    
-0.95205    
0.89729    
-1.43858    
1.33995    
1.88327    
-0.03833    
0.91089    
-0.97082    
0.93440    
1.47913    
1.02952    
2.39078    
0.96706    
1.92147    
-2.01694    
-0.91458    
2.89016    
2.94508    
0.06048    
-0.98926    
0.98992    
0.86436    
-0.00968    
0.06400    
-0.95876    
0.11960    
0.53754    
0.07142    
1.09613    
2.90249    
-1.40601    
2.85188    
1.94009    
0.97509    
1.39173    
0.06574    
-1.92039    
0.41310    
1.07595    
1.91144    
-0.98410    
0.91129    
-3.78587    
0.01808    
-0.95927    
1.38943    
2.86620    
-1.90590    
-1.83173    
0.92778    
-0.05856    
1.85152    
-0.43194    
0.93403    
2.88014    
0.40667    
1.01708    
0.95009    
1.93842    
-0.02929    
0.05884    
0.02202    
0.09359    
0.03340    
1.00435    
-2.33040    
-1.37987    
1.32852    
1.02991    
-0.91704    
1.91153    
0.06531    
0.05964    
0.95391    
-0.89540    
-0.54945    
-0.80285    
-0.86994    
-0.06537    
-0.00478    
1.96698    
0.98330    
0.11215    
0.53767    
-0.04834    
-1.41876    
0.43479    
-0.52026    
-0.03177    
1.43628    
0.90947    
2.91808    
2.38776    
0.45559    
1.06547    
-2.32195    
3.85227    
-0.99931    
-0.45169    
1.91464    
-2.00921    
0.01722    
1.48551    
-0.04117    
0.01594    
0.06778    
-2.86083    
0.00606    
0.05534    
1.06082    
1.39919    
-0.87664    
-1.40598    
1.47156    
1.94970    
0.07461    
1.04731    
1.78269    
1.04058    
-0.91080    
0.84058    
1.92098    
-0.03328    
-0.00781    
0.03945    
0.09922    
-0.08485    
0.94731    
1.03766    
0.45258    
-0.01044    
0.00292    
-1.02021    
-0.17545    
-0.04157    
1.87759    
-1.00011    
-0.10782    
-3.22255    
-0.92933    
-1.01749    
0.82909    
2.44405    
-1.02190    
0.08520    
-0.11581    
-1.94796    
0.03971    
-3.85957    
1.01544    
1.03145    
-0.07664    
-0.05175    
-0.07105    
1.38083    
0.02686    
0.98569    
-0.55909    
1.45705    
1.06551    
1.93915    
-0.93868    
-0.87736    
-0.99148    
-0.08731    
0.03423    
1.86278    
0.95424    
-0.03345    
-2.86454    
-1.94805    
0.01547    
1.86079    
-0.99805    
1.52334    
0.95784    
-0.47629    
-0.02096    
-2.75837    
0.46223    
1.86810    
0.42253    
1.83041    
0.01357    
0.43944    
-3.36809    
0.88558    
2.01398    
0.96648    
-1.37983    
0.03109    
-0.37124    
1.45833    
-2.50002    
-1.85806    
0.42012    
2.55663    
2.49851    
1.68537    
0.53020    
0.00112    
-0.02859    
-2.83500    
-0.03784    
0.46383    
1.34823    
0.05299    
1.85658    
-0.04795    
0.09513    
0.02237    
0.01708    
1.79937    
0.85738    
-0.49788    
0.96168    
-0.92140    
0.97111    
-0.06807    
-2.86405    
-0.07826    
0.86740    
-0.55475    
0.41608    
-0.96211    
0.07607    
-1.47835    
0.88797    
0.88134    
-1.01266    
-2.03075    
-0.47622    
-3.26482    
1.95385    
0.42543    
-0.94500    
1.31476    
1.04954    
