4.22151    
4.25213    
3.76339    
4.49222    
4.25927    
4.25816    
3.50824    
4.01636    
3.74899    
4.00384    
4.24755    
4.00381    
3.32613    
4.23658    
2.79765    
3.00252    
4.01057    
4.46251    
3.80260    
4.49197    
4.25004    
4.04303    
4.69534    
4.25922    
4.04571    
4.47228    
3.05489    
4.91886    
4.74564    
3.75875    
4.44048    
4.94128    
4.97128    
4.00814    
3.30931    
4.45963    
3.06329    
3.04886    
2.53994    
3.53365    
4.25770    
2.82987    
4.74355    
4.48120    
4.23349    
3.75763    
3.99926    
3.54552    
4.96681    
2.80553    
4.24721    
3.72482    
3.50931    
4.02596    
4.73089    
3.29994    
3.75694    
4.54014    
3.09088    
4.23203    
4.23333    
4.00176    
3.03898    
3.75832    
3.73977    
4.02167    
4.50399    
4.04013    
4.01410    
3.78154    
3.75032    
4.26070    
4.02359    
4.50126    
2.82446    
3.99814    
4.26747    
3.52225    
4.46475    
4.00991    
4.93554    
5.16581    
4.66523    
3.79170    
4.47235    
4.45275    
4.23816    
3.29622    
4.67228    
3.52044    
3.74934    
3.06078    
3.75956    
3.48031    
4.03171    
4.95831    
4.48238    
4.00036    
3.31205    
4.44863    
3.05055    
3.28244    
2.55436    
4.23758    
4.26227    
3.78629    
3.30667    
3.98780    
3.76883    
4.23861    
3.76652    
3.76418    
4.00261    
3.75854    
4.01984    
3.77026    
4.45247    
3.78288    
3.53666    
3.32536    
4.01387    
3.54535    
3.51332    
4.72738    
3.75548    
3.05691    
4.21386    
4.01271    
3.26279    
4.23011    
3.51699    
3.78220    
3.26827    
3.77864    
4.24955    
3.76501    
4.27977    
3.79357    
4.22751    
4.23555    
4.02720    
3.31692    
3.96476    
3.76160    
2.79068    
3.26288    
3.26648    
3.79603    
3.52242    
3.31003    
4.21503    
4.45694    
3.28108    
3.78796    
4.01009    
3.52494    
4.02111    
4.20282    
4.25283    
3.74985    
4.48016    
4.94259    
4.49501    
5.19791    
3.26706    
4.49182    
3.76134    
4.23547    
4.26218    
3.52162    
4.96953    
4.47509    
4.94093    
4.44345    
3.27685    
4.96920    
3.75775    
4.72711    
3.29319    
4.46153    
3.74941    
3.75416    
3.92539    
4.48862    
4.03428    
4.95309    
4.45351    
4.94917    
4.22898    
3.53891    
2.78438    
4.44824    
4.24370    
3.52073    
3.51284    
4.98873    
4.71399    
4.50326    
3.30058    
4.70177    
4.23737    
4.71553    
4.71820    
3.76945    
4.01894    
3.55254    
4.00584    
4.03209    
3.25558    
3.79849    
4.68577    
3.73422    
4.72273    
4.24479    
4.03876    
3.04067    
4.03134    
4.45857    
3.99883    
3.55523    
4.00666    
3.51222    
4.22639    
4.97459    
4.45407    
3.25466    
3.80939    
4.49341    
4.24444    
3.52833    
4.23373    
4.47333    
4.72037    
3.98767    
3.99524    
3.32782    
4.02174    
3.99925    
3.78483    
3.77082    
4.23906    
3.51679    
4.69527    
5.19937    
3.75136    
2.82479    
4.48076    
4.00651    
3.76504    
4.46990    
4.26701    
3.75325    
3.77542    
4.49612    
3.80146    
3.28081    
4.23684    
3.53484    
3.76504    
3.52024    
3.28578    
4.24028    
4.03219    
3.53780    
3.54373    
3.50765    
4.29039    
3.06598    
5.18212    
4.01341    
4.72796    
3.74418    
4.23798    
3.54112    
3.77022    
3.31808    
4.49788    
4.46047    
4.23050    
3.29669    
4.98434    
4.51806    
3.50024    
3.79325    
3.78930    
3.52066    
3.76575    
3.77525    
3.79384    
4.01561    
4.73076    
3.30102    
3.96657    
4.49980    
3.77335    
4.49696    
3.26445    
2.79803    
3.76332    
4.94742    
3.77398    
3.05260    
4.22618    
4.24868    
3.99651    
4.47227    
3.75891    
4.22435    
4.25226    
5.17288    
3.74719    
3.80907    
2.85133    
4.74129    
4.70375    
3.53410    
4.51342    
3.54063    
4.47665    
4.71490    
3.51217    
4.71466    
3.51547    
3.28038    
4.25181    
4.72204    
4.00881    
3.29494    
3.07502    
4.51379    
3.97628    
3.05246    
4.00550    
4.98127    
4.26924    
3.53793    
3.52510    
4.44384    
4.00447    
4.71863    
3.52899    
3.80035    
3.78477    
3.76383    
4.96922    
3.28526    
3.26961    
3.52133    
4.48225    
4.46330    
2.78008    
3.55805    
4.24555    
3.51616    
2.79456    
4.03606    
3.30449    
4.48256    
4.71303    
4.49156    
4.23091    
4.20807    
3.31189    
3.03095    
4.04505    
3.52764    
4.24279    
4.24104    
4.23426    
4.03668    
3.77836    
3.48329    
3.50753    
3.99633    
4.75904    
4.71223    
3.52245    
4.23259    
4.25762    
3.52363    
3.27923    
4.27059    
4.00922    
3.75855    
3.26597    
3.78072    
4.69245    
3.56706    
3.78885    
3.52714    
4.48804    
4.71499    
3.04708    
3.28923    
4.73352    
4.69894    
3.79558    
3.97473    
4.24433    
3.06503    
4.52140    
4.47254    
3.26535    
4.22282    
3.30474    
3.77541    
3.06819    
3.98579    
3.98268    
3.54069    
4.48796    
4.23913    
4.24887    
4.71130    
4.46734    
3.31955    
4.00372    
3.28918    
4.49489    
3.75670    
4.24014    
3.76710    
4.00586    
4.48722    
3.53777    
3.75874    
4.01441    
4.21224    
3.99485    
4.23441    
4.02033    
4.02577    
3.29081    
4.00480    
4.45392    
4.49104    
3.31530    
4.24837    
4.26664    
4.94437    
4.03098    
4.23249    
3.50202    
3.74350    
3.79078    
4.24037    
4.01247    
3.99390    
4.27748    
4.70465    
3.77400    
4.23554    
4.28210    
3.51661    
4.46698    
4.75086    
3.98906    
4.23593    
3.50769    
4.01677    
3.05666    
4.51379    
3.29627    
4.72013    
4.01014    
4.23057    
4.01682    
3.76525    
4.72840    
3.26314    
3.74925    
5.25453    
3.74621    
3.04402    
3.99971    
4.50030    
4.02564    
4.53805    
4.45737    
3.76966    
4.71906    
4.48152    
3.27902    
3.77055    
3.04056    
2.80754    
3.77752    
4.45992    
3.99185    
4.49331    
4.26511    
3.76364    
4.46989    
3.98595    
4.01092    
3.80029    
3.99619    
3.52101    
4.43044    
3.75754    
4.72786    
3.23147    
4.26647    
4.00416    
4.50918    
4.28136    
4.00574    
4.73176    
4.70654    
3.53241    
4.01961    
3.75319    
4.25468    
4.48425    
4.45667    
4.24680    
4.48204    
4.49877    
3.01704    
3.27311    
4.23391    
4.23099    
4.23768    
4.47581    
4.95777    
4.25204    
3.08145    
3.77520    
3.73685    
4.92243    
4.23738    
3.52229    
4.23789    
3.52394    
4.96196    
3.77770    
3.28816    
3.77537    
4.01181    
4.50417    
3.53737    
3.75624    
4.93765    
3.53302    
4.21797    
4.00263    
4.01878    
2.57616    
4.04565    
4.23280    
4.70865    
4.27107    
4.50341    
4.73653    
3.26575    
3.97050    
4.20325    
4.94134    
4.47619    
4.23274    
3.95186    
4.21895    
4.95409    
3.77845    
3.52889    
3.52911    
3.32615    
4.27131    
4.21392    
4.23718    
4.02736    
4.25295    
4.93049    
3.99243    
3.72905    
4.48352    
3.29967    
4.70304    
3.49365    
3.32157    
3.33774    
4.47921    
5.19555    
3.98754    
4.26876    
4.24424    
4.47049    
3.99177    
2.83403    
4.49266    
4.50714    
4.17985    
4.27220    
4.52782    
3.51772    
4.26504    
3.54477    
3.73557    
3.77158    
4.00585    
3.51911    
3.49641    
4.75548    
4.23464    
4.00582    
3.76587    
3.05913    
3.53484    
3.77204    
4.47140    
4.97377    
4.72434    
3.04248    
4.73559    
4.22837    
3.54538    
4.95559    
4.96080    
3.72758    
4.00584    
4.94684    
3.77999    
4.21649    
3.52649    
4.71319    
4.48163    
3.98550    
4.22329    
3.76841    
4.24079    
3.52974    
3.76920    
4.21552    
3.54365    
3.75951    
3.99024    
3.76636    
3.77902    
3.52641    
3.73074    
4.24814    
3.31821    
3.52032    
4.02469    
4.24769    
3.98201    
4.01039    
3.78822    
4.22820    
4.52152    
4.02209    
3.99478    
4.49499    
3.53952    
3.54409    
3.53752    
4.24033    
3.53377    
4.70573    
3.29554    
4.02492    
3.78052    
3.99286    
4.96960    
3.75841    
4.19563    
3.99018    
3.49971    
4.25463    
2.82225    
4.00741    
3.73575    
3.29209    
4.75693    
3.99110    
3.74652    
3.76951    
4.25958    
4.69724    
4.22843    
3.54237    
3.76242    
3.77168    
4.23918    
4.03261    
3.54138    
3.75780    
4.24282    
4.49658    
3.25845    
3.27208    
3.26695    
4.22692    
4.02159    
3.50903    
4.25550    
3.51490    
3.05336    
3.04602    
2.58230    
4.01621    
3.28544    
4.01558    
3.53641    
3.79843    
4.01921    
4.00251    
3.78037    
2.80618    
4.26083    
3.52117    
4.00830    
5.21768    
3.49893    
4.22930    
4.25902    
3.57355    
3.54845    
3.75678    
3.97939    
4.96672    
4.03317    
4.24350    
4.22130    
4.99936    
4.02335    
4.26424    
3.02124    
4.74070    
4.75292    
3.80476    
3.98918    
4.72608    
3.27311    
3.79938    
4.22645    
2.59107    
4.00008    
4.24769    
4.96787    
4.49565    
4.25663    
3.76026    
3.50664    
4.24142    
4.03015    
4.24473    
4.50130    
3.97995    
5.18958    
3.29025    
4.48682    
4.26008    
4.47554    
3.97768    
3.78810    
3.76471    
4.46366    
3.26440    
4.97995    
4.23340    
2.79364    
4.23177    
3.76188    
3.75163    
3.97957    
3.57144    
4.00534    
2.57491    
4.43958    
3.50703    
4.70509    
4.70221    
3.26200    
4.47066    
4.01284    
4.95249    
4.72377    
4.23418    
3.03753    
4.03107    
3.73810    
3.52550    
4.01523    
3.04134    
3.99542    
4.47701    
3.73064    
3.73165    
3.77299    
4.22555    
4.51465    
3.77015    
4.00639    
2.84188    
3.28832    
3.26376    
3.78177    
3.98873    
4.24727    
4.27909    
2.82232    
4.01657    
3.53593    
3.76017    
4.22943    
3.50287    
3.33856    
3.97000    
3.31230    
3.98061    
3.52610    
3.79117    
3.30323    
3.98240    
4.25508    
4.73954    
3.72351    
3.79370    
3.49832    
4.45073    
4.99293    
3.72605    
3.74139    
3.75112    
4.68358    
3.76183    
4.03243    
4.71602    
4.92852    
3.31523    
4.04226    
3.05971    
4.03742    
4.45194    
4.30051    
3.52678    
4.72457    
3.53417    
3.51205    
3.76312    
4.03065    
3.77287    
3.79710    
4.27622    
3.76674    
4.47457    
4.47958    
4.50353    
5.20073    
4.23168    
3.76382    
3.97503    
4.24834    
4.72277    
4.46452    
3.74239    
4.00993    
3.99261    
3.97763    
4.23127    
4.48185    
4.26013    
3.98783    
3.53956    
3.99396    
3.05773    
3.75010    
3.75500    
4.73657    
3.50544    
3.80499    
4.23841    
4.25140    
4.72538    
4.47107    
4.24102    
4.48720    
4.01940    
3.74666    
4.23223    
4.51659    
4.46848    
4.47795    
3.52116    
3.54554    
4.98697    
3.75720    
3.77250    
4.21719    
3.27509    
3.30095    
3.28099    
4.23384    
4.48527    
3.75853    
3.76712    
3.98261    
4.49638    
3.76008    
4.51063    
4.22482    
3.05104    
3.74406    
3.97717    
3.53350    
4.49850    
4.48562    
4.22984    
4.98068    
3.49823    
4.51720    
3.51903    
4.95909    
3.77987    
3.53592    
4.93141    
4.44817    
4.72815    
3.50335    
4.00130    
3.97383    
3.52680    
3.53504    
3.28104    
3.53756    
4.48455    
4.02515    
4.49877    
3.48575    
3.27848    
3.98032    
3.51901    
4.47411    
3.77381    
2.58422    
3.30244    
3.79317    
4.72910    
4.00103    
4.47214    
4.03281    
4.26304    
4.47838    
3.75870    
3.75422    
3.31221    
3.75596    
4.21302    
3.03522    
4.93993    
4.24951    
3.07255    
3.53076    
3.53628    
4.01506    
4.25395    
4.71796    
3.51784    
4.47903    
3.28373    
3.97894    
4.25231    
4.00564    
4.46416    
4.22735    
4.47688    
3.49036    
4.24190    
3.97126    
3.97818    
4.67998    
3.99490    
3.99175    
3.78050    
4.00593    
3.98857    
4.47718    
4.21943    
3.53777    
3.51585    
3.51467    
3.50167    
4.47236    
4.22428    
4.69297    
3.76654    
4.25687    
4.20680    
4.74388    
4.26539    
3.04915    
3.33573    
3.28514    
3.31030    
3.74363    
3.97405    
3.53140    
4.50080    
4.48649    
4.72303    
4.48636    
4.93341    
3.55075    
3.75200    
4.03532    
4.69618    
3.03497    
3.97187    
3.75581    
3.79033    
4.20781    
3.29940    
3.97513    
4.73455    
3.51250    
4.25565    
4.70245    
4.72744    
3.74166    
3.72132    
3.00480    
4.06736    
3.98688    
3.52999    
3.99249    
4.00216    
3.75657    
4.44435    
3.75832    
4.72231    
3.97388    
3.76760    
3.74290    
3.53190    
4.75330    
3.96797    
4.72299    
4.74287    
4.00076    
4.19682    
4.25858    
3.79473    
4.45887    
3.80450    
4.74291    
4.74515    
3.04984    
4.22170    
4.00828    
3.98768    
4.00515    
4.03022    
3.79087    
4.23129    
3.28901    
4.48296    
3.27613    
3.77933    
4.21386    
3.29132    
3.22667    
3.99952    
3.25883    
4.50966    
3.51912    
3.50572    
4.48366    
3.98730    
4.02101    
3.77207    
4.49437    
3.76258    
4.00394    
4.24537    
4.65251    
3.76421    
4.21707    
3.53289    
3.77214    
4.69896    
3.50669    
4.70544    
3.28540    
4.71818    
4.48112    
3.49868    
4.00981    
5.24036    
3.53683    
3.97905    
4.27425    
4.25942    
4.70004    
3.76221    
4.01344    
4.01213    
3.30818    
3.53182    
4.45061    
3.00594    
4.24057    
4.45250    
3.55448    
3.98644    
3.77830    
4.48648    
3.98912    
4.26850    
4.46951    
4.71975    
3.30106    
4.01305    
3.99083    
4.70544    
3.29390    
3.51141    
4.49460    
4.22956    
4.27546    
4.46679    
4.23956    
4.00187    
4.21019    
3.99922    
3.75988    
3.97660    
4.02766    
3.29428    
4.43934    
4.24479    
4.22633    
4.25008    
4.49587    
3.54729    
4.46737    
2.78259    
3.51139    
3.53351    
4.45728    
3.75479    
4.03145    
4.93329    
4.04430    
4.98609    
3.99250    
4.24304    
3.99174    
4.21029    
4.50502    
3.77343    
4.24812    
4.00201    
3.51187    
3.96898    
4.01694    
4.21707    
3.75368    
4.68982    
4.00985    
3.08112    
4.70019    
4.48337    
3.99965    
3.73823    
3.77436    
4.44670    
4.19303    
3.49988    
4.44908    
4.47352    
4.02235    
4.02361    
3.56060    
4.49044    
3.77478    
4.96915    
3.76600    
4.95256    
4.02387    
4.25151    
4.50189    
4.94665    
3.50268    
3.98648    
4.72967    
3.30797    
3.74877    
3.54183    
4.46357    
3.99584    
4.48286    
4.23043    
3.74735    
3.51924    
3.76852    
3.52972    
4.28281    
3.78858    
4.02997    
2.77489    
3.73701    
3.76587    
3.96822    
3.98892    
3.76411    
3.27888    
4.75504    
4.01087    
4.28399    
4.24659    
3.75054    
3.57758    
4.45030    
3.74858    
4.23373    
2.82133    
3.52274    
3.73951    
3.97434    
3.97357    
4.00362    
3.06305    
4.23565    
4.50821    
3.97960    
4.95311    
4.02354    
4.03663    
3.27393    
3.03593    
4.48079    
3.51344    
4.00448    
4.00530    
3.75935    
4.96501    
4.49893    
4.73113    
4.99687    
2.80772    
4.21249    
3.30097    
4.00920    
4.51768    
4.21853    
4.03651    
3.99349    
4.21188    
3.77117    
3.53138    
3.29907    
4.04582    
3.51954    
3.53340    
4.23744    
4.00823    
3.06203    
4.01148    
4.26258    
4.00949    
4.72229    
4.45001    
4.01045    
3.51376    
4.49593    
3.78551    
4.96420    
4.24164    
4.48713    
2.82345    
4.46078    
4.25157    
4.47520    
3.99463    
3.73753    
3.77415    
4.68158    
4.46447    
4.25796    
4.02164    
4.23264    
3.76761    
4.71455    
3.74560    
4.24026    
4.47935    
3.72857    
4.24698    
4.45567    
3.75217    
5.17534    
3.53589    
4.49127    
3.28353    
4.02592    
4.02566    
3.77383    
3.73604    
3.54395    
4.72223    
3.99257    
3.27742    
4.01663    
3.77168    
3.98718    
4.24103    
3.56069    
3.30677    
4.26619    
4.23239    
4.22867    
4.93443    
4.25064    
3.76164    
3.76797    
3.99121    
3.01996    
3.99490    
3.99574    
4.25258    
4.70963    
4.26866    
3.55938    
3.28178    
2.56466    
3.05265    
4.24428    
3.31441    
3.79720    
3.03673    
4.94858    
4.77754    
3.72573    
4.23206    
5.42990    
4.71319    
3.57793    
3.28721    
5.02785    
4.48022    
4.70333    
3.78659    
4.46078    
4.00033    
4.53493    
3.73551    
4.95912    
3.53787    
3.99354    
4.46746    
4.22958    
3.77322    
3.74196    
4.49747    
4.02379    
3.97765    
3.74952    
4.72161    
3.78595    
4.01075    
3.78135    
4.74990    
5.18122    
4.69051    
3.03824    
3.05907    
4.02063    
4.23227    
3.27810    
3.99394    
3.74144    
3.75509    
2.35461    
3.98020    
4.21780    
3.27232    
3.97979    
4.26843    
3.75863    
3.55062    
4.24232    
4.50883    
2.08696    
4.21916    
4.21093    
4.73317    
4.26061    
3.75688    
4.97918    
3.77626    
4.47157    
3.53918    
4.48979    
4.00355    
3.75660    
4.53496    
3.78000    
3.99621    
3.52600    
4.01329    
4.74380    
4.51203    
3.54078    
3.54545    
3.26026    
4.02466    
3.04971    
3.76862    
3.73402    
3.98856    
4.02255    
3.53345    
4.22027    
3.78235    
3.26743    
3.77394    
4.24309    
4.02520    
3.53180    
3.74576    
3.53198    
4.24288    
3.27313    
4.01504    
4.43441    
3.01573    
3.49991    
4.26878    
3.79372    
3.04803    
3.50718    
3.95049    
4.50661    
2.81200    
4.45804    
3.50018    
3.26666    
3.76184    
4.92389    
4.96413    
3.25925    
3.50588    
3.50847    
4.22312    
3.28834    
4.53517    
3.32590    
4.20134    
3.25519    
3.99919    
4.50474    
3.74336    
4.73456    
4.49374    
3.74532    
4.01177    
3.30056    
3.72132    
4.25392    
3.78354    
4.22969    
4.24636    
3.76621    
3.74586    
4.27593    
3.75379    
3.96350    
3.55939    
4.01912    
4.19891    
3.98754    
4.99714    
3.24849    
4.25898    
4.23475    
3.04510    
3.50081    
3.51872    
4.46937    
4.25663    
4.24415    
4.00498    
3.03040    
4.00760    
4.68980    
4.70197    
4.21030    
4.01337    
3.28257    
4.02027    
4.01760    
3.51576    
4.00091    
4.24998    
3.54228    
3.07590    
3.74707    
4.52833    
3.33158    
3.96659    
3.73026    
3.54874    
3.30223    
3.55234    
3.97037    
4.21545    
3.77447    
3.54240    
3.97269    
2.80391    
4.96554    
3.80727    
3.30521    
4.96565    
3.28602    
4.25263    
4.43525    
3.52423    
3.53407    
4.23728    
4.99014    
3.75737    
4.47572    
3.52803    
3.51459    
3.78026    
4.44092    
4.48234    
4.01817    
4.50171    
4.03390    
4.25725    
4.73551    
4.46077    
3.02579    
4.71700    
3.52691    
4.71703    
3.29691    
3.50278    
4.96303    
3.75033    
4.23130    
4.74833    
3.98223    
4.46117    
3.75001    
3.30131    
3.77973    
4.96445    
4.93507    
4.97579    
4.01984    
3.76880    
3.77155    
3.52572    
3.96185    
4.48492    
3.76564    
4.23397    
3.28696    
4.02166    
4.25451    
3.51307    
3.78678    
3.99640    
3.54009    
3.99219    
4.48518    
4.00471    
4.00371    
4.24423    
3.52300    
4.23685    
4.46657    
3.97142    
3.31637    
4.47808    
4.72958    
4.44230    
4.25378    
3.28025    
4.96971    
3.99923    
3.28752    
4.71158    
4.24679    
4.22027    
3.50956    
3.52068    
3.78169    
3.78246    
4.70271    
3.77436    
3.78651    
3.99502    
3.75885    
4.46470    
3.99468    
4.23911    
3.98251    
4.03652    
4.48727    
4.23501    
3.04393    
4.23609    
4.70866    
3.51092    
4.23867    
3.28134    
4.20877    
4.26006    
4.24396    
4.23681    
3.99496    
3.98647    
4.24924    
3.05681    
3.29771    
4.52241    
4.20447    
4.24391    
3.31007    
3.28952    
4.70510    
3.75640    
5.39571    
3.76468    
3.49847    
3.27437    
4.94320    
4.26551    
4.00713    
4.26110    
3.28839    
3.78688    
3.74390    
4.03455    
3.50623    
4.20291    
4.03125    
3.05880    
4.50589    
4.25909    
4.50201    
4.23749    
3.97301    
4.25085    
3.54663    
4.51594    
4.24370    
4.25771    
4.00860    
3.27888    
3.76128    
3.54107    
4.01588    
5.17366    
3.72934    
4.49195    
4.23629    
4.00111    
4.23353    
4.22128    
3.99194    
4.51269    
4.21777    
3.78656    
4.97125    
4.26029    
4.22171    
4.25571    
3.79096    
4.72987    
3.75148    
4.47682    
3.25781    
4.04128    
2.85923    
3.28241    
2.82826    
4.03394    
4.23906    
4.22631    
3.73103    
3.30032    
4.25277    
4.47923    
3.77455    
3.27919    
3.97709    
4.02690    
4.47666    
4.45149    
3.99623    
4.96059    
4.46603    
3.97619    
4.01480    
3.73116    
4.49051    
3.78517    
3.74673    
4.22309    
3.77624    
3.75691    
3.96115    
3.54426    
4.46484    
5.18385    
4.25413    
4.22355    
3.97154    
3.52171    
4.24126    
3.02709    
4.23618    
3.54092    
3.26811    
3.52588    
4.01528    
4.71749    
3.56135    
3.78241    
4.48921    
3.97328    
3.74753    
4.48457    
4.26143    
5.00069    
3.76218    
4.48696    
4.26599    
3.49602    
3.74777    
4.01469    
3.49287    
3.98598    
4.99022    
4.72388    
3.29419    
4.03734    
3.79161    
3.27446    
4.01211    
3.74802    
2.35462    
3.95306    
4.49947    
4.24332    
4.94846    
3.74733    
3.02777    
3.94831    
3.27656    
4.26607    
3.98121    
4.44197    
4.46376    
3.01834    
4.94734    
4.26550    
5.44135    
3.76039    
4.69713    
3.55708    
3.75716    
4.23780    
3.54390    
3.53585    
4.22257    
3.77411    
4.22892    
3.53661    
3.48949    
4.22287    
4.00613    
3.53353    
4.02878    
3.23900    
3.29505    
3.26821    
4.22632    
4.48325    
4.24894    
4.00478    
3.76995    
5.21229    
3.54054    
4.26088    
3.50652    
3.28102    
4.22009    
3.79311    
4.46086    
4.00788    
3.49315    
4.48804    
3.74873    
3.30977    
3.07041    
3.27671    
4.72704    
3.75786    
4.94757    
4.02328    
3.06831    
3.51349    
4.04396    
3.28348    
4.01083    
3.51981    
3.02825    
4.48743    
4.22346    
5.00269    
5.40715    
3.78033    
3.77210    
4.21510    
5.20876    
3.78381    
4.22386    
3.76721    
4.00840    
3.51267    
3.79843    
3.75959    
4.47289    
4.26751    
3.99564    
4.50665    
3.29021    
3.77421    
3.75849    
4.25197    
4.47551    
4.71526    
3.78029    
3.52791    
4.25928    
4.44897    
3.75230    
4.46792    
3.28832    
3.78582    
3.74431    
3.76215    
3.76862    
3.76050    
4.71240    
4.51530    
4.20328    
3.98985    
3.98757    
4.49277    
3.24776    
3.52664    
3.74028    
4.98557    
3.99729    
4.25038    
4.25336    
3.27939    
4.24590    
3.98294    
3.72284    
4.95430    
4.22604    
3.09045    
3.27308    
4.48787    
3.74299    
4.71398    
4.94226    
3.98921    
3.55481    
3.51945    
4.27587    
3.53083    
4.01217    
4.46599    
3.75329    
3.77380    
3.54683    
4.48310    
4.27100    
3.28290    
3.53919    
3.25382    
4.47682    
4.24814    
3.53083    
4.00678    
3.28258    
4.75671    
4.20717    
4.44444    
4.26754    
3.99303    
3.75305    
3.76418    
4.03109    
4.43875    
3.99681    
3.29174    
2.56968    
3.24848    
3.27876    
4.26102    
4.49538    
4.00773    
2.55202    
3.75045    
4.96677    
3.53094    
4.50426    
3.06038    
4.04344    
4.23221    
3.77180    
3.98462    
3.26749    
3.51093    
4.23787    
3.99081    
3.99722    
3.55121    
4.23055    
3.72934    
5.19992    
4.22587    
4.49403    
3.53141    
3.05748    
4.26420    
4.23726    
4.94537    
3.05347    
4.44588    
3.73308    
3.98106    
4.00557    
3.99700    
4.22027    
4.02148    
2.83550    
4.23134    
3.03357    
4.70257    
4.24868    
4.94217    
3.80817    
3.77882    
4.23282    
4.22990    
4.48361    
3.54378    
3.54935    
3.54621    
3.50766    
3.04480    
4.00544    
3.53920    
4.70809    
3.28005    
4.02503    
3.76362    
4.00784    
3.54017    
3.99923    
3.04832    
4.47058    
3.80258    
3.99804    
3.75648    
3.74843    
3.29682    
3.50659    
4.73413    
3.52536    
4.01420    
4.22625    
4.47046    
4.48054    
3.99987    
4.69528    
4.46535    
3.78962    
3.53965    
3.53880    
4.71573    
3.98763    
3.53190    
4.23036    
4.45663    
3.98571    
3.99171    
4.22786    
3.53130    
3.51203    
3.74329    
4.45630    
4.48641    
3.96531    
4.23689    
4.22176    
3.30973    
4.02505    
4.25573    
4.97494    
3.77778    
3.27383    
4.23907    
5.41009    
3.79788    
3.99634    
4.24800    
3.75948    
2.29318    
3.99425    
4.72176    
4.25722    
3.79405    
3.30463    
4.00679    
4.27473    
3.75041    
4.46478    
3.79736    
4.48492    
3.76663    
3.76869    
3.76959    
4.21003    
3.72077    
3.78606    
4.97001    
4.24547    
4.25817    
3.75054    
4.02642    
4.22723    
4.50280    
5.43999    
4.25086    
3.52795    
3.51105    
3.52223    
4.23769    
4.24084    
4.22337    
5.19605    
4.70140    
4.46438    
4.73537    
3.54297    
3.05856    
3.78951    
4.23543    
4.22287    
3.53415    
3.30377    
3.97697    
3.97025    
4.47224    
4.96362    
3.29394    
4.26024    
3.31135    
3.27134    
4.00059    
5.42573    
4.00434    
4.48807    
4.27363    
3.26970    
4.71664    
3.53363    
4.95527    
3.76263    
3.76951    
3.52650    
3.75714    
4.01272    
4.25277    
4.01789    
3.75463    
4.21168    
3.53391    
3.96712    
3.96163    
5.45317    
5.20576    
4.23714    
4.00714    
4.00215    
4.25680    
3.75253    
4.47470    
4.02207    
4.24807    
4.99263    
3.75378    
3.75731    
4.45767    
4.49653    
3.77672    
3.02869    
4.45538    
3.02483    
3.76078    
4.22852    
4.01529    
3.74657    
3.75600    
3.99969    
5.41651    
3.56155    
4.48428    
3.30315    
4.00155    
4.03214    
4.70621    
3.73473    
3.98637    
3.29496    
4.24674    
4.21149    
4.50782    
3.52083    
3.78473    
4.22578    
3.75343    
3.74998    
3.33337    
3.73646    
5.41248    
4.24549    
3.73912    
3.77680    
5.39810    
4.48106    
4.73276    
4.48571    
4.72728    
4.27759    
4.94309    
3.77038    
3.98559    
4.26735    
4.74188    
3.99048    
4.22881    
3.53019    
3.31339    
4.22126    
3.97260    
4.23954    
4.00532    
3.50264    
3.54485    
4.93320    
4.96915    
4.22088    
3.77804    
3.77904    
3.52352    
4.26527    
3.51466    
3.52807    
4.48571    
3.28391    
3.54414    
3.49386    
3.52811    
3.50017    
4.47634    
4.71078    
4.24318    
4.20817    
3.73347    
4.49334    
4.72831    
4.75182    
3.69516    
4.71444    
3.30714    
4.03844    
3.51154    
4.50371    
3.31372    
4.71828    
3.52382    
4.26177    
4.27869    
4.47273    
4.51581    
3.76629    
3.28135    
3.52613    
4.24937    
4.22934    
3.74604    
4.02075    
4.03566    
3.52249    
3.97454    
4.26348    
4.01227    
4.25656    
4.69920    
3.49068    
4.97306    
4.01984    
3.25011    
3.78284    
3.74419    
4.00866    
3.50076    
4.94965    
4.24932    
4.25653    
3.05100    
3.78171    
3.03224    
3.56593    
4.98048    
3.04120    
4.47528    
4.00699    
4.26239    
3.24694    
4.71344    
4.01332    
3.31148    
4.48864    
3.28484    
3.74559    
3.72456    
4.02240    
4.01216    
4.97811    
4.03879    
4.73514    
2.82132    
3.51227    
4.96634    
4.50994    
3.04302    
3.53032    
3.75314    
3.54198    
3.99280    
3.06187    
3.52197    
4.22948    
4.20582    
3.48407    
4.25822    
4.96357    
4.28134    
4.75069    
4.48195    
4.94248    
4.93985    
3.04117    
4.00804    
2.33654    
3.96670    
4.50120    
3.74423    
4.23044    
3.53543    
4.03355    
3.52913    
3.02617    
4.71478    
3.99297    
3.50884    
4.00189    
4.96823    
3.76761    
4.23919    
3.77904    
3.54069    
4.68420    
3.53892    
4.74476    
4.20147    
3.05791    
3.77371    
4.01434    
4.72341    
4.00311    
3.50859    
4.25741    
4.03450    
3.50428    
4.25548    
4.25284    
4.41751    
4.70852    
3.77897    
4.49080    
3.74012    
4.26078    
4.03168    
4.22761    
4.26447    
4.27646    
3.78020    
4.23808    
3.72962    
4.48304    
4.24035    
3.54664    
3.99923    
4.52166    
2.08906    
3.30218    
4.22920    
4.48212    
3.96525    
2.54824    
3.53042    
2.99959    
3.07273    
3.32344    
3.30298    
4.46099    
3.77357    
3.96920    
3.10676    
4.70629    
3.51843    
3.53907    
4.23901    
4.46767    
4.03415    
4.71372    
3.03989    
4.49420    
4.03575    
3.07184    
2.82575    
4.68680    
3.29381    
4.26205    
4.46436    
4.25215    
3.50733    
3.99262    
4.01626    
5.95657    
4.45275    
4.73369    
3.30557    
4.45722    
3.51830    
4.46934    
3.51438    
4.49864    
3.76606    
3.74721    
4.24455    
3.31828    
3.78329    
4.75791    
4.00943    
4.22877    
3.77558    
3.72492    
4.74367    
4.00764    
3.79398    
4.04421    
4.24326    
3.75725    
4.29058    
4.01441    
3.53988    
4.52448    
4.96262    
4.18340    
4.49893    
4.68680    
3.50890    
4.47057    
4.26787    
4.45871    
4.46699    
3.74628    
4.00110    
4.02415    
4.26994    
3.29283    
4.96789    
4.24826    
3.52713    
4.23454    
3.79399    
3.76143    
4.47092    
3.25315    
3.53336    
3.05931    
4.71671    
3.50482    
4.02944    
3.77289    
4.28106    
3.73806    
3.53424    
4.97574    
3.99072    
5.46168    
3.74800    
3.27896    
3.30218    
4.20038    
3.31271    
3.52679    
4.24922    
3.98310    
3.78290    
3.53138    
4.23811    
3.55534    
3.30770    
3.98614    
4.23308    
5.21026    
3.78260    
4.69050    
3.48129    
4.04424    
4.22857    
3.75298    
3.95756    
3.50607    
3.99730    
4.24048    
3.75865    
3.30486    
4.00966    
3.99638    
4.47058    
3.77693    
3.98931    
3.99268    
4.00698    
5.21662    
4.46200    
2.74394    
4.26874    
3.78659    
4.02740    
3.75414    
4.70577    
4.91533    
3.52466    
4.45952    
4.47464    
4.24296    
4.71305    
5.42452    
4.24181    
4.27114    
2.84490    
3.50632    
4.22194    
4.70252    
4.23771    
4.96902    
4.93836    
4.20303    
4.02302    
4.75055    
3.56128    
4.46082    
3.53754    
3.51004    
4.46956    
4.44471    
4.24421    
4.49963    
4.51147    
4.01632    
3.02511    
3.27653    
3.05473    
4.47136    
4.76334    
4.26648    
3.27210    
3.98238    
4.01900    
3.29384    
3.73683    
3.05211    
4.25383    
4.48099    
4.47994    
4.67478    
4.24724    
4.24473    
3.99850    
4.93339    
4.75578    
4.47057    
4.21394    
4.22901    
2.85277    
4.26164    
3.99719    
4.24302    
5.19738    
4.71382    
4.05147    
4.20922    
3.06664    
3.99238    
3.05267    
3.76098    
3.52374    
3.52252    
3.51895    
3.54321    
4.02998    
4.44670    
4.70541    
4.75623    
5.22290    
2.75293    
4.49065    
4.70438    
3.31074    
4.73122    
4.26239    
3.27466    
3.28183    
5.16064    
4.23014    
4.48501    
3.53424    
3.99822    
4.01631    
4.02524    
3.97792    
4.72837    
4.51889    
3.52523    
3.79097    
4.48853    
3.79241    
3.30119    
3.54154    
3.73368    
2.33664    
5.20947    
3.74732    
3.53172    
4.22934    
4.51251    
3.27495    
3.28775    
4.22234    
4.01001    
3.99691    
3.74706    
3.76025    
3.48966    
4.47212    
3.98444    
3.28925    
3.52888    
4.50071    
4.47680    
4.72786    
3.77510    
3.75943    
4.48345    
3.80516    
4.72906    
3.08303    
3.76902    
3.96514    
4.24203    
4.27961    
3.97661    
3.05578    
5.19908    
4.00700    
3.97886    
4.26094    
3.77488    
3.54495    
3.27833    
4.00985    
4.49312    
4.48704    
5.43785    
3.77465    
3.99105    
3.76911    
4.02142    
4.44051    
3.79406    
3.54053    
4.49394    
3.27928    
4.95196    
3.49011    
3.75384    
4.97305    
4.49773    
4.25297    
3.76609    
4.94360    
3.75461    
4.01350    
3.53782    
3.76538    
3.99450    
3.76247    
4.01119    
2.78747    
3.77532    
4.23049    
3.03700    
4.23783    
4.01266    
5.17603    
4.24071    
3.51375    
3.02213    
4.02398    
5.43867    
3.31012    
3.53800    
5.20491    
4.68856    
3.53822    
3.78569    
3.79086    
5.20190    
3.97033    
4.23676    
4.01231    
4.26353    
3.97208    
4.73447    
4.23269    
4.24159    
3.26719    
4.03930    
3.27986    
4.01304    
3.00925    
4.71510    
4.24685    
3.29464    
3.28783    
4.48163    
3.51316    
3.06278    
5.42670    
4.27214    
4.23444    
3.27644    
4.21070    
3.57122    
4.25454    
3.78839    
3.79761    
4.26693    
4.22373    
3.50218    
3.05858    
3.04348    
3.77948    
4.26167    
3.79863    
5.43363    
4.70413    
4.01078    
4.03424    
3.29537    
3.51034    
3.75846    
4.24335    
4.01940    
4.44502    
3.80496    
4.70101    
3.77305    
3.30662    
4.25513    
4.01654    
4.26482    
3.77466    
4.01595    
4.01829    
4.21061    
4.48791    
3.77839    
4.71999    
2.76152    
3.06880    
3.75219    
4.25281    
4.26128    
3.76636    
4.72925    
4.22169    
3.75556    
4.21698    
3.29498    
3.98572    
3.52318    
4.48951    
3.46636    
4.48724    
4.48541    
3.79766    
4.21080    
3.99893    
4.23985    
4.49164    
3.29386    
4.23433    
4.01546    
3.77673    
3.97750    
3.75158    
4.98440    
4.50010    
3.29481    
4.03290    
3.53332    
3.25780    
3.74936    
3.75997    
4.73732    
4.98096    
4.02979    
4.96508    
3.98659    
3.99208    
3.75658    
3.54750    
4.95366    
4.00122    
3.02618    
4.24623    
4.71082    
3.81549    
4.25996    
4.49194    
4.93160    
4.01999    
4.23167    
4.48267    
4.46439    
3.03273    
3.97239    
4.26321    
4.03183    
3.99643    
4.46337    
4.02255    
3.28970    
4.69112    
4.71592    
4.23512    
3.98401    
3.56050    
3.76806    
4.74470    
3.02873    
3.99226    
3.53989    
4.21240    
3.01964    
3.96272    
3.81329    
4.00123    
3.77541    
4.96258    
5.15337    
3.03772    
4.50020    
4.00025    
4.44877    
4.96470    
3.75431    
4.74604    
5.20010    
3.26567    
3.26987    
4.95715    
4.71173    
4.01276    
4.47947    
3.75698    
3.77693    
3.27507    
4.93496    
4.93714    
4.51677    
2.55454    
4.24361    
3.26899    
4.71183    
4.02131    
3.54088    
4.23746    
4.47734    
4.73928    
3.30641    
3.79964    
4.49319    
3.53301    
2.81524    
3.04193    
3.76253    
4.68443    
3.53558    
4.50516    
3.54651    
3.51875    
3.49646    
4.51034    
4.24064    
3.99232    
4.72085    
3.54265    
3.28259    
4.97249    
4.02638    
4.49825    
4.45168    
3.74840    
3.56298    
3.99172    
3.76047    
3.75416    
4.24771    
3.75934    
4.03833    
4.97406    
4.24640    
4.00266    
4.23500    
4.72894    
4.48089    
3.27261    
4.94627    
3.77463    
4.01165    
3.29857    
4.01048    
4.48170    
4.02111    
3.06680    
3.02246    
3.53334    
3.05635    
3.45771    
3.97751    
3.78599    
3.75364    
3.97231    
4.02414    
3.76109    
3.75371    
4.03296    
3.98328    
4.26332    
3.75005    
4.00344    
3.73985    
3.75631    
3.53522    
3.98560    
4.95508    
3.30493    
3.48782    
3.78374    
3.51743    
3.53081    
3.76345    
3.28797    
4.24556    
4.00756    
4.26526    
3.54591    
3.99942    
3.28048    
3.27879    
4.49137    
3.79411    
4.25283    
3.03343    
4.25054    
4.71813    
2.82832    
3.03735    
4.47739    
2.81097    
4.68123    
3.26040    
3.30353    
3.81476    
3.07097    
4.71814    
4.23516    
4.46875    
3.49189    
3.55960    
3.55966    
3.98768    
4.25822    
4.25398    
3.30435    
4.24364    
3.54702    
4.24911    
4.70786    
3.99216    
3.99795    
4.02001    
3.99032    
4.70939    
3.73857    
4.48794    
3.51387    
3.03620    
4.92842    
4.25110    
5.24175    
4.24785    
2.84391    
3.74967    
3.51372    
3.77648    
4.75503    
4.00228    
5.43250    
3.74985    
3.98904    
3.54394    
3.27761    
3.53151    
4.00021    
5.15919    
4.04293    
4.00929    
4.95474    
4.24643    
3.55126    
3.80434    
3.06358    
3.98941    
4.45866    
4.71562    
4.23946    
4.97931    
4.47307    
3.96557    
3.52443    
3.54567    
3.98699    
4.21413    
3.74058    
4.02697    
4.24384    
3.52767    
4.22429    
3.31578    
2.55628    
4.66977    
3.77337    
3.53293    
3.76879    
4.49613    
4.21740    
4.48653    
3.51188    
4.01074    
4.49602    
3.50306    
3.98218    
4.72446    
4.72597    
3.51960    
4.01851    
3.74403    
4.02824    
4.24253    
3.31135    
4.91290    
3.04858    
4.47409    
4.49740    
3.78305    
4.72899    
4.02056    
3.99874    
4.00064    
4.01833    
3.97660    
4.69766    
4.70816    
2.79231    
3.98130    
3.32147    
3.03695    
3.07204    
3.75629    
3.03753    
4.73026    
3.78965    
3.53116    
3.77092    
4.48273    
3.54832    
3.49265    
3.03775    
3.77720    
4.25225    
3.75362    
4.25258    
4.49507    
4.23342    
3.29405    
3.97230    
3.73697    
3.49285    
3.53149    
4.26174    
4.97023    
4.70266    
3.31181    
3.94903    
3.77734    
3.77187    
3.77760    
4.72667    
4.74733    
4.47789    
5.23815    
4.49042    
4.05119    
3.70240    
3.48266    
4.48773    
4.95216    
4.51051    
3.77475    
4.71479    
4.05192    
3.52565    
3.06026    
3.07227    
4.19679    
3.04028    
3.06742    
3.53909    
4.48448    
3.50609    
4.44285    
4.00380    
5.21456    
3.53056    
3.29793    
3.52168    
4.25758    
3.08077    
4.22916    
4.70351    
3.98128    
3.28717    
3.79242    
4.24278    
5.20646    
3.98376    
3.98656    
4.48401    
4.50728    
4.02638    
3.75549    
4.49547    
4.45601    
3.73133    
4.73313    
4.51645    
4.24359    
4.47391    
4.01435    
2.82899    
4.46213    
4.00026    
4.24066    
4.44997    
4.01069    
4.46406    
4.25531    
3.09104    
4.21602    
5.20716    
3.77318    
4.47119    
3.51821    
3.30428    
4.01011    
3.76662    
4.71201    
4.71510    
4.70071    
4.46812    
4.21850    
2.29101    
4.72686    
2.57886    
3.26945    
4.22939    
3.30514    
4.48199    
5.66273    
4.50196    
3.99590    
4.48207    
3.76305    
3.29831    
3.02991    
4.48777    
3.52079    
3.52478    
3.77553    
3.75192    
4.03612    
4.49302    
3.79266    
3.97578    
4.48734    
3.01510    
4.22229    
3.75475    
3.75357    
3.75029    
3.75420    
3.73723    
3.75405    
3.78658    
4.28528    
5.21077    
4.48203    
3.28871    
4.95568    
4.01123    
3.01575    
3.72204    
4.48866    
3.99379    
4.45180    
4.72221    
3.75369    
3.73386    
3.49687    
4.93901    
4.69110    
4.44717    
3.98497    
4.68903    
3.27525    
3.07709    
3.99586    
4.21096    
4.22841    
4.23143    
4.01403    
3.76001    
3.97530    
4.29365    
4.49396    
3.98515    
4.47489    
3.30059    
3.97294    
4.04250    
4.46669    
3.51387    
3.76794    
4.01271    
4.46656    
3.51893    
4.46618    
3.53469    
4.72832    
5.17597    
4.72957    
4.99258    
4.03911    
3.28499    
4.01273    
3.04582    
2.82724    
4.96360    
4.50388    
5.68483    
3.05099    
2.82022    
3.52149    
4.01131    
4.24584    
4.01148    
3.28320    
3.30156    
4.46920    
3.28419    
3.54045    
3.74802    
3.03050    
4.73616    
3.53411    
3.79444    
4.48172    
3.05639    
4.23272    
3.77415    
2.54899    
4.49717    
4.23448    
4.25465    
3.78036    
4.24344    
4.45623    
4.73527    
3.99310    
5.20750    
4.71359    
4.69645    
4.47804    
5.20241    
4.91603    
3.06892    
3.76076    
4.03059    
3.75206    
3.78030    
4.72877    
3.54087    
3.28095    
3.52096    
4.48692    
4.03485    
3.98042    
4.48680    
3.75940    
4.70054    
4.01591    
3.98150    
4.93600    
3.79063    
3.25549    
4.69279    
3.72124    
4.22394    
4.00256    
4.49606    
5.17804    
4.49611    
5.20898    
4.05031    
4.00407    
3.27375    
4.01449    
3.52594    
3.74082    
3.77210    
3.75853    
3.75238    
2.78123    
3.72642    
3.49344    
3.30986    
4.22630    
4.45520    
4.44674    
3.26634    
4.01867    
3.74514    
4.00179    
3.78724    
4.98574    
4.23561    
3.74558    
3.51611    
3.50769    
3.30444    
3.52593    
3.78031    
3.04897    
4.45736    
4.01704    
4.48418    
4.02411    
3.74605    
4.94021    
4.98672    
4.26234    
3.75577    
3.99621    
4.24413    
4.45453    
3.07141    
3.78600    
4.47202    
3.27328    
3.53741    
3.96869    
4.72517    
3.73521    
3.56158    
3.27020    
4.01011    
3.79158    
3.54656    
3.29430    
4.01230    
4.01365    
3.53955    
3.75830    
3.78877    
3.52681    
4.98539    
3.98685    
3.04179    
4.46718    
4.70572    
4.00130    
4.00985    
3.77242    
3.53307    
4.48375    
3.77364    
4.24505    
4.44729    
4.01623    
3.52427    
4.24070    
3.55193    
4.71230    
2.82288    
3.51935    
4.94855    
4.23390    
3.80679    
3.30246    
4.73094    
3.74513    
3.99780    
3.51787    
3.98560    
3.49852    
4.72721    
4.00075    
3.56923    
4.43844    
4.04413    
3.29402    
3.53956    
3.06229    
4.26710    
5.19000    
4.03114    
4.50763    
3.54622    
4.22865    
4.02356    
4.49440    
4.26124    
3.97142    
3.78074    
3.52159    
3.77643    
3.48007    
3.31128    
3.29595    
3.96595    
4.92756    
4.95844    
4.03391    
3.30577    
4.22585    
3.98266    
4.44502    
4.49841    
3.50905    
4.23882    
3.26136    
4.70346    
2.55336    
3.74162    
3.76089    
4.49275    
4.74751    
3.53550    
4.49187    
3.52716    
3.98921    
4.24863    
4.03128    
3.75806    
4.23252    
3.03406    
4.03560    
3.27150    
3.75062    
4.26726    
3.29698    
3.80340    
3.74156    
3.77380    
2.54716    
4.21339    
3.50883    
3.99178    
3.52839    
4.70297    
4.25072    
3.72637    
4.50370    
4.50500    
4.44614    
4.50369    
3.76072    
3.99305    
4.47464    
3.51977    
3.76952    
4.74502    
4.00081    
4.22346    
4.21550    
4.72854    
4.51527    
3.03559    
3.98719    
4.69804    
4.95473    
4.73467    
4.93073    
3.76175    
3.29559    
4.49618    
3.50489    
4.69407    
4.26477    
3.77398    
3.52272    
3.53510    
4.46411    
4.47277    
4.01391    
3.31936    
4.52397    
4.23768    
3.74244    
4.00096    
4.48232    
3.06899    
3.94790    
3.26439    
3.52343    
3.00770    
3.48579    
3.72548    
4.02660    
3.04676    
4.71590    
4.51414    
3.53857    
5.18578    
3.77540    
3.77493    
3.99274    
4.23746    
4.24498    
3.99860    
4.71868    
3.76601    
3.06058    
4.96142    
3.98260    
3.28882    
3.27459    
4.23833    
3.99592    
4.91727    
4.98026    
3.31476    
4.47353    
3.77444    
4.26664    
4.74853    
4.46897    
4.47262    
4.71506    
3.75493    
3.99360    
3.29819    
4.69518    
4.22823    
3.99969    
4.29012    
4.48464    
4.23102    
3.97111    
3.51445    
4.71317    
4.48538    
3.52483    
4.72830    
4.47861    
4.96662    
3.52206    
4.98322    
4.70283    
4.22377    
3.02624    
3.98391    
4.22264    
4.49359    
4.21683    
3.29338    
4.03301    
3.53113    
2.83729    
3.26754    
4.45963    
3.29164    
3.75605    
3.97394    
4.49570    
4.20857    
4.00348    
3.56210    
3.97330    
4.71411    
3.55813    
4.22335    
3.55424    
4.71613    
3.75784    
2.80462    
3.27230    
3.72923    
3.51557    
4.47336    
5.18523    
3.75787    
4.93452    
3.05414    
3.30635    
4.02187    
4.73161    
3.04593    
2.77491    
4.26318    
4.00472    
3.53255    
3.72416    
3.50111    
3.99929    
3.98685    
4.73772    
3.76544    
4.23928    
3.25791    
4.21989    
3.75657    
4.97869    
4.25186    
3.51496    
4.00807    
4.21448    
4.48839    
4.44858    
3.07381    
4.01180    
3.97227    
3.49260    
4.47036    
4.22880    
3.77341    
3.75164    
4.70989    
4.95766    
4.23665    
3.29302    
4.00056    
4.74758    
3.29291    
3.07024    
4.02168    
3.54489    
3.99281    
4.52264    
4.45875    
3.52040    
3.77071    
4.47351    
4.29005    
4.50299    
3.99204    
3.26634    
4.23935    
4.77532    
3.27519    
4.49766    
4.01366    
4.05112    
4.01073    
3.78346    
4.03602    
4.24010    
3.74284    
4.24807    
4.25073    
3.51642    
4.48311    
4.25022    
4.20608    
4.95693    
4.72104    
4.45340    
4.47323    
5.21586    
3.53796    
4.00850    
3.73169    
3.52415    
3.53549    
4.21877    
3.98684    
4.00503    
4.46976    
3.97825    
4.03591    
4.48814    
4.49454    
4.99620    
3.27358    
3.25827    
3.23900    
4.03140    
4.24210    
4.70856    
3.74196    
3.99215    
3.04878    
3.50847    
3.76042    
3.72383    
4.01118    
4.71632    
3.76335    
4.48694    
4.48515    
3.74531    
4.52887    
4.46807    
3.99897    
4.20902    
4.01543    
4.25340    
3.77002    
3.76187    
4.69309    
3.05354    
4.02164    
3.76721    
4.97233    
4.26094    
5.19741    
4.22792    
5.17677    
3.77634    
4.48796    
4.48603    
5.23320    
4.22687    
4.95739    
4.71262    
3.29568    
3.02974    
4.05027    
3.75723    
4.95687    
3.98561    
3.99782    
4.48151    
3.99164    
5.23578    
4.72432    
4.25505    
4.01597    
4.00306    
3.27245    
4.50851    
3.51579    
4.23829    
3.49551    
4.21894    
3.76319    
3.55356    
4.95930    
4.24763    
4.25953    
4.04512    
4.26222    
3.53592    
4.70995    
4.72488    
3.26975    
5.20108    
2.35317    
4.48032    
4.00021    
3.99614    
4.70326    
4.69331    
3.02521    
3.48878    
4.22058    
3.77267    
4.03314    
2.85757    
4.45238    
3.99799    
3.77325    
4.70940    
4.48195    
4.02754    
4.24145    
3.97197    
3.79574    
4.48097    
4.01195    
2.82021    
3.80530    
3.74354    
3.53712    
5.20414    
4.01081    
3.29281    
4.19271    
4.72775    
3.74798    
3.76032    
4.21360    
3.53416    
3.97263    
3.77823    
3.99405    
3.53369    
3.75760    
3.95689    
5.22518    
3.02692    
3.53471    
4.25297    
2.80876    
4.50105    
4.73991    
3.75005    
4.94569    
3.75853    
4.00216    
3.06123    
4.25994    
4.27690    
4.00367    
3.51182    
4.01565    
3.73143    
4.25003    
3.99749    
4.70611    
4.70062    
5.01688    
4.20763    
4.01654    
4.01539    
4.47323    
4.68281    
3.77543    
3.73690    
4.99930    
4.52175    
4.25743    
4.25267    
4.22582    
4.26057    
4.23406    
3.99326    
2.58294    
4.71663    
3.77936    
4.50078    
4.46825    
3.77179    
3.54649    
3.47039    
3.26572    
4.01273    
3.29075    
3.28566    
3.51819    
4.47535    
3.99133    
4.94447    
3.99295    
3.78824    
4.21009    
3.56013    
3.77456    
3.51595    
3.76043    
4.23035    
4.25890    
4.00694    
3.76816    
3.98745    
3.51271    
3.74056    
4.44240    
3.73698    
5.42790    
3.76278    
3.28420    
4.02688    
3.05307    
4.00642    
3.53618    
4.95677    
3.79093    
3.53271    
4.26763    
4.26119    
4.23813    
4.48035    
4.44927    
4.50748    
4.97512    
4.49428    
4.21630    
3.76088    
3.29349    
4.01129    
3.28592    
4.01207    
4.48313    
3.81288    
3.80086    
4.70751    
4.25477    
3.98351    
3.08856    
3.03983    
3.78414    
3.48634    
3.99192    
4.23802    
3.76762    
4.24813    
3.96516    
3.03591    
3.76226    
3.77578    
3.50143    
4.23541    
3.99220    
4.23297    
3.73865    
4.25602    
4.24820    
3.75522    
4.23410    
4.00232    
3.99073    
4.02373    
4.20464    
4.24268    
4.00826    
3.53459    
3.52291    
4.25378    
5.19728    
4.01428    
3.50725    
4.02559    
4.50919    
4.02320    
4.51317    
4.46384    
4.23276    
4.44597    
3.53185    
4.74437    
4.96033    
3.55091    
3.31618    
3.25364    
4.96513    
3.07159    
5.41782    
3.29149    
3.56083    
4.72693    
4.22880    
4.70358    
4.95032    
4.75502    
4.69413    
3.98422    
3.98472    
3.78875    
4.02820    
4.03922    
4.01091    
4.71144    
3.75002    
3.52157    
3.77631    
4.51103    
4.23433    
3.98840    
4.02506    
2.80420    
4.48020    
3.29700    
3.51592    
3.50450    
3.28395    
4.48963    
3.99074    
4.68933    
4.26212    
3.74604    
3.28413    
4.50718    
3.77297    
4.45033    
4.02870    
4.96957    
4.47382    
3.53271    
4.73086    
4.70836    
4.01836    
4.01824    
3.52976    
4.44369    
3.76588    
4.76238    
3.78296    
4.21694    
4.01874    
3.27647    
4.20135    
3.73998    
3.97562    
2.57566    
4.98695    
3.53446    
3.74177    
3.27005    
3.76561    
4.45633    
5.20305    
3.76106    
4.47780    
3.75012    
4.96340    
4.45041    
3.77335    
3.76899    
2.59922    
3.54571    
3.99290    
4.26633    
4.03464    
4.24969    
3.75611    
4.72727    
4.24090    
4.22332    
4.21160    
3.78171    
4.23743    
3.75486    
4.66772    
5.20455    
4.47753    
4.50032    
3.98192    
3.96029    
3.98142    
3.50507    
3.75724    
4.70048    
3.53947    
3.26999    
3.75245    
4.24883    
4.01545    
3.51146    
4.49046    
3.53595    
4.48011    
3.74818    
3.98503    
4.73692    
4.01264    
3.75193    
4.47796    
4.21015    
3.98112    
4.01258    
3.52813    
3.76837    
3.25476    
3.31638    
3.04555    
4.26193    
3.73773    
4.49658    
3.77063    
4.73991    
4.23049    
3.76757    
3.27720    
4.01573    
4.21184    
4.48665    
3.53072    
4.50616    
5.19346    
3.78526    
4.01874    
4.97144    
3.99989    
2.79893    
3.04840    
3.76197    
3.25497    
3.55525    
3.75869    
3.30699    
2.79446    
3.30934    
4.24323    
3.51215    
4.98000    
4.71637    
4.47066    
4.73956    
3.76706    
4.00126    
4.00428    
3.51482    
3.53918    
3.74538    
3.30316    
4.00485    
2.80619    
3.53615    
4.46930    
5.21003    
3.27223    
3.97762    
4.03799    
3.55067    
4.02272    
3.54304    
4.02308    
2.77229    
4.21954    
4.23670    
3.52358    
4.47433    
3.06486    
3.78009    
3.51367    
4.01319    
3.03162    
4.46313    
4.24543    
4.73425    
3.98703    
4.28914    
3.78715    
4.48187    
4.00432    
4.97864    
4.47054    
2.61474    
3.04624    
3.76180    
4.25431    
3.57278    
4.02488    
3.74954    
4.93293    
4.20243    
4.71847    
5.20100    
3.46178    
3.98057    
3.47157    
4.25012    
3.75937    
4.45936    
4.01593    
4.25894    
4.00077    
3.78822    
4.22256    
4.01499    
4.69095    
3.26741    
3.52395    
4.47631    
3.26133    
4.25188    
4.72814    
3.76138    
3.29270    
3.06445    
4.04390    
3.99881    
4.48426    
4.02193    
4.02299    
3.77590    
3.00973    
3.78292    
4.73565    
4.02354    
4.49737    
4.20744    
4.00602    
4.23445    
4.23692    
3.54993    
3.49747    
3.05411    
3.52487    
3.53493    
4.54101    
4.51561    
4.22230    
4.74598    
5.45670    
4.01228    
4.01750    
3.74051    
4.00287    
3.48566    
3.77536    
4.23314    
3.54360    
4.25668    
3.78341    
4.23368    
3.99161    
4.02096    
4.04591    
4.75273    
4.25455    
4.21791    
3.76777    
4.00751    
4.23299    
4.69856    
4.48891    
4.00835    
3.95738    
4.73254    
3.77361    
3.53216    
4.49368    
3.28397    
5.20113    
4.25898    
4.52996    
4.49105    
4.02827    
4.22531    
3.77149    
3.30135    
4.26410    
3.50829    
3.05403    
3.75729    
4.70681    
3.77421    
3.76106    
3.52663    
4.24869    
4.52137    
4.00883    
3.27952    
3.52069    
3.74968    
3.78559    
3.53651    
4.06031    
3.99732    
4.94314    
3.97400    
4.69987    
4.47586    
4.98788    
4.71681    
4.19784    
3.75362    
5.22161    
3.76580    
2.78895    
4.50255    
3.73596    
2.80873    
3.98991    
3.52440    
4.72005    
4.02852    
4.46376    
3.99931    
4.00922    
3.50878    
3.54251    
4.25444    
3.75712    
3.29638    
3.49083    
4.26070    
4.00489    
4.24683    
3.28848    
4.50619    
3.76307    
4.24060    
3.79126    
4.20844    
3.76751    
3.77466    
3.27067    
3.73799    
4.26063    
3.76640    
3.52419    
3.26768    
4.47643    
3.76257    
3.07461    
4.01016    
3.76468    
3.99722    
4.49180    
3.98320    
3.50389    
4.01292    
3.50039    
4.24076    
3.79925    
4.25100    
4.48418    
4.50393    
2.56125    
4.73255    
4.03189    
3.05928    
2.80183    
4.22798    
3.99642    
3.26272    
3.26914    
3.98446    
4.47803    
4.45449    
4.02760    
4.03987    
3.52958    
3.77678    
2.82305    
4.94533    
4.05572    
3.77536    
4.27376    
3.29272    
3.52971    
2.80472    
4.52293    
4.72375    
4.69208    
4.43768    
4.01653    
4.00936    
4.93121    
4.25890    
3.78966    
4.47750    
4.45803    
4.46905    
4.22093    
3.74468    
4.74062    
4.74678    
4.48471    
3.53905    
3.77831    
4.25166    
4.01703    
4.48082    
4.75656    
3.03826    
3.76260    
4.21683    
4.25087    
3.54324    
4.50419    
3.52449    
4.24873    
3.78034    
4.20056    
4.99217    
3.99668    
4.71195    
4.48757    
3.99647    
3.25860    
4.23294    
4.25222    
4.01425    
4.73062    
4.48274    
3.77479    
4.21436    
4.25961    
3.99359    
3.74760    
3.80214    
3.96171    
3.99637    
3.27373    
3.99600    
3.08464    
4.66964    
3.99719    
3.50944    
4.50450    
4.74098    
4.51208    
3.29758    
3.78913    
3.94957    
4.21349    
3.52100    
4.70885    
4.23584    
4.48460    
3.74641    
3.98626    
4.27130    
4.74639    
3.76664    
3.04658    
4.00683    
3.24389    
4.71915    
4.96288    
3.50848    
3.51475    
4.50157    
4.24107    
4.23766    
3.75881    
3.74504    
3.32142    
4.70494    
2.30602    
3.50045    
4.26644    
2.83078    
3.78828    
3.95244    
4.95162    
3.30404    
3.29952    
5.15346    
4.28180    
3.53648    
3.76505    
2.76537    
3.27104    
3.99921    
4.23169    
3.99050    
3.54441    
3.24075    
4.46202    
3.74934    
4.02445    
4.49436    
5.40396    
4.94829    
4.24211    
4.48424    
3.78365    
3.98481    
4.50353    
3.99819    
4.25794    
3.56179    
4.70977    
4.98086    
4.50283    
4.24371    
4.97757    
3.74169    
5.22193    
3.76408    
5.42904    
3.28246    
4.26365    
3.31692    
3.78332    
3.98992    
3.28883    
4.48668    
3.31266    
4.23695    
4.44745    
4.50793    
4.99145    
4.25135    
3.30281    
4.25703    
3.54839    
4.22990    
3.73880    
4.93702    
3.28012    
4.45995    
3.53158    
4.23060    
5.45203    
3.29911    
3.98830    
3.23921    
4.20802    
2.78038    
3.74965    
4.21672    
4.69691    
4.70465    
3.77544    
4.01770    
4.23500    
4.04001    
3.28032    
4.22490    
4.26040    
3.73205    
3.29662    
3.77300    
3.51399    
5.19270    
3.50305    
3.27518    
3.27150    
4.21229    
3.73337    
3.72303    
4.26194    
4.71008    
3.97342    
4.02025    
5.17923    
4.70713    
4.72663    
4.70891    
4.27009    
3.98116    
3.99516    
4.24457    
4.01359    
2.82993    
4.24581    
3.99835    
3.98906    
3.77728    
4.23620    
4.47470    
3.06536    
4.06522    
3.76497    
3.04760    
3.77234    
4.74010    
3.98967    
4.25166    
3.49447    
4.69180    
2.79157    
3.75120    
3.05845    
4.24116    
4.01145    
3.32315    
3.07038    
3.73365    
4.25974    
4.48833    
4.00934    
3.51393    
3.79340    
4.51123    
4.70174    
4.24621    
3.49295    
3.50756    
3.47100    
4.21432    
3.75841    
2.78302    
3.27396    
4.24593    
3.76258    
4.00788    
3.49716    
3.74709    
3.51469    
4.25172    
3.30580    
4.24317    
4.22609    
4.46927    
3.72208    
4.04043    
3.25215    
3.52890    
3.94841    
3.30383    
4.22869    
4.03211    
4.50557    
3.51212    
4.22605    
4.48345    
3.74931    
4.23527    
3.50374    
3.06537    
3.99157    
3.75608    
3.31681    
4.01379    
4.72457    
4.25582    
3.07290    
4.49523    
3.57873    
4.24849    
4.22079    
3.54817    
4.25394    
4.72680    
4.24050    
3.24199    
3.51272    
3.03576    
4.71191    
4.46424    
4.72001    
4.22145    
4.22559    
3.77079    
3.98380    
4.71061    
3.73649    
4.21773    
3.52414    
3.97255    
4.27463    
4.74840    
4.47162    
4.23960    
4.26120    
4.24184    
3.29202    
4.45004    
4.23681    
3.77468    
3.77713    
4.21767    
3.76745    
4.00507    
4.44929    
4.22198    
3.53346    
4.00428    
4.00429    
4.70162    
3.02801    
3.04902    
4.24634    
4.94741    
4.50793    
4.46670    
3.31912    
3.50354    
4.48234    
4.46097    
4.73670    
4.70996    
4.03363    
4.21435    
3.48471    
3.81161    
3.77626    
3.99315    
3.52782    
3.03337    
3.52684    
3.97554    
3.79007    
3.75577    
3.94714    
3.73819    
4.44045    
3.50664    
3.06123    
3.73243    
4.74002    
3.05564    
3.75503    
4.25116    
4.94185    
3.78483    
3.73669    
3.99376    
4.22060    
4.22681    
4.00978    
3.98536    
4.02764    
3.98249    
4.49711    
4.95114    
4.96318    
2.80876    
4.23495    
3.77358    
4.03986    
3.97682    
4.48457    
4.23359    
4.47291    
4.73116    
3.97833    
4.25091    
3.51341    
5.18904    
4.23221    
4.69882    
3.77393    
2.79626    
3.75262    
3.76253    
4.68409    
2.80006    
4.26689    
4.48135    
3.81138    
3.98828    
3.75486    
4.02867    
4.22566    
3.32109    
4.00626    
4.48634    
4.03041    
3.56363    
4.47957    
2.58245    
3.52366    
3.27853    
3.73473    
3.76778    
4.01127    
4.24440    
4.71191    
3.98310    
3.51376    
4.77032    
3.75677    
4.69279    
4.46059    
3.76103    
3.77271    
3.27626    
3.76141    
3.77952    
4.23400    
3.54956    
4.71512    
5.43491    
3.02678    
3.99230    
4.51322    
4.25743    
3.03984    
4.25517    
3.49935    
4.25519    
4.21595    
4.23713    
4.24005    
4.74957    
4.48120    
4.94786    
4.24465    
4.24508    
3.98547    
4.46338    
4.00252    
3.99624    
4.73858    
4.21665    
2.81780    
4.43140    
4.95008    
4.23749    
3.99515    
3.25394    
2.81961    
3.76581    
3.51521    
4.96035    
4.02323    
4.24031    
3.55339    
4.44513    
3.79193    
3.52751    
3.53375    
4.73679    
4.24756    
4.49799    
3.77508    
4.02464    
3.31971    
4.23845    
3.97169    
4.20387    
3.56619    
3.31187    
4.25400    
2.57397    
3.76087    
3.74599    
3.28159    
2.80691    
3.77060    
4.21105    
3.52411    
4.70968    
4.47249    
4.28889    
4.48186    
3.53791    
3.77225    
3.99699    
4.24414    
4.00406    
4.02413    
3.99112    
3.96459    
4.21448    
4.24252    
3.72397    
3.27646    
4.22904    
3.74116    
4.02349    
4.48827    
4.28099    
3.06495    
3.99464    
4.03055    
3.76742    
3.77290    
3.07269    
3.02708    
4.00818    
3.49423    
3.75270    
3.54813    
2.81871    
4.29714    
4.02235    
4.02081    
3.98616    
3.51248    
3.04283    
4.47549    
3.74930    
2.82522    
4.45737    
4.22390    
4.97426    
4.27644    
4.02426    
3.99844    
4.74877    
3.30351    
4.44735    
3.27949    
4.22100    
3.27283    
2.81133    
3.98548    
3.71696    
3.76575    
3.80464    
3.29264    
4.04090    
4.93591    
3.77677    
3.29646    
4.21728    
4.92897    
3.75654    
3.76453    
4.22076    
3.52883    
3.57248    
4.48651    
4.51329    
4.46170    
3.78662    
3.76505    
4.00648    
4.00520    
3.51950    
4.29710    
3.77749    
4.01606    
2.53924    
4.71290    
4.01921    
4.71552    
4.44350    
4.03707    
4.02292    
3.51730    
2.58139    
3.28261    
3.50021    
3.50670    
3.99554    
4.44572    
4.23963    
4.03143    
4.23573    
3.73978    
4.24375    
3.28460    
4.01999    
4.24161    
4.23310    
4.25405    
4.47550    
3.49733    
4.23713    
4.26746    
3.52920    
3.52114    
3.52665    
3.27669    
4.29530    
4.00451    
4.00929    
4.73564    
3.51335    
3.70880    
3.07903    
2.81530    
4.04011    
3.05542    
3.77400    
3.29115    
3.54056    
4.01290    
4.00740    
4.49096    
4.00870    
3.09434    
4.25283    
4.94883    
3.98100    
3.74600    
4.24485    
4.00025    
3.78195    
4.23603    
4.06431    
3.76473    
4.47260    
4.48699    
4.01351    
3.74789    
4.25326    
3.99542    
3.32938    
4.26041    
3.78147    
4.46883    
4.22605    
4.72371    
3.03456    
4.49811    
4.25576    
3.97982    
4.22498    
3.30473    
3.74963    
4.71305    
4.26584    
3.83013    
4.66273    
4.00887    
4.00318    
4.51246    
3.98896    
3.52337    
4.46815    
3.98517    
3.29536    
3.76121    
4.95422    
3.99637    
3.97930    
3.77767    
4.93284    
3.29310    
4.70591    
4.45781    
3.75350    
3.29242    
3.08695    
3.98795    
3.04353    
5.20026    
4.72490    
4.73150    
4.24627    
3.06754    
4.49207    
4.46162    
4.49114    
2.82008    
3.01051    
3.27833    
3.49750    
3.76508    
4.03788    
4.24125    
3.31602    
3.74374    
3.30119    
4.48067    
4.74430    
4.00452    
4.01518    
4.27515    
4.01681    
3.29447    
4.73131    
4.01698    
3.77539    
4.49671    
3.98497    
