4.21404    
3.73364    
2.01851    
4.24643    
2.02905    
3.50528    
3.27826    
3.98522    
3.72791    
3.47132    
2.76649    
3.25615    
3.20611    
3.70250    
3.53003    
3.48849    
3.49505    
2.78083    
2.26147    
2.56067    
3.01989    
3.26046    
3.48128    
2.28892    
3.97645    
2.98903    
3.24203    
4.66804    
3.03004    
3.48882    
3.25402    
3.47636    
3.03784    
2.77645    
3.96650    
3.71829    
3.03203    
3.01779    
3.74977    
3.70152    
3.00783    
3.23992    
2.78858    
3.51880    
2.56165    
3.47403    
3.46899    
3.24204    
3.23285    
3.24213    
2.80804    
2.77686    
3.24536    
2.98388    
2.04880    
4.45620    
3.02625    
3.27395    
3.25991    
2.76314    
2.49237    
3.27259    
4.19874    
1.99739    
4.23282    
2.27506    
3.25943    
3.24939    
3.02257    
2.27263    
1.82525    
2.98903    
2.50116    
2.78741    
2.56261    
2.96248    
3.49044    
3.22625    
3.04126    
2.57405    
2.97265    
2.55847    
4.23210    
3.22989    
2.78726    
3.96610    
3.73338    
2.76000    
3.25855    
3.48263    
2.78645    
2.77746    
3.47117    
3.02533    
2.52573    
3.49852    
3.28121    
3.74549    
3.01830    
2.27763    
3.00417    
3.25316    
2.99390    
3.02288    
3.72275    
3.49762    
3.50508    
2.98940    
3.25032    
3.22289    
3.02265    
2.51912    
3.00110    
3.01544    
2.81397    
3.70281    
3.50475    
3.97280    
3.50916    
2.57467    
3.52532    
3.24529    
4.20065    
3.99641    
2.99465    
3.98662    
3.47699    
3.25602    
1.82729    
3.72447    
3.50027    
2.51491    
3.25519    
3.23583    
3.23604    
3.48851    
3.26391    
2.99599    
3.05130    
2.29670    
3.92986    
2.79577    
3.50185    
3.73551    
3.71489    
3.94208    
4.19031    
3.22985    
3.23714    
3.45070    
3.00024    
3.25205    
3.72402    
4.23182    
3.02060    
3.25894    
3.01827    
3.51910    
3.02766    
3.24309    
3.47356    
2.53290    
2.30788    
3.26068    
3.47881    
3.24772    
3.28106    
2.53471    
3.28101    
3.26306    
3.26048    
4.96025    
3.05347    
3.46892    
3.51822    
3.22183    
3.01234    
3.21997    
3.27569    
3.22873    
3.24728    
3.70064    
2.79709    
2.99759    
4.21638    
2.50055    
2.76673    
3.47611    
3.00671    
3.28075    
3.49353    
4.15826    
3.22074    
3.68603    
2.99316    
4.21140    
3.02466    
3.52944    
2.31064    
4.22060    
4.17988    
3.01118    
3.24247    
2.79164    
2.32863    
3.49997    
3.73594    
3.47140    
3.97507    
3.48034    
2.99694    
2.78859    
2.99539    
3.50499    
2.80290    
2.54912    
2.08792    
3.97950    
2.77895    
2.78709    
3.24633    
2.29861    
3.26651    
2.51538    
2.81180    
3.45791    
4.20620    
2.75323    
3.49345    
2.75540    
3.72111    
2.54215    
2.48818    
3.02857    
3.23672    
3.00141    
2.52812    
3.24389    
4.18044    
3.26444    
3.74298    
3.70441    
3.26849    
2.53560    
3.47292    
3.47521    
3.98617    
3.00656    
2.05940    
2.30971    
3.71994    
2.77254    
3.73638    
4.94972    
3.22998    
4.70877    
3.23742    
3.26467    
3.49398    
2.53710    
3.01487    
3.01408    
3.75424    
3.28502    
3.01694    
2.77473    
3.00483    
2.77887    
2.75118    
3.28457    
3.95746    
3.49672    
3.48326    
4.20975    
3.22335    
3.95689    
4.45043    
3.01408    
3.48066    
3.29485    
3.97461    
2.79605    
3.01403    
2.96986    
2.75636    
3.00599    
3.23871    
3.47782    
3.72202    
3.03064    
2.75466    
3.25970    
4.24180    
2.50585    
2.75789    
3.73987    
3.48536    
3.26084    
2.97946    
3.98877    
3.71048    
3.49618    
3.74142    
2.30796    
3.30423    
3.72772    
3.97312    
2.78059    
2.07041    
3.48934    
3.00020    
3.22891    
3.25412    
2.75007    
3.47354    
3.24155    
3.46768    
3.28271    
3.24850    
2.99927    
3.50179    
3.94576    
3.74736    
2.78224    
3.01408    
3.00913    
2.99060    
3.26469    
2.79064    
3.01228    
2.30176    
2.74674    
2.77870    
3.26722    
2.50163    
2.78178    
2.76144    
3.73866    
3.97503    
4.42995    
3.75102    
2.80114    
2.78713    
3.26310    
3.23568    
2.31287    
2.51759    
3.76229    
3.02899    
2.54926    
2.78618    
2.29032    
2.76066    
4.19725    
3.23400    
3.01149    
4.22116    
3.96790    
4.66735    
3.95519    
3.49023    
3.25030    
3.48009    
3.77457    
2.79104    
2.48418    
2.75980    
3.97391    
3.74761    
3.26259    
3.44465    
3.01164    
3.99469    
3.26914    
2.77587    
3.51843    
3.98202    
2.77523    
3.75787    
3.03792    
3.75441    
3.49889    
2.76892    
2.52111    
2.29714    
3.75168    
2.96974    
3.49653    
3.70106    
3.46117    
2.99960    
4.25004    
2.98117    
3.72949    
2.29380    
2.75783    
2.78376    
3.23401    
3.46957    
2.78291    
3.25434    
2.79308    
2.49673    
3.22555    
2.51524    
2.77854    
2.54940    
2.26714    
3.22613    
2.23963    
3.74474    
3.71243    
3.02505    
2.06685    
4.46380    
2.78856    
3.00952    
2.28491    
3.48382    
3.48616    
3.97427    
3.72211    
2.78320    
2.77160    
3.24583    
3.48591    
3.47115    
3.46973    
2.73497    
2.55135    
3.49181    
3.71130    
2.54043    
2.54581    
3.04838    
2.30474    
2.75231    
3.96535    
3.24045    
3.47828    
3.24817    
2.94853    
4.21585    
3.22587    
3.51064    
3.72145    
3.29109    
3.03307    
2.98898    
2.08089    
3.72080    
3.03348    
3.51690    
3.97005    
3.97709    
4.22377    
2.29944    
3.73948    
2.74520    
3.26640    
3.45505    
3.00238    
3.50496    
3.04362    
3.24159    
2.99441    
3.00545    
3.53846    
2.52464    
3.26429    
3.49391    
3.27567    
2.78196    
2.77482    
3.01157    
2.53861    
3.03967    
3.00282    
2.77909    
3.29672    
3.26743    
3.25176    
2.96323    
3.98304    
3.48949    
3.98221    
3.22090    
3.72452    
3.48990    
2.74970    
3.00917    
3.72768    
3.28106    
3.01037    
3.27618    
2.75394    
3.51517    
3.48505    
3.25874    
3.49991    
2.98900    
3.99217    
3.01751    
3.02278    
2.55223    
3.50098    
2.51464    
4.68198    
3.70341    
3.21722    
2.54114    
3.07082    
3.52050    
3.49299    
3.50228    
3.74029    
3.00109    
3.48958    
4.20588    
3.50332    
4.00439    
2.78338    
3.97501    
3.47836    
3.02102    
3.99887    
2.70310    
2.52106    
3.49990    
3.26893    
3.50048    
3.23146    
3.23808    
3.01728    
3.94765    
2.76090    
4.43132    
3.98311    
3.78559    
3.25754    
3.53686    
3.24589    
3.72209    
2.30465    
2.51337    
3.47314    
3.29773    
3.03800    
2.54748    
3.50603    
3.18691    
3.95225    
2.51297    
3.53545    
3.69607    
3.48126    
2.75182    
3.01586    
3.48380    
3.26277    
3.72251    
3.23499    
2.76389    
4.19047    
3.25388    
2.79639    
3.71370    
3.00680    
3.23906    
3.75973    
3.50863    
3.74478    
3.99448    
3.01002    
4.24334    
3.23584    
3.96613    
2.75438    
3.73842    
2.75697    
2.98331    
3.46437    
3.22495    
2.54879    
3.95207    
2.49641    
3.26436    
3.03964    
3.97437    
3.26372    
3.48941    
3.01404    
3.26655    
3.47758    
3.26968    
3.70846    
3.26456    
3.73000    
3.75733    
3.24417    
4.20175    
3.53828    
2.98186    
3.26458    
2.76022    
3.98109    
3.00696    
2.79015    
3.99912    
2.75769    
3.48181    
2.55229    
3.00423    
2.74204    
3.73945    
3.96047    
3.98020    
3.04620    
3.93710    
2.31307    
3.50516    
2.53632    
3.50531    
3.72667    
3.26007    
3.73857    
3.00678    
3.25533    
3.00539    
3.97035    
2.79414    
3.72295    
3.55129    
3.71872    
3.20760    
2.78807    
2.53094    
2.52564    
3.18731    
4.22884    
2.77274    
2.55296    
3.24529    
3.71540    
4.18840    
3.49000    
3.25616    
3.22042    
3.48093    
1.84927    
2.31882    
3.71667    
3.22778    
3.24713    
3.01329    
3.26238    
3.46562    
3.47669    
2.29636    
3.25984    
2.99795    
2.73967    
3.01880    
2.30099    
3.26054    
3.69969    
2.27190    
3.01369    
3.69443    
3.27066    
3.03250    
2.49825    
2.58093    
3.73793    
2.76232    
2.29527    
2.99267    
3.30329    
3.68419    
3.23658    
3.50923    
3.49096    
2.75725    
3.73500    
2.26935    
2.77370    
3.73598    
3.00029    
3.24346    
3.49437    
3.26175    
3.02172    
2.52519    
1.81099    
3.99304    
3.75155    
3.51125    
3.51422    
2.09384    
3.69129    
2.99639    
2.57747    
2.81117    
2.75465    
3.26931    
4.68009    
2.50338    
2.98976    
3.73116    
2.79497    
3.98843    
4.44962    
2.74759    
3.54120    
3.95537    
2.76237    
2.51702    
3.26766    
3.26102    
2.29661    
3.76247    
4.20366    
2.51052    
2.30129    
2.99923    
2.98742    
3.23650    
3.97318    
3.00614    
4.20603    
2.99122    
3.22045    
3.51193    
2.77918    
3.95909    
2.53119    
4.21435    
2.74506    
2.78056    
3.70728    
3.22876    
3.48840    
2.81327    
3.72505    
3.51121    
3.26827    
2.06266    
3.25612    
2.77112    
2.52838    
3.49296    
2.77784    
3.96616    
3.22739    
2.29533    
2.28675    
3.22442    
2.34180    
4.19275    
3.01082    
3.46456    
2.29073    
3.76160    
3.71803    
3.48477    
2.78213    
3.24634    
2.73465    
2.04818    
3.01017    
3.24931    
3.27282    
3.25698    
3.96829    
2.25773    
2.78049    
2.51566    
4.15749    
2.98924    
3.48467    
3.75105    
2.29252    
2.78200    
3.26515    
4.18187    
2.79303    
3.96554    
3.50015    
3.02367    
2.28895    
3.24346    
3.95116    
2.07132    
3.24620    
3.51262    
3.02122    
3.23692    
3.00757    
1.82364    
3.47888    
3.95693    
3.96861    
3.96238    
3.02193    
3.24737    
2.80611    
2.97330    
2.78246    
2.74604    
3.01234    
3.75023    
3.26505    
3.22862    
3.48040    
3.26520    
3.70065    
3.72629    
3.25825    
2.51067    
4.43741    
2.79082    
2.98999    
3.76687    
4.41316    
3.25305    
3.68425    
3.45388    
1.80625    
2.56242    
3.23062    
3.50519    
2.77114    
3.49010    
3.01047    
2.98453    
2.56534    
3.25642    
3.48919    
3.95423    
3.01099    
3.03189    
3.29153    
3.73974    
3.02774    
3.26241    
2.56408    
3.28774    
3.24890    
2.53794    
3.01414    
2.77769    
3.01806    
3.71406    
2.31570    
2.77284    
4.23959    
3.69823    
4.19911    
3.27897    
3.02545    
3.01590    
3.94470    
2.58065    
3.97435    
3.46583    
3.70617    
2.31001    
3.49255    
4.22589    
3.24477    
3.21946    
3.05576    
2.74675    
3.00942    
3.98782    
3.24425    
3.25137    
3.01338    
2.99164    
3.47682    
3.72848    
3.23942    
2.78213    
3.25112    
3.25190    
3.25216    
2.25952    
2.31457    
3.25561    
2.78245    
2.30422    
3.46402    
3.02999    
2.80193    
2.76207    
3.95739    
4.18696    
2.79062    
3.77419    
2.55100    
3.25419    
3.02349    
3.73396    
3.46651    
3.76223    
3.26008    
3.01510    
3.73454    
3.45951    
3.48425    
3.67685    
3.97369    
3.01480    
3.75168    
3.00374    
2.77870    
3.26418    
3.26867    
3.01399    
3.27521    
3.25736    
3.25701    
3.97822    
3.01353    
3.96998    
2.99861    
2.99610    
3.22012    
4.66960    
3.94758    
3.25978    
3.51162    
3.51878    
3.75207    
3.02067    
3.70885    
3.24922    
3.50705    
2.28536    
3.01368    
2.30423    
3.04385    
3.49393    
2.30285    
3.26689    
3.04284    
3.30513    
3.74769    
4.21221    
3.23070    
2.51930    
3.47358    
3.47440    
3.20821    
3.44546    
3.55265    
3.48158    
2.29137    
3.27292    
2.98518    
2.12921    
3.94857    
2.55050    
3.25192    
2.28564    
2.79579    
3.49384    
2.51336    
3.24711    
3.24269    
3.73172    
3.97978    
3.52431    
3.50447    
2.27848    
2.99993    
3.25986    
3.25534    
3.69786    
3.46747    
3.00450    
3.70164    
3.25320    
2.79519    
3.49012    
3.72524    
3.93586    
2.98711    
3.48449    
2.99720    
3.02345    
3.00503    
3.24288    
2.28930    
4.96394    
3.01367    
3.25004    
2.72988    
3.26744    
3.73598    
2.98925    
1.60192    
3.49369    
3.52885    
3.45639    
3.02402    
3.27013    
2.79289    
3.48380    
3.94891    
3.48128    
3.52301    
3.23234    
3.00191    
3.49763    
3.47601    
3.70344    
3.02050    
3.03997    
2.73332    
2.77970    
4.16837    
3.03118    
3.23492    
3.96457    
3.24590    
3.49944    
2.29143    
3.47559    
3.72560    
3.49164    
3.51288    
3.22577    
3.24347    
3.98345    
2.74066    
3.49687    
3.48735    
3.74495    
2.29002    
4.21112    
3.99464    
3.73102    
3.02275    
3.00757    
3.24626    
3.48534    
3.73729    
2.78117    
3.97654    
2.52916    
2.07631    
3.02744    
3.05504    
3.23296    
3.97978    
3.20784    
3.01138    
3.21877    
3.96335    
3.27939    
3.47309    
2.34570    
2.73591    
2.53512    
3.01273    
3.29104    
2.08672    
3.98713    
3.02807    
3.49875    
3.52061    
4.00312    
3.99987    
3.95541    
3.50889    
2.99980    
2.06563    
2.26881    
2.54472    
3.01457    
3.50330    
4.22222    
3.25512    
3.23454    
3.68083    
3.49379    
3.28251    
2.81972    
3.27000    
3.74348    
4.20415    
2.06524    
2.06939    
3.02008    
2.80188    
3.22958    
3.24776    
2.54062    
2.76727    
3.24496    
3.01396    
3.50296    
3.48173    
4.22558    
3.01618    
2.54967    
3.23076    
3.27246    
3.94847    
2.77350    
3.02018    
3.25336    
3.50944    
3.02284    
3.49404    
3.95444    
3.24562    
3.48269    
3.46034    
3.50388    
3.52346    
2.98406    
3.27770    
3.01274    
3.03334    
2.76217    
3.94335    
2.08311    
3.71760    
2.56180    
3.71208    
3.49894    
2.02155    
3.45828    
3.46672    
3.50190    
3.45724    
2.55180    
3.03286    
4.70838    
1.80709    
3.96554    
3.26379    
3.00893    
3.26604    
2.76128    
3.01809    
3.03859    
2.28388    
4.20599    
3.01215    
3.02721    
3.50207    
3.71217    
2.99163    
4.19827    
2.49860    
3.00753    
3.28744    
3.71106    
3.76758    
3.01589    
3.25232    
3.26004    
2.53811    
3.72304    
2.53292    
3.24223    
3.00930    
2.98509    
2.99921    
4.21292    
2.78712    
3.28705    
3.00990    
3.97505    
2.53923    
2.98219    
2.76271    
3.25021    
2.51880    
3.00007    
4.19436    
2.07852    
3.75131    
4.21839    
3.48554    
3.48698    
2.31765    
3.49866    
3.97880    
3.48488    
3.47180    
3.01829    
4.23633    
3.21925    
3.02079    
3.03253    
3.00601    
3.71476    
2.51824    
3.73585    
3.50022    
2.78287    
3.25285    
3.49618    
3.50721    
4.95701    
2.51557    
3.03308    
2.54857    
3.23982    
3.03070    
3.50072    
2.79557    
2.53284    
3.01750    
3.20592    
3.72614    
3.93830    
3.73904    
3.26117    
2.51498    
3.02502    
3.03489    
2.53919    
2.80119    
3.73137    
2.54136    
2.77333    
2.77275    
4.47681    
3.51059    
4.18439    
3.70206    
3.24684    
3.26263    
2.77979    
3.51866    
2.52905    
2.99098    
2.99252    
3.01492    
3.51131    
3.51636    
3.70600    
3.01386    
2.30112    
3.01367    
3.04373    
3.49615    
3.27379    
4.22786    
3.50686    
4.23787    
4.43328    
3.74476    
4.47508    
3.99290    
3.22486    
2.98658    
3.98558    
3.97967    
3.49464    
3.52500    
3.25375    
2.55400    
3.48927    
2.76967    
3.00682    
3.52764    
2.98556    
2.49620    
3.00928    
5.17004    
3.23765    
3.28406    
3.70620    
3.45999    
3.25027    
2.99259    
2.99489    
3.25943    
3.23380    
2.75202    
3.25297    
3.00910    
3.47626    
3.06732    
3.23986    
3.29712    
3.25208    
3.49292    
3.75151    
2.78504    
3.25509    
3.71880    
3.25719    
3.25823    
3.48559    
3.73301    
3.01362    
3.04476    
3.49103    
3.26111    
2.74786    
4.44834    
4.18690    
1.58027    
3.95009    
3.03559    
3.49038    
2.78708    
3.06583    
2.74881    
2.97484    
3.26012    
2.75627    
3.48860    
2.05007    
3.26472    
3.01649    
3.94169    
2.99139    
3.72652    
2.54063    
3.96750    
2.27465    
2.51920    
3.26325    
2.53603    
2.75596    
3.51210    
3.95155    
3.72936    
2.76073    
3.50174    
3.01959    
2.51571    
3.47396    
3.74399    
2.26152    
3.23829    
2.81014    
3.48211    
3.22598    
2.53840    
3.01007    
2.80434    
4.94257    
3.50682    
2.30010    
2.76988    
3.02540    
3.96684    
2.78304    
3.28093    
2.53649    
3.48170    
2.74583    
3.70315    
2.75458    
3.51866    
3.25204    
3.73745    
3.28301    
3.01711    
4.23020    
3.00393    
3.22389    
3.02951    
3.72206    
3.51277    
3.01283    
3.49951    
3.46044    
2.54500    
2.99406    
3.20744    
3.50057    
2.54637    
3.47378    
3.24619    
3.26930    
2.06374    
2.98284    
2.76798    
3.71368    
2.77345    
2.99988    
2.97605    
3.24802    
2.55546    
4.18754    
3.23477    
3.24395    
2.53773    
3.50786    
3.24932    
2.80034    
3.00298    
2.79059    
3.48920    
3.52686    
3.27141    
3.27276    
3.24680    
2.77623    
3.26812    
4.21731    
3.24875    
3.01623    
3.71918    
4.17697    
3.00307    
3.50050    
3.68815    
2.30720    
4.43070    
3.51344    
3.25682    
3.25020    
3.04011    
3.25552    
3.73010    
2.56800    
3.23295    
3.71841    
3.72146    
3.98457    
3.26473    
4.19825    
2.78610    
2.54018    
3.01773    
3.23801    
2.53050    
3.54379    
3.29747    
3.77048    
2.77966    
2.78322    
3.51759    
3.94991    
3.94843    
4.24432    
2.98195    
3.73019    
2.52959    
2.98835    
3.22962    
3.02923    
2.06162    
2.55841    
3.22441    
2.06729    
2.30264    
3.24626    
2.31661    
2.99713    
3.26152    
2.53225    
3.24045    
2.57146    
3.24229    
3.71826    
3.00240    
2.32425    
3.00274    
3.24118    
2.99067    
4.91539    
3.03788    
3.00442    
3.22122    
3.73152    
3.05728    
2.04795    
3.51912    
2.99259    
2.76483    
2.48889    
2.96418    
4.00484    
2.54870    
4.20484    
3.24928    
2.99935    
4.00168    
3.69049    
3.51007    
3.24908    
3.50409    
3.99851    
3.26576    
3.02249    
3.27317    
3.25976    
2.76936    
2.55346    
3.24406    
2.76277    
3.23695    
3.99047    
2.97212    
3.47505    
2.79891    
2.98947    
3.27472    
3.71124    
3.46963    
2.98599    
4.24163    
3.21788    
2.75879    
3.97041    
3.00754    
2.75725    
3.51813    
3.47358    
2.32713    
2.54225    
2.79024    
3.22992    
3.95575    
2.77524    
4.21677    
3.00216    
3.03905    
3.46778    
2.51100    
2.50834    
3.00612    
3.47370    
3.24727    
3.29244    
2.79867    
3.52753    
2.28965    
3.25497    
3.25297    
2.99732    
2.07729    
3.30426    
2.10421    
3.25133    
4.00177    
3.53270    
2.76128    
2.97555    
2.75894    
3.47556    
2.99833    
2.74531    
3.02808    
2.75416    
3.74367    
4.20024    
2.49858    
3.98260    
2.77348    
3.48796    
4.19197    
2.54380    
3.96516    
2.32273    
3.24139    
2.77510    
3.27956    
2.76087    
3.45894    
3.02895    
3.21048    
3.23273    
3.95807    
3.74639    
3.98783    
3.96796    
3.26700    
3.00458    
3.96330    
3.03027    
3.28702    
3.73882    
3.46623    
3.91796    
3.03707    
3.98772    
3.21636    
3.48302    
3.02616    
3.51184    
3.01690    
3.48980    
3.97213    
3.97150    
3.23369    
2.99762    
3.97667    
3.22929    
2.75402    
3.01879    
3.69377    
2.99321    
3.72984    
3.27221    
3.01578    
3.24193    
3.01098    
3.46857    
2.99899    
3.02535    
4.20959    
4.19693    
3.49293    
3.01252    
3.00300    
3.24945    
3.00637    
3.52143    
3.70218    
3.01887    
3.70329    
3.26101    
2.06162    
3.73168    
2.99613    
3.02128    
2.76090    
4.20808    
2.75437    
2.49487    
3.49760    
3.72164    
3.22489    
3.52217    
3.74835    
3.21886    
3.75650    
2.27247    
2.31449    
3.97664    
3.27828    
3.52722    
2.50863    
3.24310    
3.72675    
3.24698    
4.20799    
2.52943    
3.48061    
2.99149    
3.71355    
3.23928    
3.74491    
2.32138    
3.71119    
3.00619    
3.21892    
3.25697    
3.93073    
4.19732    
3.70263    
3.02289    
2.06299    
3.51084    
2.74224    
2.57529    
2.52478    
3.73948    
3.24770    
3.00806    
2.77670    
3.23134    
3.32557    
3.96130    
2.78718    
2.79697    
3.48916    
3.49335    
3.24943    
3.02409    
2.05721    
3.73956    
3.68682    
2.79722    
3.93723    
2.77532    
3.02143    
2.99175    
3.96693    
3.52309    
2.78418    
3.26549    
3.72638    
3.01733    
3.71618    
3.02176    
3.52015    
3.68766    
3.47141    
3.74185    
3.73583    
2.49909    
3.42692    
2.57232    
3.27451    
2.56660    
3.72557    
2.77585    
3.73691    
3.49163    
3.23565    
3.24751    
3.46570    
2.49102    
3.02281    
2.55563    
3.72834    
3.22379    
3.71148    
2.58787    
2.76528    
2.50787    
2.29623    
4.44554    
3.26845    
3.74229    
3.52581    
3.01767    
2.79140    
3.71919    
3.00677    
3.22902    
2.77932    
3.51242    
4.21755    
3.72739    
3.01821    
3.72255    
3.00949    
2.80406    
3.20182    
3.26340    
3.78816    
2.76663    
3.48344    
2.75940    
3.01930    
4.18832    
3.50577    
3.76512    
2.99828    
3.00862    
2.31622    
2.78254    
2.05827    
2.98182    
3.28179    
2.76753    
3.22391    
3.49062    
2.98285    
3.28883    
3.50031    
2.04934    
3.73809    
3.70991    
2.79492    
2.73380    
2.55816    
3.25447    
3.22283    
2.73405    
3.29197    
3.22252    
3.02842    
2.75102    
2.96869    
4.19839    
2.76154    
4.24622    
3.25909    
3.48441    
3.27313    
3.22925    
3.26567    
3.27660    
2.49225    
3.27945    
3.22086    
3.24460    
3.71052    
4.19869    
3.29687    
3.02608    
2.54471    
2.76409    
3.21308    
2.79160    
2.77743    
3.95350    
3.23526    
2.96284    
3.73346    
2.80096    
3.28253    
2.99079    
3.01924    
3.48359    
2.53028    
3.00919    
2.54209    
3.02184    
3.27307    
3.74263    
3.01481    
3.72506    
3.00162    
2.81908    
1.52157    
3.00386    
2.83202    
2.76590    
3.26673    
3.47464    
3.04823    
3.00867    
3.02058    
1.83255    
3.00632    
2.77286    
3.04085    
3.00885    
2.53096    
2.51326    
3.45402    
2.75065    
3.05415    
3.23895    
3.00378    
3.25569    
3.71503    
3.53595    
3.23334    
3.49116    
3.94216    
3.46768    
3.75066    
4.01528    
3.25086    
3.03825    
2.27816    
2.52652    
2.28292    
3.52739    
2.99105    
2.99980    
2.31122    
3.48218    
3.47622    
3.72880    
3.27888    
3.97713    
3.24935    
2.56778    
3.27269    
2.99001    
2.53070    
3.26661    
2.75542    
2.76481    
2.52875    
3.00057    
3.93971    
2.55422    
3.00030    
3.49880    
2.77196    
3.74745    
3.00351    
3.02682    
3.46988    
4.43760    
2.06792    
3.23456    
3.03056    
3.03751    
4.22014    
3.74408    
3.74422    
3.24455    
2.54360    
3.04166    
3.23804    
3.51753    
2.55398    
2.08917    
3.71321    
3.27782    
3.28314    
2.98019    
3.51502    
3.99360    
4.16708    
2.49777    
2.82534    
3.97820    
3.51403    
3.74294    
3.24494    
3.46779    
3.28767    
3.04246    
3.00233    
3.01507    
3.26193    
3.74406    
3.01756    
3.47070    
3.01149    
2.56097    
3.52166    
3.25898    
3.25069    
4.46818    
3.22263    
3.19484    
3.72890    
3.02675    
3.48973    
2.78301    
3.50695    
2.29773    
2.30430    
4.44557    
3.04992    
2.77352    
3.48954    
2.56168    
3.04493    
3.50813    
2.76307    
3.95486    
3.01664    
2.80448    
3.00527    
3.02609    
4.20203    
4.68761    
3.02595    
3.75652    
2.31048    
2.49953    
3.24091    
3.23129    
3.20197    
2.08199    
2.78475    
2.57995    
3.51316    
2.79289    
3.48781    
3.24453    
3.53214    
2.76820    
3.49226    
3.05870    
2.80866    
3.48240    
4.45233    
4.18968    
3.95785    
3.73747    
2.76999    
3.95431    
2.53283    
2.99683    
2.76442    
3.71154    
3.02538    
3.48724    
2.54355    
2.55279    
3.71666    
3.47845    
3.47885    
3.72068    
2.07591    
3.02394    
3.52634    
2.77065    
3.75425    
3.49449    
2.98232    
3.97013    
2.75369    
3.25025    
4.00413    
3.01689    
3.03074    
2.76763    
4.23057    
3.94930    
3.50383    
2.75218    
3.75618    
3.23065    
3.72009    
3.25638    
3.50724    
3.51260    
2.98317    
3.24802    
3.27400    
2.52492    
3.73777    
3.25470    
2.76936    
2.81699    
3.51338    
2.99837    
2.53905    
1.81369    
3.50373    
2.52456    
3.25900    
3.26991    
2.29115    
3.48960    
2.30492    
3.02312    
3.96419    
3.71266    
2.79975    
2.05645    
3.71710    
2.99006    
3.49455    
2.75968    
3.24532    
3.04838    
2.28066    
3.73902    
3.97589    
3.26470    
2.80828    
3.04708    
3.01456    
2.26578    
2.73415    
3.22278    
2.77140    
2.54490    
3.24515    
3.23242    
2.76445    
3.24890    
3.72826    
3.69962    
3.01027    
2.78971    
3.04404    
3.00385    
3.24153    
3.25569    
2.04952    
3.49546    
3.99558    
3.00287    
3.00549    
3.98040    
2.53371    
3.48815    
3.49520    
2.78051    
2.76260    
3.24739    
2.75272    
3.02343    
3.25050    
2.78868    
3.27837    
2.28852    
3.01690    
3.24954    
3.68630    
2.97237    
2.73323    
1.81111    
2.05157    
2.53475    
3.25237    
3.74847    
2.78802    
2.51552    
2.77229    
3.01678    
3.29614    
3.99188    
3.25638    
3.68212    
3.51353    
2.55381    
3.01784    
3.75205    
3.46164    
3.73923    
3.73418    
3.04117    
2.50779    
3.50931    
3.02151    
2.76336    
2.99316    
3.03986    
3.93970    
3.02272    
3.22589    
3.00206    
2.24213    
3.48324    
3.01894    
2.75151    
3.45602    
3.77617    
3.93662    
3.03938    
3.22380    
2.76999    
4.22111    
3.98182    
2.73669    
3.48143    
2.51578    
2.54331    
3.74244    
3.02515    
2.53706    
3.70373    
3.24163    
3.51929    
3.20795    
3.25220    
3.69999    
3.49344    
3.02794    
4.01249    
3.49325    
3.73496    
3.26138    
3.48872    
2.99339    
1.82122    
3.71497    
3.00574    
2.32283    
3.45585    
4.67830    
2.52727    
3.04191    
3.24397    
3.51636    
3.54396    
1.34546    
2.08895    
2.53387    
3.96138    
3.50353    
3.74118    
2.98706    
3.48031    
4.00768    
3.47464    
2.79047    
3.99975    
4.16960    
2.54592    
2.97046    
3.72399    
3.95431    
2.56581    
3.51692    
3.01925    
3.49468    
3.24748    
3.01356    
2.05405    
2.97895    
3.24548    
2.06109    
3.48180    
3.47087    
3.03359    
3.01535    
3.02453    
4.44659    
2.28036    
3.49497    
3.76762    
3.00770    
4.22452    
3.75064    
3.47462    
3.01324    
4.21672    
3.72510    
3.74263    
3.49685    
3.50637    
2.31444    
2.78675    
3.24427    
3.00394    
2.53729    
3.97421    
3.71849    
3.70529    
3.49267    
2.51855    
3.69911    
2.54928    
4.23576    
3.73038    
3.70504    
2.77343    
3.70048    
3.24107    
3.03899    
3.01131    
3.28245    
3.96950    
3.72308    
3.71617    
3.02145    
3.73892    
3.24963    
3.96038    
3.01487    
2.99973    
2.76490    
3.48113    
3.74811    
2.99888    
3.43817    
3.75065    
3.26091    
3.04035    
3.22322    
3.72305    
3.71624    
3.22386    
3.73450    
2.73300    
2.94593    
3.23073    
3.95705    
2.27500    
3.24480    
3.02029    
3.02112    
3.73268    
3.50083    
2.77384    
3.74539    
3.49081    
2.79515    
3.00712    
2.98352    
3.23412    
2.77371    
2.77883    
3.96029    
2.76800    
4.16368    
2.54323    
3.96759    
3.04401    
2.53533    
4.19376    
3.23698    
3.73376    
3.25063    
4.18054    
4.23430    
2.79298    
3.24084    
3.46402    
2.30639    
2.78934    
2.54966    
3.01581    
3.69052    
3.96121    
3.22787    
3.73627    
3.32232    
2.79110    
3.02157    
3.75305    
3.03087    
2.29733    
3.98053    
2.75549    
3.99006    
2.29201    
4.45278    
3.96058    
3.73260    
1.80924    
3.96479    
3.52936    
3.24142    
2.77655    
3.99801    
3.24291    
3.01121    
3.73031    
3.27052    
3.02274    
3.28240    
3.28128    
3.98681    
3.26175    
2.76467    
3.51775    
2.55393    
3.24574    
3.27189    
3.66488    
1.80580    
3.24132    
3.24570    
3.44458    
3.48212    
3.96678    
4.45590    
3.48843    
2.78117    
3.23928    
2.03646    
3.51483    
3.97235    
2.97246    
3.74278    
2.50816    
3.96017    
3.20165    
3.96906    
3.73943    
3.50120    
3.94548    
3.24331    
2.27724    
2.78140    
3.71779    
2.30456    
3.29615    
3.24392    
3.23487    
3.49283    
2.97633    
3.51831    
3.76025    
2.74822    
3.22318    
2.99579    
2.51092    
3.26205    
3.25473    
2.75890    
3.50155    
3.73218    
3.98567    
3.46693    
2.99586    
3.23296    
2.55452    
3.00612    
2.78055    
3.73361    
4.67247    
2.52582    
4.45847    
2.98794    
3.73588    
3.78026    
2.77758    
3.02993    
3.50428    
2.99007    
2.76700    
2.99373    
3.02051    
3.26425    
2.54404    
2.79143    
3.01118    
2.77175    
3.27547    
4.00105    
3.25509    
3.01411    
3.03639    
3.20909    
3.24111    
2.54604    
2.55184    
3.27661    
3.74325    
3.97368    
2.79284    
2.53494    
4.46907    
2.29745    
3.48767    
4.19589    
3.50346    
2.74692    
3.26812    
2.51932    
3.71161    
3.91887    
3.01944    
2.75810    
3.25247    
3.02068    
3.27626    
3.28326    
2.55082    
2.76774    
2.99794    
3.96350    
3.24379    
3.00610    
3.22010    
3.47504    
3.02359    
3.25174    
2.30167    
3.28310    
3.99497    
3.03138    
3.92611    
2.28239    
3.23143    
2.77516    
3.96933    
2.78143    
2.98926    
2.83139    
4.17948    
3.02905    
4.41866    
3.48976    
2.75804    
2.57055    
4.19853    
3.27158    
3.25089    
2.99276    
2.79622    
2.77797    
2.30859    
2.75125    
3.48384    
3.45590    
2.99605    
3.26449    
3.01449    
3.48806    
3.51061    
3.24263    
3.48317    
3.52086    
3.00620    
3.45160    
2.76314    
2.51981    
3.27292    
3.01408    
2.77740    
3.02031    
3.48586    
4.44180    
3.49644    
3.02204    
3.73846    
2.75555    
3.49021    
3.01918    
2.28433    
2.97212    
3.01383    
3.50580    
2.28235    
4.22787    
3.71298    
3.72690    
3.25830    
2.52406    
3.73345    
3.47800    
3.01272    
2.52251    
3.50587    
3.02950    
2.24612    
3.26389    
3.95086    
2.98427    
2.77247    
3.27161    
3.27146    
4.24610    
2.76163    
2.53667    
3.24295    
3.74916    
2.71970    
3.00307    
2.80200    
3.00764    
2.97938    
3.51106    
3.48763    
3.00963    
3.50562    
2.54220    
3.03603    
2.98012    
3.51245    
3.00919    
3.24997    
3.49274    
3.47972    
3.23019    
3.71426    
3.01071    
3.72253    
3.72921    
3.95543    
3.01014    
3.02840    
3.02003    
2.99270    
4.45440    
2.76335    
3.97215    
3.50927    
3.73343    
3.00254    
2.75584    
3.47542    
2.56649    
2.30667    
4.22031    
3.02009    
1.84286    
3.25710    
2.33099    
2.99477    
3.94698    
3.27542    
3.02541    
2.76643    
3.27265    
2.99873    
3.03780    
3.01051    
4.21089    
2.99131    
2.77711    
3.28644    
3.01577    
2.52800    
2.99185    
3.47986    
3.97139    
2.99100    
3.49704    
2.98636    
3.71325    
3.50584    
2.30316    
3.29339    
2.55818    
4.67012    
3.23591    
3.45207    
3.02040    
3.95783    
2.53119    
3.71081    
3.69591    
3.01394    
3.72044    
3.97378    
3.71872    
4.19979    
2.76493    
3.74864    
2.29530    
2.50774    
2.52189    
3.26628    
3.46327    
2.00483    
4.22782    
3.27144    
3.02318    
3.02695    
2.78273    
3.01004    
3.00553    
3.27451    
2.05143    
3.19407    
3.97347    
3.21617    
2.75877    
2.79838    
3.46200    
3.25577    
3.04394    
3.46998    
3.52115    
3.74687    
3.96169    
3.26938    
4.45372    
1.58988    
2.76828    
3.71979    
3.25564    
3.23489    
3.24519    
3.24536    
3.72417    
3.73750    
3.25483    
3.48108    
3.04044    
3.49781    
3.99364    
3.26888    
3.51239    
3.02351    
3.28943    
3.23789    
2.79896    
2.53988    
3.74140    
3.23632    
3.71019    
2.74451    
3.26961    
2.78242    
3.24495    
2.03377    
2.28942    
3.27584    
2.98722    
3.26572    
3.73832    
3.02060    
3.97823    
3.97075    
3.03018    
3.51495    
3.95652    
3.73256    
2.27833    
3.48349    
3.26223    
3.47021    
3.25304    
3.27678    
3.25870    
3.04760    
3.50636    
3.46009    
1.84634    
2.50979    
3.27970    
3.25426    
2.98156    
3.24717    
3.00938    
3.73995    
2.27433    
3.47712    
2.99623    
3.48021    
3.50453    
3.02110    
2.06639    
3.30112    
3.23834    
3.00135    
3.73816    
2.54509    
2.31349    
3.29903    
2.29908    
2.75896    
2.53290    
4.43178    
3.21853    
2.53403    
4.49980    
3.94774    
3.01119    
3.49008    
2.53806    
3.53646    
3.48060    
3.27639    
2.99595    
3.71744    
3.24550    
2.05336    
3.26160    
3.49242    
2.98616    
3.71144    
3.24109    
3.26011    
3.28688    
4.45716    
4.02449    
2.03114    
3.96225    
2.52791    
2.76678    
3.00925    
2.32486    
3.76494    
3.50663    
3.73975    
3.02747    
2.76113    
2.53007    
2.51575    
3.49414    
3.25824    
2.29774    
3.48163    
2.78358    
3.95128    
2.32593    
2.77229    
3.99227    
3.03844    
3.24080    
3.03358    
3.19840    
3.01415    
2.04753    
3.02565    
2.06062    
3.48900    
3.24349    
3.01555    
3.49923    
3.00912    
3.98303    
3.23901    
2.54318    
2.76428    
3.74564    
3.25149    
3.73544    
3.01500    
2.57779    
3.02808    
4.19384    
2.82392    
2.59007    
3.46984    
3.70721    
3.50701    
3.48476    
2.32042    
3.94865    
3.04237    
2.78843    
3.25292    
3.03129    
3.47960    
3.04481    
3.03200    
3.24205    
2.56676    
3.22502    
2.73590    
1.82769    
2.99192    
2.51492    
2.75220    
3.01477    
3.72460    
2.50737    
3.95587    
3.50685    
3.47380    
3.75476    
2.33569    
3.48795    
2.78961    
4.38903    
3.26072    
3.51646    
3.28027    
3.25771    
3.02347    
3.24654    
2.06426    
2.78841    
3.00130    
4.17346    
2.56322    
2.07333    
3.00369    
2.79194    
2.07132    
3.22668    
3.01195    
1.81486    
3.03150    
3.77330    
3.25043    
2.31275    
3.72412    
2.74931    
2.05364    
3.72996    
2.55274    
3.22298    
3.51457    
2.78462    
3.96609    
3.51594    
3.47844    
3.51162    
3.24895    
3.01682    
2.79287    
3.54008    
3.49873    
3.46556    
3.02939    
3.72901    
2.27558    
2.77571    
3.49497    
2.52185    
2.52293    
3.24562    
4.70139    
3.96448    
3.73897    
3.24361    
3.00141    
3.96306    
2.97178    
3.24921    
3.50494    
2.77544    
3.01561    
3.02963    
3.47067    
3.25225    
2.75570    
4.42480    
4.48057    
2.76147    
3.27457    
3.48152    
3.99049    
3.52298    
3.01177    
3.00409    
2.31875    
3.47823    
3.49555    
2.74105    
3.22342    
3.25777    
3.02984    
3.98497    
3.23169    
2.29253    
2.82258    
3.97063    
3.71825    
2.77488    
3.02340    
3.26576    
2.55251    
2.55087    
1.58335    
3.74843    
3.70796    
3.74535    
2.98933    
1.35566    
3.27128    
4.94225    
2.77166    
2.80324    
3.49197    
3.28291    
3.26095    
3.51704    
3.01805    
3.51929    
2.30878    
2.55551    
3.71194    
2.75391    
2.77548    
3.28003    
2.29433    
3.98024    
2.30034    
3.49483    
3.72089    
3.01623    
3.48679    
3.27285    
3.70731    
3.24250    
3.50103    
3.76493    
3.72619    
3.45294    
3.74134    
3.00544    
3.00248    
3.04680    
3.00515    
3.26864    
3.00068    
3.49449    
3.00768    
3.48246    
3.94309    
2.98911    
3.01877    
3.47282    
3.01075    
3.03759    
2.73899    
3.92663    
3.23543    
3.98487    
3.28874    
3.96375    
2.55183    
3.49191    
2.76549    
3.72986    
3.50110    
3.69879    
3.00454    
3.26477    
3.23794    
4.01921    
3.20624    
2.53701    
3.02782    
2.57474    
3.01435    
2.53275    
3.95908    
4.43440    
2.27348    
3.00389    
4.20129    
3.24612    
4.18340    
3.96739    
2.74709    
2.99123    
3.00409    
3.25883    
2.54404    
3.50754    
3.02381    
3.23580    
3.47382    
2.74837    
3.32086    
3.01287    
2.54258    
3.28592    
3.21034    
3.49418    
3.27912    
3.00565    
3.52292    
3.47268    
2.27355    
2.52296    
4.43717    
3.72596    
2.50285    
2.76563    
3.03260    
2.75813    
3.51297    
3.25353    
3.70829    
3.23718    
2.76553    
3.22547    
3.94393    
3.01492    
2.99861    
4.70065    
2.78735    
2.78108    
3.51979    
2.27808    
3.50768    
3.52881    
2.50443    
3.99234    
2.72930    
3.99227    
3.43484    
2.53630    
2.53720    
2.53311    
2.25169    
3.03710    
3.23798    
3.26950    
4.46456    
3.00052    
3.72202    
3.46647    
2.78382    
3.72046    
3.24816    
2.97982    
3.94978    
2.81546    
4.45033    
3.70953    
3.50670    
4.20503    
3.24972    
3.49509    
2.28566    
3.74493    
3.02329    
3.05619    
4.69418    
3.00189    
3.73169    
2.79419    
2.52563    
3.47681    
3.21727    
3.75384    
3.26539    
3.02138    
3.28193    
3.48229    
3.23178    
2.75127    
2.27320    
3.48853    
2.50827    
3.50952    
3.02770    
2.27961    
3.75456    
3.24904    
3.73437    
3.75228    
3.71856    
3.21867    
3.48688    
3.94447    
2.73226    
3.73310    
3.99127    
2.55918    
3.23444    
2.76233    
2.54136    
1.31958    
2.55902    
3.49650    
3.26907    
3.00711    
3.48048    
3.24198    
3.24209    
3.02300    
2.77618    
3.76464    
3.90690    
3.02144    
2.55014    
2.75517    
3.01543    
3.94878    
3.48933    
3.25109    
2.77220    
3.97319    
3.47825    
4.44395    
3.26286    
3.49446    
3.03568    
4.92086    
2.75282    
4.17507    
3.74021    
3.27013    
2.76588    
2.76039    
3.52162    
2.50671    
3.75293    
3.02550    
4.44642    
3.47921    
3.26931    
3.74482    
3.27801    
3.49744    
2.98181    
3.01595    
3.74479    
2.29094    
3.71918    
3.97190    
3.46973    
2.27536    
3.97079    
2.75641    
3.46324    
3.50307    
2.52333    
2.27387    
3.04477    
2.77659    
3.94552    
2.58180    
3.49478    
2.50676    
3.45537    
3.01164    
2.78788    
2.54081    
3.04814    
2.50456    
2.78400    
3.00482    
2.74925    
2.99806    
3.49231    
3.02774    
3.22966    
3.47204    
3.73482    
2.53544    
3.24963    
3.49550    
2.02584    
3.72251    
3.27052    
3.01962    
3.94723    
3.48777    
3.75037    
3.97514    
2.55200    
2.31681    
3.50793    
3.22408    
2.75913    
3.23750    
3.48915    
2.03835    
3.02297    
2.75273    
3.24514    
3.01388    
3.72234    
4.21412    
3.71143    
3.23169    
3.01878    
3.46707    
3.23797    
3.47755    
3.22946    
3.70745    
3.47893    
3.23855    
3.48977    
3.55287    
2.30958    
3.74015    
3.03061    
4.03328    
2.51182    
4.19506    
2.76820    
3.71266    
3.01631    
3.27980    
3.47767    
3.46029    
2.98372    
2.78571    
3.70050    
3.74443    
3.02576    
3.48118    
3.47784    
3.26187    
2.55056    
2.54966    
2.74713    
3.25380    
3.26834    
3.25923    
3.48283    
3.27885    
2.97735    
3.48387    
2.74803    
3.23351    
3.47881    
3.72991    
2.76408    
2.27452    
2.77049    
3.25091    
3.26148    
3.02872    
3.45361    
3.69996    
3.01124    
4.21304    
3.02589    
3.49936    
2.78198    
4.21145    
3.50677    
2.52411    
2.28159    
3.97389    
2.78712    
3.24000    
2.27548    
3.04000    
3.51789    
2.54704    
2.76090    
3.51751    
2.75472    
3.71551    
3.75347    
2.97647    
2.74815    
3.73389    
2.73811    
2.05195    
2.78693    
3.71059    
2.99835    
2.79486    
2.79898    
2.07029    
3.23758    
3.75374    
3.52228    
3.24530    
3.73454    
2.76278    
3.96798    
3.02056    
3.47508    
3.24642    
2.29183    
2.73188    
2.54845    
3.28886    
3.73355    
2.52781    
3.72928    
3.26006    
3.25692    
2.77783    
3.49380    
2.53364    
2.52816    
3.50972    
3.23660    
3.25466    
2.99134    
3.48680    
3.51599    
3.69776    
3.72354    
2.77026    
2.03762    
3.52216    
3.23759    
3.70919    
3.23918    
2.77776    
3.04889    
2.78672    
3.25961    
3.72081    
2.53343    
3.27638    
3.24594    
2.79711    
3.74441    
3.48097    
2.53977    
1.85762    
2.76455    
4.00625    
3.53461    
3.72856    
2.04749    
2.53247    
3.46638    
2.74671    
2.53273    
2.79086    
3.22649    
4.20751    
3.22995    
2.04029    
2.27439    
4.00504    
3.01480    
3.00317    
3.28837    
3.50878    
2.76498    
3.98361    
3.93588    
3.44884    
3.73821    
3.98390    
3.24241    
2.79260    
2.98893    
2.80101    
3.46037    
3.24270    
3.48970    
3.47182    
4.26249    
3.25380    
3.97274    
3.51865    
4.45704    
3.47384    
2.76813    
3.50312    
2.74054    
3.23042    
3.03478    
3.22617    
3.73816    
2.97331    
3.04181    
2.77880    
2.07372    
3.00147    
2.24252    
2.54297    
3.49495    
3.51621    
2.78580    
2.78882    
2.76140    
3.00860    
2.52188    
4.45583    
2.77629    
2.76374    
2.53062    
2.99990    
3.74485    
3.19536    
2.54901    
3.49809    
3.21818    
2.79608    
2.99268    
3.01226    
3.97593    
3.76033    
2.51552    
3.70773    
3.24962    
3.25543    
3.02870    
3.01645    
4.45890    
3.48209    
3.03384    
3.27401    
3.01793    
4.92775    
2.74738    
2.78659    
3.96941    
4.18869    
2.48639    
3.02997    
2.80468    
3.27032    
3.48042    
4.01636    
2.52572    
3.46218    
3.95059    
3.03753    
3.02700    
3.25186    
3.76263    
3.50076    
3.28053    
3.01362    
2.76497    
3.24376    
2.99268    
2.48923    
3.48148    
3.24222    
3.26805    
2.77212    
2.54030    
3.26230    
2.75552    
3.75958    
3.26885    
2.75870    
2.75422    
3.01803    
3.01430    
2.53462    
3.00846    
2.56618    
2.77678    
2.78264    
2.54897    
3.04871    
3.48483    
3.49100    
2.80583    
3.23797    
2.26161    
2.74832    
3.28618    
3.48812    
2.99973    
3.02100    
3.49378    
4.45412    
3.27471    
2.29366    
3.72990    
3.24019    
3.51268    
3.27531    
3.47961    
3.96022    
2.50063    
3.27768    
3.97869    
3.52228    
4.20090    
3.49448    
3.26360    
3.47844    
4.72006    
3.26401    
1.80694    
3.94140    
3.26772    
3.24695    
3.00378    
3.24700    
3.26534    
4.43956    
2.26838    
3.74602    
2.77695    
3.23112    
2.05903    
3.23143    
3.47092    
3.26987    
3.95949    
3.23842    
2.04174    
3.72094    
3.48910    
2.52644    
3.51931    
4.44955    
3.23922    
3.00712    
4.18160    
3.49807    
2.72915    
2.78087    
3.26783    
3.26031    
3.71888    
2.75121    
3.01789    
3.22573    
3.25775    
2.78823    
2.77432    
4.92421    
3.25511    
2.79131    
3.22620    
3.72352    
3.49682    
3.22454    
3.00549    
3.25687    
3.78154    
3.24614    
3.47683    
3.72448    
3.46792    
3.01424    
3.26113    
3.29404    
3.50372    
4.16733    
3.47859    
2.77412    
3.97935    
2.06264    
3.71382    
3.26998    
2.53162    
3.95789    
3.01788    
2.52152    
2.30524    
3.01603    
2.55434    
2.72128    
3.49249    
2.54300    
3.72794    
2.76283    
3.23762    
2.76532    
2.53045    
3.75684    
1.82749    
3.71628    
2.32249    
2.76262    
4.69701    
3.25380    
2.54970    
3.19501    
3.28778    
3.51190    
3.04508    
2.31563    
3.47204    
3.22971    
2.30838    
2.52725    
3.51149    
3.48598    
3.00715    
2.96914    
3.00689    
2.75793    
3.97911    
2.53826    
3.72023    
2.49420    
2.74814    
3.25545    
3.00683    
3.27155    
2.81365    
3.48455    
3.25812    
2.79441    
3.26952    
3.72093    
2.54682    
3.28654    
3.01887    
3.99865    
2.51627    
2.99444    
3.02772    
3.02800    
3.24538    
4.41528    
3.96865    
3.01285    
4.22463    
3.72216    
3.46826    
2.75360    
2.55297    
3.72163    
2.51679    
3.26283    
2.03618    
2.76470    
3.47754    
2.53860    
3.03788    
3.97738    
2.29128    
3.46454    
3.25011    
2.78612    
3.45460    
2.99576    
3.01554    
3.01518    
3.25674    
3.03282    
3.72983    
3.26984    
3.24336    
4.19941    
2.78949    
3.51975    
3.72386    
3.74061    
3.95156    
3.04154    
2.53131    
3.50794    
2.79369    
3.25681    
2.79181    
3.76928    
3.45665    
4.21745    
2.78724    
3.04343    
3.44891    
2.06384    
3.48681    
3.74335    
2.51310    
2.32187    
2.96455    
3.67749    
3.92686    
3.47544    
3.48098    
3.69976    
2.77146    
2.75580    
3.75203    
2.75736    
2.98901    
2.79059    
2.77416    
3.00727    
2.99041    
3.97324    
3.23524    
3.25993    
3.71960    
2.78423    
4.00595    
3.52512    
3.50689    
4.22287    
3.27767    
2.79887    
1.99951    
3.76917    
3.48526    
2.74109    
2.98867    
3.28418    
3.50294    
3.26866    
2.56112    
3.02027    
2.74703    
2.99059    
2.76167    
3.24508    
3.24899    
4.44055    
3.97324    
3.00589    
3.97181    
3.03001    
3.71141    
3.48802    
3.26199    
3.45034    
4.44797    
2.75166    
2.77887    
2.80639    
3.27644    
3.01909    
3.52324    
3.24868    
3.24698    
3.21702    
3.49930    
2.79554    
3.26384    
2.77257    
3.03540    
3.25079    
3.95342    
2.78827    
3.03057    
3.48545    
2.79119    
2.53569    
2.06401    
2.54254    
3.74616    
3.50426    
3.03188    
2.07367    
3.75207    
3.22543    
2.80517    
2.98123    
2.76756    
3.72347    
3.73525    
3.47717    
3.52303    
3.27004    
3.00324    
3.26467    
3.02822    
3.02034    
2.75407    
3.50414    
4.45187    
2.73364    
3.28211    
4.68056    
3.01092    
3.24925    
2.79674    
3.25328    
3.71858    
2.98945    
2.78700    
3.02560    
2.52997    
3.75403    
4.22552    
2.78343    
2.77750    
3.24765    
3.49594    
2.76167    
3.01395    
2.77215    
3.75557    
3.01464    
3.46545    
2.54651    
3.25498    
3.95232    
4.44150    
4.20763    
2.77815    
2.99768    
3.04687    
3.26295    
3.72021    
2.78887    
3.26872    
2.29781    
3.05336    
3.70045    
3.01582    
1.56914    
3.48733    
3.25201    
2.30927    
3.27201    
2.79662    
3.96107    
2.54859    
4.19155    
2.76247    
3.27275    
2.56296    
3.01566    
3.52251    
3.24537    
3.46758    
3.26149    
3.24591    
2.99570    
3.96396    
3.28815    
2.53116    
3.55406    
3.46104    
3.46455    
3.00295    
2.50397    
3.71070    
3.73428    
3.73583    
3.98530    
2.77122    
2.75931    
3.06199    
3.96739    
3.00399    
3.50265    
3.03591    
3.75441    
3.02826    
3.49112    
2.55110    
2.52569    
2.28516    
3.45620    
4.16920    
3.70454    
2.75676    
2.75523    
3.97670    
3.47760    
3.02049    
3.26096    
2.53020    
2.77351    
2.73767    
3.04170    
3.26097    
2.54352    
3.49882    
3.99709    
3.48941    
3.74513    
3.26984    
4.47019    
3.49004    
3.03201    
2.75586    
3.05147    
4.68259    
2.30275    
2.55583    
2.77353    
3.48488    
3.96314    
3.95446    
2.54249    
2.75879    
3.03518    
3.25766    
3.27364    
3.06249    
3.24283    
3.72487    
2.80252    
3.01886    
3.49452    
3.73075    
2.73792    
2.74058    
3.24363    
2.79201    
3.00074    
2.76563    
3.02702    
3.00667    
3.02082    
2.55307    
2.50776    
3.26145    
2.76726    
3.94160    
2.99739    
4.01652    
2.75801    
2.98187    
3.70330    
2.98987    
3.69277    
2.80960    
4.21825    
3.72871    
3.28909    
3.26617    
3.74345    
3.02351    
3.03542    
3.97108    
3.27257    
2.53363    
3.73197    
1.79136    
2.74748    
3.98477    
3.48925    
2.77376    
3.24038    
3.74923    
3.50677    
2.53753    
3.00028    
3.00869    
3.92137    
2.99778    
2.99422    
3.98737    
3.25776    
3.52016    
4.19371    
2.50279    
3.75070    
3.25349    
2.52115    
2.77501    
3.46322    
2.78890    
3.92749    
2.79589    
2.30730    
2.75598    
3.51329    
3.52017    
3.48486    
2.30885    
3.47777    
2.99923    
2.77531    
2.31598    
3.29207    
2.78207    
2.51867    
3.49399    
4.69913    
3.26229    
2.72367    
4.23583    
3.71492    
4.42064    
3.02729    
3.46388    
2.52177    
2.51147    
3.72361    
2.52768    
3.24156    
2.81056    
3.04749    
2.53414    
3.00751    
3.00217    
3.75941    
3.50553    
3.02069    
3.73702    
3.76054    
3.49525    
2.56846    
4.20749    
3.99011    
3.05672    
2.07505    
2.73644    
3.52491    
2.55048    
2.99935    
3.26900    
3.69525    
3.96529    
2.79935    
4.19999    
3.03199    
3.72818    
3.02798    
3.46430    
3.47961    
3.71395    
3.00386    
3.28716    
3.70520    
4.45120    
3.07725    
2.26283    
2.30672    
3.75811    
2.77636    
3.28347    
3.00016    
4.20248    
3.25411    
3.95937    
3.47403    
3.72804    
3.69217    
3.72000    
2.74980    
3.04094    
3.46653    
3.02321    
2.49758    
3.01710    
3.26342    
3.01133    
4.41451    
3.76115    
3.26000    
3.47564    
3.50474    
3.24343    
2.76074    
2.53985    
3.01729    
3.50437    
3.21865    
2.98795    
3.25413    
3.45269    
4.24205    
2.97729    
3.74236    
2.96195    
3.26731    
4.46956    
3.25013    
2.97542    
3.53424    
3.24511    
3.97303    
3.49011    
3.26461    
2.97339    
3.02009    
3.02108    
3.95005    
3.00804    
3.48879    
3.01068    
3.26563    
4.19763    
4.15578    
3.04265    
3.49805    
3.28179    
3.22903    
2.76985    
3.00460    
3.50150    
3.00843    
2.54332    
3.25365    
2.52922    
3.52862    
3.72470    
3.49849    
3.72158    
3.27665    
2.53049    
3.95544    
2.52007    
3.20274    
4.68815    
4.19647    
3.50514    
3.99753    
3.50034    
3.51071    
3.27649    
2.53520    
3.76495    
3.01803    
2.79149    
3.74457    
3.24838    
3.68706    
3.04278    
3.24759    
3.00986    
3.26190    
3.47176    
3.49325    
3.28043    
3.69193    
3.49982    
3.97532    
3.95336    
1.76996    
4.43512    
2.48745    
3.03014    
4.18546    
3.02912    
3.23771    
3.74415    
3.26513    
3.25955    
2.55573    
2.75316    
2.06981    
2.54783    
4.19753    
3.02047    
4.17136    
4.43240    
4.23136    
3.73066    
2.81233    
3.22441    
2.98245    
2.27626    
2.77350    
2.51162    
3.44832    
2.76261    
3.25995    
3.24681    
2.52136    
2.52937    
3.04822    
3.97128    
3.03382    
2.54684    
3.48152    
3.48657    
3.70887    
3.21457    
3.24150    
3.25549    
2.31704    
3.01639    
3.20976    
3.02044    
3.45107    
3.77676    
3.98091    
3.51542    
3.98403    
2.31358    
3.75139    
3.96809    
3.71403    
3.96092    
3.48424    
3.97914    
3.71750    
4.44963    
2.77976    
4.19508    
2.75200    
2.02119    
3.24018    
3.69158    
3.69746    
3.00696    
2.54912    
2.96807    
3.74230    
3.73826    
3.27716    
3.71819    
2.75694    
2.55391    
3.50526    
4.19544    
3.24789    
3.94208    
3.23963    
2.99600    
3.48744    
3.73887    
4.25122    
2.77218    
3.01641    
4.19046    
4.45070    
3.50875    
2.27765    
3.02258    
2.80339    
3.46094    
3.71276    
4.65550    
2.79677    
2.77306    
2.79505    
3.22162    
3.00445    
3.72705    
3.00381    
3.47762    
3.26365    
3.95881    
2.78347    
3.00587    
3.02835    
4.00727    
2.74819    
3.00717    
3.47509    
3.47578    
2.98028    
3.00451    
2.52791    
3.73014    
3.25184    
3.72689    
3.75855    
3.53690    
1.78621    
2.27907    
3.22761    
3.27845    
3.25365    
3.01560    
3.01343    
3.24124    
3.03514    
3.71340    
3.73557    
3.23827    
3.25063    
4.18799    
4.22322    
3.22812    
3.99128    
3.49277    
2.28298    
3.22327    
2.99204    
3.49343    
2.78335    
3.01289    
3.46112    
4.21556    
3.00704    
3.72006    
4.19295    
4.90678    
3.94944    
3.02694    
3.47532    
3.50957    
3.47115    
2.77628    
3.73776    
3.73186    
3.51150    
3.27968    
3.50752    
3.74573    
3.50868    
3.48549    
3.23883    
4.44658    
3.04054    
3.25266    
3.77111    
3.01033    
3.97776    
3.50003    
3.23866    
2.75374    
3.72747    
3.02089    
3.24669    
3.48734    
3.24132    
3.75004    
3.95611    
3.02093    
3.49550    
4.01855    
3.00406    
2.76988    
3.22941    
2.55221    
3.77325    
2.79875    
3.47193    
2.99711    
3.24150    
3.69586    
2.51420    
3.53085    
3.47363    
3.69882    
3.73206    
3.03602    
3.74021    
2.26961    
2.78867    
3.96688    
2.99540    
3.24713    
2.10555    
3.97591    
3.28382    
3.48499    
3.49367    
3.23338    
2.31078    
3.01989    
3.24821    
3.24899    
3.77190    
3.49017    
4.20506    
3.01571    
3.95673    
3.45796    
2.99053    
2.53854    
3.25592    
3.24168    
3.52438    
3.23287    
3.49110    
3.69899    
4.44764    
3.00965    
3.47654    
4.50520    
4.46583    
2.53706    
3.26730    
3.00274    
3.00903    
2.75229    
2.98287    
2.54707    
4.17832    
3.74036    
3.96034    
2.74635    
2.54742    
3.03055    
2.78294    
3.53489    
2.31275    
3.51566    
3.03274    
2.99971    
2.29387    
3.70070    
3.03056    
3.49612    
3.01074    
3.47650    
3.06161    
2.76120    
3.24321    
4.45195    
3.01810    
2.77973    
3.50196    
2.78323    
3.04913    
2.50538    
4.41793    
4.46198    
2.77902    
3.70952    
2.76213    
4.02013    
2.51516    
3.94684    
4.20198    
3.95802    
3.04782    
3.25350    
2.79648    
2.99491    
3.00368    
3.01222    
2.51854    
4.00042    
3.72235    
2.76950    
3.48556    
2.51355    
4.44127    
2.55472    
2.05584    
2.50695    
4.20410    
3.22459    
3.00815    
2.54192    
2.74904    
3.50588    
3.00529    
3.96884    
3.47022    
3.47420    
2.05755    
2.98021    
3.24871    
2.75170    
2.97011    
3.72824    
3.47280    
3.50028    
3.97013    
3.24582    
3.50323    
3.49767    
3.45749    
2.77266    
3.47684    
3.72739    
3.72194    
3.47846    
3.71508    
3.95369    
2.77843    
4.25787    
2.76564    
3.72436    
3.45134    
2.99581    
3.73133    
3.25423    
2.77887    
3.48680    
3.25986    
2.51948    
2.99590    
3.47545    
3.27921    
3.97753    
3.02005    
3.01877    
3.49690    
2.99955    
3.96240    
4.20585    
2.98962    
3.96882    
2.74093    
3.24349    
3.74138    
3.23441    
3.00597    
3.03258    
4.43368    
2.05470    
2.08134    
2.30051    
3.47968    
3.71490    
2.99804    
3.73117    
2.78552    
3.03621    
3.01798    
1.55508    
3.00044    
3.02768    
2.77681    
3.24861    
2.53842    
2.80494    
2.77374    
3.73034    
3.01530    
3.48820    
2.78072    
2.77737    
2.49933    
2.99601    
3.50128    
3.73044    
3.98309    
3.48357    
2.50539    
3.50562    
3.27476    
3.95882    
3.27501    
3.03975    
3.24427    
3.02150    
2.53778    
3.48800    
3.46333    
3.01064    
3.48385    
3.96783    
2.80544    
2.80960    
2.79384    
3.53614    
3.96040    
3.73720    
3.95961    
3.21366    
2.55827    
3.03196    
3.52725    
3.49050    
2.29022    
3.29616    
4.01727    
3.26690    
2.98503    
2.29756    
3.49456    
3.50835    
3.49904    
3.02663    
3.27019    
3.02132    
3.98784    
3.44637    
3.49410    
2.55336    
3.73183    
2.98804    
2.76035    
3.49587    
3.50092    
3.01028    
3.47244    
3.46802    
3.97842    
3.49002    
3.75596    
3.93607    
3.48594    
2.76173    
3.48486    
2.79136    
3.24887    
3.00713    
2.76977    
3.02267    
3.96378    
3.25984    
3.73534    
3.00709    
4.20659    
3.96047    
2.74311    
2.79897    
3.02793    
3.46799    
3.98978    
3.75350    
3.51864    
3.04114    
3.71231    
3.51143    
3.49741    
2.53863    
3.28847    
2.53646    
4.00949    
3.26124    
4.46612    
3.46798    
2.56748    
2.76971    
2.77857    
2.76066    
2.53570    
3.47347    
3.97450    
2.75721    
3.48764    
3.24041    
3.47355    
3.48945    
4.47883    
3.49614    
2.56613    
3.51818    
2.78417    
3.49123    
3.48918    
3.00695    
3.47954    
3.00450    
3.01501    
3.47344    
3.22450    
3.50278    
3.95385    
3.75157    
4.45691    
3.71525    
2.77620    
2.50115    
3.98149    
2.98011    
2.74830    
3.24936    
3.45662    
3.26310    
3.01272    
4.24211    
3.25644    
3.71682    
3.48715    
3.47858    
2.07045    
2.53881    
3.47516    
3.74240    
3.26084    
3.26556    
3.48174    
4.45578    
2.78091    
3.25400    
4.19433    
2.74829    
2.05087    
3.48760    
2.53292    
3.00566    
3.03309    
2.79881    
3.26299    
3.01437    
2.55793    
3.25244    
2.79244    
2.50486    
3.00115    
3.99366    
3.03095    
2.56712    
3.73379    
3.26776    
3.51204    
3.45694    
4.18584    
3.74587    
3.98465    
2.76692    
3.27382    
3.23557    
3.97129    
3.72135    
2.73178    
3.27674    
3.26682    
1.85021    
3.01523    
3.00868    
2.48769    
2.56213    
4.21366    
2.99785    
3.73176    
2.57859    
2.04186    
3.28948    
3.99710    
3.74598    
2.51512    
2.52910    
3.96930    
3.23300    
4.43861    
3.95994    
2.78305    
2.74842    
2.75784    
4.20939    
3.01630    
2.50750    
4.21988    
3.47631    
2.30884    
3.02692    
3.74748    
3.21556    
3.51469    
3.26198    
2.50898    
3.71857    
3.28311    
3.01034    
3.03689    
1.79257    
2.28276    
3.76741    
2.56025    
3.01324    
2.99882    
2.75954    
3.71261    
3.25292    
3.51223    
3.22865    
3.74203    
2.99356    
3.48304    
2.76978    
4.24171    
3.19977    
2.29721    
3.29198    
3.75966    
3.51805    
3.23335    
2.76663    
3.49775    
2.30516    
3.47137    
3.73812    
2.97856    
3.47119    
4.65755    
2.75993    
3.02683    
2.76961    
3.49815    
3.51682    
3.25240    
2.97854    
2.52355    
3.74158    
3.00433    
3.28771    
3.03659    
3.49118    
2.54185    
2.99956    
3.95409    
2.77575    
3.49985    
2.30490    
3.73457    
3.21930    
2.80228    
3.74966    
3.49161    
3.68738    
3.02724    
3.24224    
2.53284    
3.72367    
2.72484    
2.78292    
2.78748    
3.03595    
3.23458    
3.72855    
3.99453    
4.20654    
3.74149    
2.53085    
3.04975    
3.25750    
4.18906    
3.74337    
3.72980    
2.76651    
2.99881    
2.54879    
3.04225    
2.75634    
3.01713    
3.46086    
3.01806    
3.24378    
3.76855    
3.70399    
2.53675    
3.26179    
2.03700    
2.76826    
2.54370    
3.26156    
3.95515    
3.01847    
3.73070    
3.96609    
2.77836    
3.97700    
3.97498    
2.77812    
3.97811    
3.52773    
3.75461    
3.02540    
3.03120    
2.79183    
3.26744    
3.22588    
2.53484    
3.26056    
3.03586    
3.72907    
2.98658    
3.24129    
2.56183    
3.72674    
3.26310    
3.52173    
3.26094    
3.72181    
3.24244    
3.47785    
2.26456    
3.28838    
3.49328    
3.95976    
3.73276    
3.21165    
2.31493    
3.50371    
4.22846    
3.03327    
3.49164    
2.07495    
3.52247    
4.67941    
2.32752    
3.74155    
2.76670    
2.53425    
2.78499    
3.98100    
2.77980    
2.53339    
3.25953    
3.28372    
3.25424    
2.50729    
3.48062    
3.51935    
2.78474    
2.78705    
2.77986    
2.80591    
3.95471    
3.73951    
2.55232    
2.77731    
3.22006    
3.71949    
2.28706    
3.70063    
3.23589    
3.47676    
2.76808    
3.49519    
3.25082    
3.24806    
3.98302    
2.54894    
4.26092    
2.76256    
3.76618    
2.10358    
3.98554    
3.46314    
4.20097    
2.78942    
4.22711    
3.71886    
2.70730    
3.27036    
3.47212    
2.78757    
3.70799    
2.04209    
3.49275    
2.55307    
3.95106    
3.29935    
3.26199    
2.53936    
3.52158    
3.04674    
3.24125    
3.49122    
3.48410    
3.26958    
3.49178    
3.00671    
2.80110    
3.21958    
3.03693    
2.99898    
2.75904    
3.25315    
2.98756    
3.49514    
3.47829    
2.32744    
3.24777    
2.78429    
2.78846    
3.75047    
2.54512    
2.99611    
2.56366    
3.01344    
3.69982    
3.25209    
2.28830    
3.75208    
3.04792    
3.74927    
2.31586    
3.96376    
3.21114    
4.21500    
3.49240    
3.25523    
2.05566    
3.25048    
2.77219    
2.05190    
3.47978    
2.75464    
2.53347    
2.74298    
3.48321    
2.31826    
3.26455    
3.25184    
2.78857    
2.77425    
2.30427    
4.68680    
2.81950    
2.57004    
3.72025    
2.77147    
3.25541    
3.97799    
3.24043    
3.72246    
2.99360    
2.74114    
3.69857    
3.01459    
3.71833    
3.25260    
3.49816    
3.98184    
2.53585    
3.27376    
3.71502    
3.50114    
2.76453    
2.77446    
3.01316    
3.27649    
3.27302    
3.03893    
3.50148    
3.46950    
3.01826    
3.25194    
3.18453    
3.28636    
2.33906    
