2.98572    
1.99608    
0.94436    
1.10094    
5.39697    
6.31755    
2.90548    
5.55050    
4.08715    
2.93489    
4.86109    
1.42586    
3.11233    
4.08744    
5.52450    
5.03274    
2.96262    
2.46818    
4.06226    
4.99978    
4.90092    
3.09503    
4.01849    
2.48691    
4.05882    
3.41398    
3.96928    
6.84680    
0.94845    
0.49443    
3.10243    
2.52246    
6.41561    
1.96092    
4.95803    
3.02394    
3.42809    
3.03492    
3.90287    
3.54829    
5.01647    
1.09785    
5.92999    
2.18667    
1.60569    
0.13184    
1.63105    
3.51227    
3.97696    
2.05290    
3.33571    
5.56355    
2.95037    
3.55377    
2.09565    
4.98247    
3.48494    
2.96841    
4.95074    
2.96394    
5.49249    
3.13492    
2.51744    
3.02073    
1.05940    
3.14384    
3.01102    
1.38651    
4.40969    
7.85549    
3.96947    
4.04200    
2.21620    
2.97830    
3.54301    
5.89845    
5.52726    
3.92199    
2.59315    
-0.41610    
4.57230    
3.88217    
5.90915    
2.48060    
3.46847    
4.91918    
4.08755    
1.12870    
6.02091    
5.40016    
5.52436    
3.00040    
5.34753    
3.07014    
3.91725    
4.97242    
2.99854    
2.97284    
2.55357    
2.53559    
3.04707    
3.06243    
2.04301    
4.48236    
2.99211    
5.02640    
4.45066    
2.25775    
2.98073    
4.95452    
3.15325    
2.98404    
1.03583    
4.94897    
4.02502    
1.14519    
1.13002    
6.54389    
4.93254    
6.81787    
3.57730    
1.62838    
6.91877    
6.33295    
3.14335    
2.99334    
1.63099    
2.51305    
0.63039    
0.22504    
3.44000    
2.45573    
4.90013    
4.03778    
2.95716    
3.00101    
3.23181    
6.00386    
3.01263    
3.51005    
4.10503    
2.03237    
4.98526    
1.95752    
6.10876    
4.83798    
2.98790    
5.88717    
4.44842    
3.46340    
5.99209    
3.08175    
3.92883    
4.96969    
5.68974    
5.06213    
6.50891    
2.00459    
2.10934    
3.91971    
4.07036    
3.00891    
2.50183    
2.96517    
5.53592    
4.48246    
4.80249    
5.44299    
3.91808    
4.02530    
3.98197    
6.51087    
3.89596    
3.12050    
3.55927    
4.06913    
3.04798    
5.40877    
4.05230    
3.06104    
4.97066    
5.81300    
1.45511    
4.00999    
5.05526    
5.00482    
2.10344    
1.13148    
2.50465    
5.02469    
3.82625    
2.95194    
6.93040    
3.14776    
3.96222    
4.02952    
5.38508    
2.00128    
2.16150    
1.11737    
3.92053    
3.48044    
5.43478    
4.98731    
3.95641    
1.65271    
3.92389    
3.97637    
3.02409    
3.07445    
2.10854    
2.01667    
2.94833    
2.74595    
3.55032    
2.42344    
3.05204    
1.46404    
3.49547    
2.20420    
4.93002    
1.99452    
4.49078    
7.92113    
5.93244    
4.95563    
5.84508    
2.11087    
0.20651    
3.49817    
5.00397    
3.96814    
0.95069    
3.15519    
0.01768    
5.00232    
3.12503    
4.35326    
2.53241    
2.00023    
0.39600    
4.21473    
4.86689    
2.16456    
4.05339    
3.47600    
1.09812    
0.70642    
5.06076    
5.94652    
4.98874    
1.50945    
4.14259    
3.59589    
2.10735    
6.10759    
3.88333    
2.84336    
6.36778    
5.95810    
1.57374    
5.48421    
1.09363    
3.13365    
1.51532    
5.15494    
5.11962    
5.91307    
3.17458    
2.93556    
4.05661    
6.84732    
5.01930    
2.07563    
3.06952    
4.62738    
3.98728    
1.12456    
2.09488    
5.41342    
1.14817    
1.07007    
3.10726    
2.97224    
4.31854    
3.94776    
5.47717    
3.97773    
3.57724    
1.15370    
1.17078    
3.84126    
4.94883    
6.07262    
4.35125    
3.47826    
5.83309    
6.91936    
3.07950    
4.76520    
3.04545    
3.66429    
5.97348    
2.04916    
4.88169    
4.98809    
4.96872    
2.02869    
4.03572    
3.16199    
0.44414    
3.51914    
7.84466    
2.48913    
5.48980    
3.97686    
3.96986    
3.90792    
4.02426    
5.82144    
3.46447    
1.10313    
1.01312    
5.44372    
3.01870    
4.03268    
1.98151    
1.97411    
1.90637    
3.95334    
3.56419    
5.07433    
3.96023    
3.64079    
2.48758    
4.89328    
5.07790    
1.12419    
4.13019    
7.32982    
5.02282    
3.58777    
2.84382    
3.94834    
5.00223    
4.93752    
4.44189    
3.10598    
4.99961    
1.94400    
5.40284    
2.02151    
4.08273    
3.01001    
5.97255    
3.02847    
2.12787    
1.08919    
5.00984    
3.95746    
3.95718    
1.98798    
4.91599    
4.87955    
3.09133    
6.78245    
3.46332    
5.03552    
2.08294    
5.92857    
2.51015    
3.55613    
4.00447    
2.53662    
1.53490    
4.15259    
6.12550    
2.96202    
3.97175    
4.41337    
3.98781    
3.03973    
0.16816    
2.15105    
3.57937    
4.90235    
4.52161    
2.03684    
3.91469    
1.21933    
2.01737    
3.03959    
4.91711    
1.07455    
3.88285    
2.98887    
4.85608    
2.04055    
2.90254    
4.54442    
2.92497    
6.87087    
5.01239    
2.97479    
0.68098    
3.96535    
3.87570    
3.00834    
5.00104    
1.58716    
2.03246    
6.27983    
1.13876    
6.55156    
3.10578    
5.98878    
2.05903    
-0.26976    
2.06488    
0.13735    
0.10427    
1.62927    
4.97605    
4.41422    
2.86589    
3.01006    
3.45213    
3.91547    
8.36329    
2.55970    
3.05067    
3.98149    
4.08795    
4.09606    
6.88347    
1.96862    
6.81874    
2.54388    
2.97260    
2.07319    
3.96435    
5.48762    
2.11394    
1.11252    
4.97316    
2.99927    
3.61742    
3.97252    
4.99704    
6.77967    
3.05878    
1.96376    
3.96208    
1.62107    
3.59362    
4.00967    
4.83438    
5.88822    
0.09588    
4.97842    
4.93124    
3.58997    
3.03296    
4.00804    
3.57446    
3.44182    
2.06275    
1.15496    
3.13822    
3.40420    
5.91176    
2.76337    
3.05225    
2.82732    
2.12975    
4.49177    
5.01344    
4.03438    
4.93391    
2.04826    
4.98704    
4.10761    
3.53751    
3.91186    
5.12086    
4.02556    
3.52431    
3.65831    
2.99878    
3.48205    
2.87915    
3.93843    
2.56972    
1.60551    
4.64201    
1.99569    
6.02434    
3.14622    
2.96812    
6.78230    
3.38715    
4.00378    
4.07302    
2.98168    
2.06298    
3.88800    
4.97795    
4.93599    
3.04194    
5.01903    
3.07264    
4.05478    
3.85432    
5.50155    
3.96271    
9.65461    
5.44345    
3.89779    
3.11188    
4.44824    
4.49373    
1.58943    
1.99867    
2.98358    
2.10170    
3.03460    
5.95754    
3.99286    
2.99999    
5.52073    
4.11742    
4.15647    
2.48446    
2.08273    
4.98970    
0.03199    
2.42700    
2.10666    
5.01594    
4.13380    
2.84306    
3.06784    
3.53802    
4.94029    
3.89599    
3.86118    
6.37402    
4.09459    
1.99411    
1.09652    
3.01991    
4.55093    
0.55777    
2.06324    
3.04544    
5.01476    
3.59508    
-0.04229    
4.35950    
3.52225    
3.90714    
4.96957    
1.11362    
1.61687    
3.02445    
3.09190    
4.54046    
4.96925    
5.41243    
4.91949    
3.12643    
4.86566    
3.54421    
3.97497    
3.03667    
4.88767    
2.91882    
3.98982    
3.04947    
4.03112    
2.07457    
3.61682    
1.95091    
2.69799    
3.99444    
3.98040    
4.12877    
5.03720    
1.69274    
3.96715    
0.95611    
5.02344    
4.02440    
4.76874    
4.87233    
1.17759    
3.03937    
4.99673    
2.15623    
2.03227    
2.64255    
2.04014    
4.03921    
5.96806    
1.98852    
5.01240    
6.41069    
2.11226    
3.97392    
4.88178    
0.75671    
2.61755    
3.10125    
4.53894    
2.00480    
3.49833    
3.39850    
5.47784    
6.81366    
2.04051    
0.88415    
4.87283    
2.98774    
5.05318    
2.02759    
1.03863    
1.96731    
4.82019    
2.90183    
4.87522    
2.07060    
2.98564    
4.02146    
2.19143    
3.97858    
4.03587    
7.09618    
2.95896    
6.87660    
4.01981    
2.97620    
4.87189    
3.02305    
3.04122    
4.58080    
2.16303    
4.97428    
3.50572    
5.02914    
6.39062    
4.06154    
2.02924    
2.08672    
3.99927    
1.55284    
4.01847    
3.48199    
2.58047    
2.89818    
3.00645    
4.92746    
3.58286    
4.92078    
4.96251    
5.87463    
1.06599    
2.15627    
5.99135    
1.17533    
5.85815    
5.52318    
4.55031    
1.10490    
3.92352    
4.91358    
4.51328    
3.95316    
4.01885    
5.33041    
5.01638    
4.99991    
7.89361    
1.25995    
-1.46197    
3.07592    
2.62516    
4.02546    
5.85813    
3.98549    
2.97153    
3.45598    
2.11258    
5.46981    
3.94086    
5.62253    
7.32260    
4.05731    
1.98874    
3.89944    
4.00829    
4.05218    
4.11821    
3.93099    
2.93139    
2.49695    
2.10254    
5.55074    
2.96886    
5.36363    
1.97988    
3.06496    
4.06602    
4.83320    
2.01839    
4.54065    
0.98692    
5.96031    
6.07343    
4.01872    
4.38902    
6.00489    
2.96791    
3.97087    
4.60638    
1.95924    
3.86334    
3.12594    
3.03686    
6.69911    
0.14209    
3.96039    
3.55485    
6.91616    
3.78150    
1.65970    
2.95451    
5.84061    
3.00535    
0.01426    
3.06485    
2.99251    
2.02399    
4.87646    
2.06311    
4.99996    
1.58647    
2.99941    
1.18115    
4.08181    
2.07157    
2.04331    
5.01392    
3.47238    
4.93151    
2.98921    
4.87775    
3.86342    
3.85001    
7.97069    
6.46601    
3.03584    
6.01422    
1.63293    
2.16443    
2.44913    
3.09193    
2.03666    
2.58588    
5.92618    
4.49823    
5.96312    
2.94538    
3.08606    
1.56151    
3.51881    
4.96628    
4.47196    
2.90653    
4.56820    
2.09901    
4.45956    
3.47324    
4.01050    
4.90434    
3.92265    
4.85596    
1.70299    
3.85552    
5.94999    
3.02077    
2.18127    
4.96681    
3.99222    
4.00021    
6.93587    
1.73314    
2.97813    
1.05056    
4.02573    
1.34266    
4.88444    
2.12938    
2.94143    
4.48489    
3.56328    
5.84009    
5.32916    
5.94007    
1.98206    
3.95512    
3.91876    
3.04759    
0.94796    
5.11012    
4.01450    
4.82325    
2.14217    
-1.31514    
3.92001    
2.97696    
5.47809    
4.57425    
0.93455    
5.05283    
0.95468    
5.37665    
4.02861    
2.04334    
1.07744    
6.38373    
2.03070    
7.91707    
4.42716    
2.06278    
2.15988    
4.09063    
4.99976    
0.20275    
5.44754    
3.52892    
4.07724    
5.52121    
3.51152    
2.96481    
0.98978    
3.98904    
0.99244    
5.89617    
3.97086    
3.05702    
5.93094    
4.90344    
5.57950    
4.45933    
4.02480    
7.81014    
2.00921    
2.98196    
5.00877    
3.55111    
3.80926    
4.02051    
4.02406    
5.61295    
1.52628    
4.00089    
1.47924    
2.49398    
4.99497    
3.01542    
5.47347    
3.93875    
4.91343    
4.00048    
-0.75103    
2.10911    
4.19288    
1.05530    
2.40086    
0.58921    
4.44470    
4.04597    
6.00426    
5.89458    
3.06197    
4.09352    
3.58497    
1.97801    
4.98532    
4.44787    
1.11597    
4.05841    
2.91947    
1.92968    
2.17007    
3.06611    
5.01703    
3.97232    
4.44430    
4.37900    
3.89559    
2.66927    
3.17953    
3.50705    
3.48771    
4.80210    
5.00569    
-0.27789    
5.09985    
3.50518    
3.55201    
0.03560    
4.32780    
4.84768    
6.91511    
5.42481    
2.94659    
3.92945    
5.95871    
2.53062    
5.39891    
3.57512    
5.90285    
4.09560    
4.88706    
1.97843    
3.91206    
4.57867    
3.94837    
2.58991    
2.48512    
3.09548    
2.50628    
3.13451    
5.99761    
5.01978    
2.92490    
3.02281    
5.31632    
6.90660    
2.00595    
1.14762    
2.03389    
3.54054    
2.03040    
6.03627    
4.90066    
3.06294    
2.97501    
2.08501    
3.14470    
5.41156    
3.98308    
3.07017    
2.01162    
1.11137    
5.06481    
4.97083    
3.08162    
2.95960    
3.92763    
4.77767    
4.55155    
5.85065    
2.96921    
3.08148    
4.97942    
5.00314    
0.04223    
4.03133    
3.02757    
3.60228    
3.01859    
1.96183    
4.05910    
4.12561    
2.70265    
3.47986    
3.12626    
4.51672    
4.97715    
5.94917    
3.10700    
3.93177    
2.59360    
4.02863    
2.97552    
2.98397    
4.10387    
1.94015    
4.45582    
2.97093    
2.04387    
3.06859    
3.33273    
4.06310    
3.98897    
4.04443    
3.56526    
3.50490    
2.17868    
3.08888    
4.48796    
2.99382    
4.00445    
1.70910    
3.94936    
6.27932    
2.63461    
1.05647    
1.58774    
3.98501    
4.08185    
6.39871    
3.96721    
2.44981    
5.42726    
4.90908    
6.03859    
4.41945    
3.12402    
3.99678    
0.16043    
5.46886    
3.06387    
4.47750    
2.97441    
5.92753    
2.55596    
1.95766    
4.86171    
3.01732    
1.94295    
5.48976    
4.99656    
3.92112    
3.99587    
3.40379    
4.33901    
5.81855    
5.93666    
4.85194    
1.11750    
2.20828    
2.05287    
2.55906    
4.56647    
3.04402    
5.43403    
5.38794    
6.05595    
5.53785    
4.07817    
3.01096    
3.92861    
2.86233    
6.97166    
2.55348    
4.45042    
2.19506    
3.43249    
4.89489    
4.51130    
3.97450    
2.97787    
2.01286    
3.42000    
4.42121    
3.11540    
5.03059    
5.39378    
5.51526    
2.58079    
3.00876    
4.95157    
3.89281    
6.52217    
1.60852    
5.49812    
3.02196    
2.59587    
4.40142    
3.99810    
1.12383    
2.97165    
2.16180    
4.80374    
3.98394    
4.55815    
3.06869    
3.21607    
5.09624    
5.89537    
4.84691    
5.07363    
3.91927    
2.97785    
3.11014    
5.93883    
3.98328    
3.07419    
5.01053    
2.19978    
4.52211    
1.85079    
2.90640    
2.01212    
1.00930    
1.04475    
3.55288    
2.87091    
4.03866    
5.49717    
5.48369    
4.04335    
5.04047    
2.11123    
3.02329    
1.07076    
3.91117    
5.94564    
3.17353    
4.03561    
2.00598    
4.03891    
4.10362    
1.52212    
3.08836    
2.87526    
1.51572    
3.01744    
5.45254    
2.98081    
3.08274    
2.85663    
5.54924    
4.11164    
5.52934    
5.04505    
3.97855    
3.03290    
2.95214    
3.92072    
5.02019    
3.05812    
3.96673    
4.00502    
3.11518    
2.89810    
4.51382    
5.45424    
3.03137    
2.90626    
6.89827    
4.01691    
0.98709    
3.17084    
2.16841    
5.90817    
4.97894    
4.57800    
2.74207    
1.99601    
5.84441    
3.08081    
3.93185    
4.98040    
3.00850    
-0.79244    
2.58228    
4.43089    
0.07967    
2.97824    
2.97513    
4.98405    
2.59004    
5.43941    
5.04848    
2.07045    
4.02102    
2.09568    
-0.35842    
3.54550    
3.97420    
2.95797    
3.85426    
4.53276    
3.01186    
4.97179    
2.16604    
4.94304    
2.99486    
4.98059    
4.00424    
4.46938    
6.09299    
5.89298    
2.95389    
3.84054    
2.11294    
2.48460    
3.08267    
4.01781    
2.62819    
4.04236    
5.05135    
5.04399    
4.91628    
4.84110    
2.94389    
0.74721    
3.01645    
2.47369    
3.95473    
5.05101    
6.83340    
4.88464    
4.51939    
4.00401    
4.99504    
3.02280    
2.95948    
4.03192    
2.51243    
6.96713    
5.94432    
2.60096    
2.95868    
3.04446    
4.94790    
3.96639    
5.85591    
4.01072    
4.91371    
5.04820    
3.16167    
5.01238    
2.02612    
2.45617    
3.06590    
0.69758    
7.79029    
3.93262    
5.78696    
3.08558    
6.29144    
4.58255    
4.84277    
6.93462    
5.97292    
3.99870    
3.09260    
5.40503    
3.09177    
0.49631    
1.96494    
3.96080    
3.15771    
0.14631    
3.94321    
5.39849    
4.42326    
2.05032    
3.49416    
2.94626    
2.53965    
3.20323    
4.43666    
4.91955    
3.99998    
2.08162    
3.05192    
3.41458    
6.86259    
6.70697    
1.57722    
3.97079    
3.92396    
5.00191    
4.04540    
1.96546    
4.11244    
2.14107    
7.41010    
6.03265    
5.38941    
4.99556    
2.07912    
3.94125    
1.15578    
4.04042    
1.56909    
3.96400    
4.91515    
5.50333    
4.00182    
5.49219    
5.99107    
3.55569    
5.84893    
3.90696    
-0.34563    
2.00346    
5.91378    
5.38962    
2.87305    
4.14569    
5.00843    
5.01832    
3.40850    
5.48035    
2.95734    
6.90276    
2.96610    
4.11448    
1.14166    
-0.32890    
4.89457    
2.90861    
5.87087    
3.96695    
1.96954    
1.01705    
1.53466    
3.94931    
3.93700    
4.86335    
5.84352    
3.93601    
3.04396    
4.94038    
2.08112    
5.96766    
3.64641    
5.16837    
5.88131    
2.96539    
3.40909    
2.98479    
3.67403    
2.03050    
3.43419    
4.01148    
4.44211    
2.53708    
6.40005    
2.15276    
2.13652    
3.21464    
5.00263    
2.95896    
2.03356    
3.93697    
3.06125    
2.49745    
2.98119    
3.36368    
3.46877    
4.99142    
5.11473    
2.14297    
4.13004    
4.90570    
4.02910    
4.96086    
5.40662    
2.06610    
2.66450    
3.92023    
4.29148    
4.07979    
3.91560    
2.10561    
3.92928    
2.13411    
1.20900    
0.13794    
4.40191    
6.10710    
5.04558    
3.48380    
3.07681    
5.01294    
1.17790    
4.43871    
6.84352    
2.04972    
4.04894    
4.43177    
3.00910    
4.89078    
7.34103    
4.93208    
5.99357    
2.15508    
2.97801    
3.55567    
7.88420    
4.96446    
2.92309    
4.22899    
5.47190    
3.99286    
5.47945    
4.01618    
3.93296    
4.90446    
5.93537    
3.42209    
4.95377    
4.92960    
4.38075    
4.13196    
2.94766    
3.58354    
5.53667    
4.49288    
4.97338    
4.87645    
0.91411    
2.13963    
4.04619    
3.94808    
5.42071    
5.44529    
1.08392    
2.00068    
2.09703    
3.97669    
2.96506    
3.06306    
1.62316    
2.08446    
5.94039    
4.36425    
1.10149    
3.11668    
2.96756    
4.79352    
3.08356    
4.51029    
5.33073    
1.01322    
5.88584    
4.01782    
0.04143    
2.15088    
2.20252    
0.60736    
3.42341    
4.09905    
4.61030    
3.01340    
3.89160    
4.07192    
4.12291    
2.02152    
2.09919    
4.10759    
5.99049    
6.04861    
2.15340    
3.96988    
4.08833    
3.99536    
4.88021    
3.86680    
5.81419    
6.81319    
3.95859    
5.08588    
3.48859    
3.96383    
1.59511    
5.73656    
4.83865    
4.86717    
5.46379    
4.00071    
3.47361    
4.86774    
2.26100    
2.01375    
3.07711    
4.46242    
2.04696    
5.34908    
6.81391    
5.49394    
7.80999    
2.05478    
2.99327    
0.54098    
2.99596    
4.95973    
7.35324    
2.51797    
4.98590    
2.98274    
3.53993    
5.07924    
1.06584    
3.03202    
4.02146    
5.81425    
5.88612    
5.92892    
2.86909    
3.99533    
2.09274    
5.12909    
2.82693    
-0.39643    
3.44703    
4.85066    
2.51803    
1.19045    
2.85999    
3.62802    
2.10501    
4.04968    
3.93633    
4.53719    
2.49299    
3.82778    
4.02704    
4.95151    
3.58633    
4.96555    
5.05952    
5.06063    
4.06475    
3.08721    
4.64926    
2.58559    
2.02165    
5.01239    
1.96840    
2.16022    
3.92886    
1.10034    
2.93878    
5.17084    
2.06632    
4.94179    
3.90232    
3.99472    
2.08049    
1.04510    
2.07816    
2.23129    
0.07664    
2.50435    
1.87303    
4.94986    
3.09784    
5.93825    
5.03333    
3.38497    
1.08616    
2.64545    
3.01515    
3.54467    
3.38693    
4.96001    
2.14959    
4.48934    
2.92243    
4.88428    
2.88902    
3.02053    
2.05812    
3.53248    
4.51675    
0.04399    
5.03990    
1.43590    
3.95327    
2.12489    
2.11740    
-0.85331    
5.11623    
5.12573    
3.62677    
4.56001    
5.93107    
3.57644    
4.94754    
2.04350    
3.02539    
6.96307    
5.01266    
3.01220    
3.98437    
3.93164    
4.98504    
3.91966    
4.04804    
2.96461    
3.02635    
2.11901    
3.49553    
5.04968    
5.98820    
2.62101    
3.01192    
0.86724    
6.06980    
4.09370    
5.49075    
5.00721    
1.96398    
2.98965    
3.01496    
2.86633    
5.99007    
3.04508    
3.56304    
2.63127    
2.08388    
3.13618    
3.04123    
3.10384    
3.88593    
2.00465    
2.08184    
4.11838    
3.04252    
4.00031    
3.49574    
3.00779    
2.93234    
2.47188    
2.07966    
2.06550    
3.46015    
3.96278    
2.54998    
4.33030    
2.89716    
4.90987    
2.92555    
4.49806    
5.17175    
0.16637    
4.53521    
3.54488    
-1.32957    
3.48375    
2.94349    
3.07824    
6.40313    
2.46423    
4.99838    
3.86881    
5.96604    
4.59498    
3.21337    
2.03068    
3.04952    
1.03100    
1.11070    
3.02678    
5.41800    
4.00935    
3.05721    
1.02717    
6.95214    
5.81156    
1.65048    
1.03719    
5.83521    
3.13732    
0.64695    
3.49648    
3.99570    
2.24965    
4.96065    
3.66447    
3.08680    
4.38352    
3.92038    
2.97913    
0.63975    
4.06761    
5.89269    
3.03752    
1.02086    
4.77700    
4.45103    
3.03304    
3.04610    
4.99510    
3.97680    
6.95497    
4.04197    
5.04185    
4.42310    
5.43304    
2.94450    
3.05929    
4.02779    
2.96231    
3.47119    
5.99130    
5.94944    
5.03766    
2.95105    
0.60477    
4.00740    
2.01056    
4.02911    
2.55874    
4.91341    
4.93164    
4.53358    
3.91905    
4.88034    
1.14663    
4.99733    
5.01966    
4.33277    
3.13129    
2.01466    
5.07818    
5.45807    
5.94057    
3.55272    
3.01937    
3.39199    
5.04699    
3.48216    
2.08031    
4.60127    
3.00098    
3.52056    
1.60629    
6.79753    
2.03800    
2.90655    
4.93731    
1.19378    
3.03629    
3.09723    
5.08492    
3.10258    
5.08396    
1.10728    
3.20540    
3.87763    
3.05723    
4.40266    
0.08739    
4.92773    
5.53243    
2.90844    
4.96781    
3.56000    
3.01648    
3.98938    
4.43717    
3.40151    
7.42426    
2.08784    
2.59093    
2.67881    
6.43608    
5.07110    
3.90532    
3.11010    
1.19372    
4.05210    
1.65041    
6.96343    
1.94593    
2.04585    
3.00271    
3.62497    
3.05863    
2.04494    
5.43816    
4.24691    
2.53849    
1.99396    
3.98008    
2.02003    
2.87731    
5.43260    
1.06437    
4.00155    
2.98469    
4.47655    
4.97828    
2.15645    
3.02978    
4.98910    
3.02911    
6.48973    
4.55327    
2.97521    
4.83675    
5.95019    
2.11678    
3.07068    
1.60468    
2.51608    
4.04771    
2.08528    
3.96601    
2.93641    
3.06834    
3.07805    
1.93349    
3.41879    
3.03495    
2.96247    
4.51075    
3.10120    
7.95124    
1.62701    
1.65491    
3.94975    
4.03964    
6.38553    
0.93811    
4.42263    
2.63788    
3.02345    
3.50239    
5.89091    
3.51116    
4.53843    
5.94869    
3.87089    
1.52730    
4.64455    
3.96741    
3.02783    
5.43950    
6.97966    
3.48876    
2.14880    
4.05305    
3.38416    
3.93154    
4.46981    
2.48959    
2.08516    
5.18395    
2.96632    
5.90342    
4.99124    
5.09071    
4.03756    
2.08974    
5.94931    
1.61817    
4.93162    
-0.88031    
7.46104    
3.07273    
4.97572    
3.98193    
3.04979    
4.50348    
5.47159    
4.02043    
5.00504    
1.13724    
3.96713    
3.06516    
3.06357    
2.08883    
4.47178    
4.88119    
2.07663    
2.17104    
3.08010    
2.98779    
6.06293    
2.80403    
4.92214    
3.12212    
4.42143    
5.97739    
3.95675    
3.58903    
6.49942    
5.81712    
-0.30145    
1.91795    
3.57175    
6.03420    
3.35540    
3.16518    
2.99699    
-0.00352    
3.99576    
5.49949    
3.98002    
3.96866    
5.49130    
4.48469    
2.15705    
5.97224    
3.92198    
4.49534    
3.94507    
3.14592    
2.20424    
3.55945    
4.88136    
5.01009    
1.59908    
2.10758    
3.96504    
4.38608    
8.10350    
3.46243    
3.47440    
1.99662    
4.47356    
3.43519    
4.03325    
3.06779    
4.01574    
4.41869    
3.51961    
4.06670    
3.99309    
3.48689    
4.07279    
3.58994    
5.87932    
1.21542    
4.09249    
3.95999    
4.95319    
7.82872    
3.03539    
3.04270    
3.50864    
5.44864    
5.43106    
2.03712    
4.89512    
5.82650    
5.88161    
4.56525    
3.89411    
7.54769    
2.94181    
3.98852    
4.51928    
2.15931    
4.90146    
3.98387    
2.16486    
3.04556    
4.88653    
2.55590    
3.04149    
5.03094    
1.66709    
1.56245    
6.38204    
3.92315    
3.04671    
1.95038    
3.08301    
2.99456    
4.85551    
4.10936    
3.43357    
4.89898    
4.62110    
2.13712    
2.98126    
3.09688    
3.84138    
6.44897    
2.09903    
5.51012    
3.97642    
0.17616    
1.96437    
3.88187    
4.95363    
5.49430    
5.03568    
2.07373    
4.05105    
5.01409    
5.59682    
5.94000    
2.37992    
6.35229    
2.97635    
6.84766    
1.98063    
2.07980    
4.91658    
4.90097    
4.89520    
2.16236    
3.95452    
3.96068    
4.06883    
2.57427    
3.86998    
2.98888    
7.05384    
5.95900    
6.50941    
2.55584    
5.00780    
2.97837    
5.91309    
2.17710    
3.08106    
5.56363    
4.83909    
-0.35796    
4.11753    
4.46221    
4.01314    
4.00850    
3.05232    
3.93188    
2.93745    
3.60357    
2.08566    
4.53692    
4.87976    
3.03154    
5.00690    
4.02410    
0.12864    
2.96499    
4.04381    
4.96527    
6.91862    
5.97614    
3.32126    
4.16112    
3.12214    
2.56065    
4.35423    
3.94519    
4.07795    
3.01052    
3.90871    
4.44740    
5.94320    
5.89963    
1.52983    
1.58766    
3.12391    
1.14293    
2.90230    
3.96935    
5.07428    
3.83972    
2.09059    
2.19325    
4.47926    
3.49546    
2.44831    
3.07615    
3.70596    
2.62587    
2.99951    
5.95118    
3.00236    
3.11256    
2.14340    
1.09890    
5.99629    
1.96682    
4.01654    
2.84271    
0.14184    
4.93355    
4.01205    
2.95194    
6.00632    
5.58788    
5.47512    
5.06984    
4.00275    
4.90296    
1.18230    
5.38864    
3.89764    
4.98256    
3.55555    
4.98028    
4.02288    
3.05750    
5.42784    
4.00429    
5.53222    
5.88063    
6.89128    
5.87069    
2.69479    
3.83328    
3.16723    
7.09812    
4.39370    
1.07602    
3.90836    
5.92536    
1.42892    
6.44803    
1.11484    
3.13879    
1.58987    
0.59751    
-0.27979    
6.44127    
4.53350    
2.92045    
3.43099    
4.00840    
5.26432    
4.00650    
1.94417    
2.57404    
7.56464    
1.97701    
4.89705    
3.41792    
2.98463    
4.90817    
1.07591    
3.86761    
1.05376    
1.97943    
4.98610    
3.04212    
4.50087    
6.90402    
4.51514    
2.09052    
4.53199    
0.97096    
2.10580    
4.00882    
3.98708    
3.27007    
4.91831    
2.15545    
3.96408    
4.41152    
1.05553    
3.91190    
-1.86801    
4.92674    
0.05889    
5.94936    
3.94716    
4.99012    
5.97352    
6.42153    
4.98378    
2.06071    
2.62641    
2.16653    
2.06356    
6.93517    
4.01591    
2.93819    
0.17843    
4.03267    
7.47494    
4.85989    
2.07343    
3.47112    
3.01743    
4.45078    
4.11543    
4.40194    
3.05837    
5.49492    
5.48403    
7.39681    
5.96446    
5.10443    
2.74933    
3.11947    
1.53820    
4.42967    
3.95553    
4.01034    
3.00072    
4.49631    
4.11936    
0.60476    
2.92790    
4.94366    
5.49470    
4.47873    
6.43572    
5.90651    
4.47501    
2.10739    
4.03597    
4.02648    
2.16356    
4.42294    
2.85892    
3.06026    
3.06697    
4.35711    
3.98642    
5.94024    
5.47441    
5.86047    
2.95552    
1.97311    
5.43186    
2.85693    
4.08016    
5.05759    
5.95680    
3.05955    
4.00220    
4.42796    
4.90071    
4.03716    
3.51110    
2.97050    
4.91895    
3.89242    
2.08331    
4.47576    
4.89932    
3.05068    
4.04340    
3.89933    
5.93861    
6.05276    
3.52602    
2.48940    
2.02193    
3.05835    
2.85985    
3.51562    
3.91575    
2.09466    
4.02563    
2.17180    
2.17672    
4.85632    
5.91896    
3.02523    
3.07380    
2.49283    
1.73484    
3.93107    
2.06441    
5.79667    
4.02699    
3.43044    
4.11527    
3.03044    
4.93405    
5.87843    
4.54168    
7.28040    
3.10287    
2.97035    
3.48255    
5.54494    
2.50338    
3.11751    
5.39790    
3.51852    
1.05364    
5.03125    
4.95831    
4.96454    
4.82820    
5.00837    
2.94548    
1.99154    
3.99260    
4.01876    
3.52962    
5.97041    
1.12805    
2.94484    
4.94244    
2.96354    
3.03756    
5.93843    
4.54503    
2.05960    
3.16172    
4.40732    
3.09769    
5.96012    
2.02965    
6.91615    
3.78761    
4.93519    
4.02286    
1.53732    
5.02710    
5.01319    
4.53034    
4.48721    
3.93474    
3.97758    
3.59361    
5.05321    
3.37163    
0.82347    
1.68616    
4.40636    
1.54578    
2.05691    
2.91966    
3.90228    
4.01910    
4.88203    
4.52877    
4.14081    
5.10004    
3.29519    
3.92690    
3.99273    
1.97567    
4.42562    
3.56976    
3.95220    
3.01629    
5.05034    
0.97172    
4.50964    
3.82158    
2.02458    
3.50196    
2.08482    
3.45454    
3.03006    
3.89469    
3.96876    
4.44244    
2.07070    
3.17640    
3.47883    
4.79535    
4.92181    
1.07197    
3.95305    
5.00524    
1.96079    
2.99085    
3.95090    
4.28237    
6.07524    
3.92772    
5.98448    
3.98183    
3.51688    
2.77347    
2.94816    
6.41767    
2.01914    
4.87938    
2.96524    
4.93296    
4.06538    
2.00334    
4.91827    
4.05648    
0.16630    
6.43691    
2.44799    
5.44674    
2.08857    
3.02311    
3.93800    
4.89728    
4.93969    
4.94479    
2.02197    
4.38413    
4.93671    
0.02965    
2.56468    
2.05272    
4.93575    
4.77454    
3.52545    
3.11557    
3.44351    
5.95770    
3.92516    
1.09928    
3.96943    
4.82058    
3.05485    
6.09397    
1.49708    
3.03416    
4.51134    
3.84524    
4.88419    
2.17970    
3.55454    
2.67151    
5.47270    
1.09932    
1.99776    
4.06295    
4.00523    
2.44753    
5.07149    
5.97940    
4.39356    
4.90864    
3.99924    
2.95620    
7.93507    
3.04325    
4.81996    
3.95456    
3.03169    
6.85751    
3.02589    
3.55453    
3.93419    
3.08813    
5.00836    
2.42102    
4.47980    
4.17922    
5.42674    
5.00147    
5.94509    
3.90026    
3.06940    
3.96565    
3.90376    
2.00389    
4.41034    
3.57352    
3.07972    
3.02579    
5.07215    
3.08219    
3.95110    
4.49739    
2.98578    
5.02915    
4.02843    
0.60133    
3.00506    
3.35489    
5.06237    
1.51463    
4.04708    
3.09820    
2.97384    
6.07668    
3.57645    
3.96628    
6.94072    
3.95498    
1.98191    
3.07526    
5.95388    
4.00177    
4.85791    
7.49109    
3.95420    
2.60034    
5.84961    
1.57199    
2.94358    
3.43492    
3.90987    
5.02369    
2.80591    
2.11793    
4.00032    
1.97404    
4.85358    
0.66305    
5.90953    
3.22015    
3.82243    
4.93800    
0.63737    
3.12671    
5.97874    
4.94484    
5.87631    
1.72749    
4.89906    
1.72181    
4.80258    
2.52254    
5.87264    
3.48658    
3.08163    
5.40897    
2.56673    
2.99404    
4.47291    
4.57880    
4.97667    
3.93588    
5.81852    
3.54795    
7.96906    
4.44184    
1.18598    
3.98570    
3.54864    
6.01409    
1.07975    
2.61943    
8.81177    
5.32001    
5.47897    
6.52737    
2.04169    
3.10954    
3.83998    
4.03779    
5.44115    
1.48090    
4.95927    
4.51957    
1.60395    
6.48418    
5.79165    
4.93788    
1.09542    
2.13249    
5.99133    
4.94144    
3.01936    
1.05221    
4.40235    
4.10723    
2.87860    
3.12647    
2.01928    
3.12480    
0.92398    
4.50501    
4.54424    
5.91588    
2.99093    
3.50481    
1.01182    
7.38670    
4.00965    
1.68905    
1.08857    
3.91724    
3.95495    
6.01446    
3.10479    
3.09733    
2.00708    
3.51985    
2.99730    
4.91782    
4.80085    
6.93944    
5.01487    
4.55487    
1.97083    
1.15410    
3.99973    
3.94787    
5.05169    
3.52501    
4.89938    
2.16916    
3.01032    
1.98709    
1.09821    
4.06277    
3.55359    
3.49728    
3.08845    
2.00057    
4.03255    
2.59556    
4.10256    
2.11648    
4.50768    
4.01677    
2.49420    
5.49810    
3.56985    
2.37156    
2.06355    
4.10526    
1.44969    
3.89746    
3.98058    
5.49908    
3.27546    
5.83433    
6.85675    
4.43333    
3.07716    
2.08426    
2.17539    
4.95046    
1.08980    
3.84079    
3.00436    
5.02566    
2.55120    
4.02908    
4.94194    
2.52375    
5.82066    
2.55722    
0.21316    
5.47324    
1.96682    
2.07646    
4.01471    
4.97028    
2.99749    
1.22397    
4.53288    
4.13236    
7.04328    
0.96369    
6.06043    
6.05437    
3.13313    
3.95197    
6.50601    
4.92200    
3.52179    
3.52252    
2.96610    
3.04799    
4.99871    
2.90915    
4.93726    
3.90323    
3.61507    
3.11593    
4.42943    
5.89505    
2.62086    
2.62266    
3.10753    
5.04244    
7.95276    
3.53331    
5.02661    
2.06191    
2.06532    
3.02880    
4.52281    
2.15178    
1.54617    
2.96317    
4.23880    
5.52608    
4.88954    
3.56071    
5.39028    
2.06248    
4.79190    
3.04278    
6.81674    
3.02371    
3.05453    
2.08812    
4.04166    
3.19628    
5.77099    
7.00474    
2.43966    
4.78926    
4.89272    
2.18902    
4.03096    
1.52098    
3.15974    
4.91704    
2.96988    
1.97786    
2.68320    
4.95618    
3.12698    
5.74996    
2.57315    
4.85565    
5.99987    
3.93468    
5.01811    
5.04506    
5.45388    
4.40731    
7.43888    
4.90944    
2.92164    
0.04075    
1.97074    
6.84621    
4.93890    
3.02140    
5.44945    
3.05680    
3.01038    
3.99855    
4.47131    
3.45177    
3.02254    
3.51556    
3.87407    
2.08923    
4.47878    
1.16449    
2.03691    
5.04256    
3.02806    
9.29364    
5.02837    
4.90161    
3.13612    
3.98282    
3.86664    
5.94426    
2.01868    
2.00867    
5.38031    
2.13221    
1.57693    
3.44184    
2.13095    
6.05294    
3.46951    
5.49769    
6.47836    
3.56084    
3.00042    
1.53577    
2.57484    
4.91693    
4.85715    
0.92784    
4.99781    
5.00952    
7.86253    
4.99860    
2.96492    
1.59249    
2.46367    
4.96030    
2.11431    
2.09037    
3.95143    
3.02282    
5.87000    
4.88338    
5.11714    
4.60745    
1.51606    
2.87646    
4.02608    
3.08621    
3.09748    
2.52284    
2.13193    
4.01109    
6.29863    
3.93243    
2.57192    
2.50594    
3.95999    
1.97619    
3.44453    
3.93317    
2.05799    
3.02450    
3.02064    
3.98915    
3.94590    
1.54498    
3.05203    
3.94622    
2.58224    
2.85232    
1.96374    
5.91799    
4.48664    
1.05230    
3.99226    
4.49102    
7.46753    
1.56903    
4.02898    
0.01470    
3.11012    
4.47445    
4.95529    
4.08385    
3.04326    
3.00064    
4.96129    
4.96006    
3.48325    
6.35735    
4.89210    
2.02165    
4.95705    
2.95701    
3.05420    
2.10181    
1.96240    
6.01875    
3.89998    
4.02492    
3.61811    
4.16637    
5.38183    
3.00366    
2.05672    
5.84029    
3.37161    
3.15250    
4.90937    
5.42319    
2.57029    
1.98557    
3.03722    
4.42688    
5.07795    
3.04320    
2.18233    
0.63294    
5.95853    
5.91724    
2.59352    
4.92425    
4.51780    
6.95902    
2.04193    
6.41260    
2.58659    
2.92672    
4.89123    
0.13456    
4.93521    
3.80847    
1.61264    
3.87056    
3.93728    
3.93336    
4.04554    
4.43283    
4.95257    
4.11394    
3.01364    
3.15361    
5.00301    
1.99680    
5.91825    
4.03219    
5.16016    
2.98623    
3.48175    
3.48437    
3.99439    
4.64876    
4.02555    
5.53065    
2.02220    
2.03990    
6.83486    
4.92675    
3.46455    
4.70177    
2.91376    
1.04239    
3.45799    
1.96918    
2.89884    
4.01136    
4.00003    
1.97983    
4.95611    
2.05585    
4.11735    
4.53011    
4.02618    
4.01656    
4.95467    
4.51685    
3.97944    
2.57813    
2.09189    
4.03186    
3.92201    
4.51975    
2.16627    
3.05235    
2.03816    
2.10426    
5.08898    
4.07970    
0.17260    
2.54855    
4.94968    
4.99322    
5.07166    
2.21992    
4.03352    
2.61291    
4.86644    
5.50804    
0.01432    
4.92810    
4.45828    
5.38960    
3.94182    
3.42073    
5.00776    
4.42497    
2.92808    
6.02792    
5.82889    
1.14378    
3.94685    
1.55995    
5.89742    
1.50186    
4.05739    
4.93156    
6.98401    
3.97957    
6.06182    
4.90371    
-0.02821    
1.67323    
3.80479    
3.92552    
2.10953    
1.19040    
3.07591    
2.43033    
3.07339    
4.99587    
2.99873    
6.39279    
7.06226    
6.90084    
4.88038    
6.91525    
2.09067    
1.07410    
4.00904    
2.01127    
4.91071    
2.23552    
5.14470    
2.08986    
5.35485    
2.09175    
3.85552    
1.45086    
4.01211    
4.51640    
1.06022    
5.90271    
3.62005    
3.02541    
6.83022    
3.87089    
2.08252    
2.99853    
2.10512    
3.19915    
4.10899    
4.60457    
3.96543    
4.45626    
5.94703    
4.43753    
5.00537    
2.43595    
5.97977    
4.02099    
3.01084    
3.01731    
3.45264    
2.98115    
1.27821    
3.01120    
3.50781    
6.47040    
3.87708    
7.82005    
2.98806    
3.94685    
4.85862    
2.54440    
4.07770    
3.84524    
3.56138    
2.04840    
3.96925    
5.16141    
4.98552    
4.07028    
3.01438    
2.01177    
3.92143    
3.88502    
2.97892    
3.57186    
4.01378    
0.98432    
2.21904    
4.94875    
5.93756    
4.01931    
2.09613    
3.47554    
3.46922    
5.49415    
5.45615    
3.98462    
2.96263    
6.11326    
1.97894    
3.07054    
2.11537    
5.02433    
7.82632    
3.91352    
4.95705    
2.92663    
3.46778    
2.03354    
1.06093    
2.94481    
4.91567    
5.04776    
4.00919    
2.58202    
4.01808    
3.48030    
2.50303    
5.46661    
5.88679    
3.98731    
3.89445    
3.07527    
1.05800    
3.54373    
2.21938    
0.15031    
4.92261    
5.76158    
1.96375    
3.68238    
2.94525    
4.95262    
3.05706    
5.11454    
3.59733    
2.99023    
2.51114    
4.97513    
6.01641    
1.96247    
5.43432    
4.92908    
3.93550    
4.03026    
5.51186    
5.04321    
4.89594    
6.57294    
2.41769    
0.54622    
3.93091    
1.61487    
4.82457    
2.44828    
1.98703    
4.90137    
1.96056    
2.46582    
4.40857    
3.35152    
2.57244    
5.95379    
5.90137    
4.04979    
3.77348    
5.88345    
1.99423    
5.85413    
4.00590    
4.88041    
2.13068    
3.52293    
4.88944    
6.00594    
4.90970    
2.04408    
0.21194    
4.99232    
3.48551    
2.57460    
2.55053    
4.34976    
3.04518    
5.86064    
4.05378    
1.16296    
0.18019    
4.04400    
5.88141    
4.54817    
2.19987    
2.40291    
4.97666    
8.43956    
2.39844    
3.82699    
6.83925    
4.42397    
2.03721    
2.92058    
4.01168    
4.06412    
3.08324    
5.87539    
6.02815    
7.50264    
3.06949    
3.09717    
2.05753    
3.06697    
4.85059    
4.93364    
3.97286    
5.53292    
2.97781    
0.91617    
3.02202    
4.92465    
2.50025    
4.97267    
4.99235    
3.02407    
3.97609    
2.10204    
5.04386    
4.77482    
5.89544    
2.09798    
2.11910    
5.06090    
5.97776    
3.98605    
4.01282    
5.94089    
4.89171    
0.65871    
2.54341    
6.05953    
5.33739    
3.00061    
2.19694    
4.01548    
7.31752    
3.19151    
2.58500    
4.98459    
2.88473    
4.38884    
3.59015    
2.60204    
5.99123    
2.19683    
5.97867    
5.00555    
3.00247    
3.04210    
3.04065    
3.11082    
0.03969    
2.07602    
3.00810    
5.57883    
3.13649    
3.01214    
4.45973    
1.95685    
6.00317    
2.98792    
5.03820    
4.89945    
1.30137    
5.38100    
5.79799    
4.85894    
3.91321    
3.49763    
3.45793    
4.01880    
4.43363    
3.98701    
4.57629    
2.99448    
4.93747    
2.09272    
-0.79540    
5.98058    
1.95199    
5.92502    
0.12173    
2.48343    
4.54155    
4.97062    
2.98718    
1.96900    
3.04273    
6.00784    
3.92569    
4.98156    
3.95494    
3.54835    
5.44930    
6.78206    
2.16679    
6.08069    
4.96432    
3.06744    
5.98120    
3.49888    
5.05312    
2.60183    
-0.30458    
5.14389    
4.79407    
3.40401    
2.05552    
3.02284    
1.53341    
1.91909    
3.96788    
4.00841    
5.42341    
4.05944    
4.82675    
3.03152    
5.02532    
4.05564    
2.59034    
3.94196    
3.05494    
0.66031    
1.93262    
5.15346    
2.73365    
3.08695    
4.77699    
4.50481    
3.57941    
6.03670    
2.51197    
3.58996    
2.07004    
3.09601    
5.00467    
3.58267    
0.13027    
3.99140    
2.86787    
2.08325    
4.93012    
3.95173    
3.97190    
2.49759    
3.92675    
4.96464    
3.31980    
0.48549    
3.39204    
4.41771    
6.98460    
2.47392    
3.00498    
3.84757    
2.01530    
4.03799    
4.53980    
2.00335    
4.07378    
3.02773    
2.51381    
3.98681    
3.99969    
1.58812    
5.94054    
5.03172    
4.87912    
3.94981    
2.02588    
3.99662    
3.50050    
3.82596    
3.02120    
2.13231    
3.55739    
3.04754    
2.07662    
6.00977    
2.13607    
5.03231    
3.08209    
5.44997    
3.00776    
3.55411    
3.08789    
2.00428    
4.06629    
3.35759    
1.99535    
5.43576    
2.92353    
5.47385    
3.98292    
5.02274    
2.58347    
4.85137    
4.99396    
4.51307    
5.09257    
5.03210    
2.93500    
5.00765    
4.98599    
4.94634    
5.43720    
3.87855    
1.04348    
3.94871    
2.18774    
4.02894    
2.95399    
3.59042    
-0.47555    
6.11702    
4.00450    
4.95318    
3.54444    
4.04184    
4.96945    
3.95507    
4.47618    
2.10627    
5.97702    
4.19742    
3.98862    
3.17093    
2.54785    
4.42294    
5.03663    
2.93783    
2.07403    
4.34664    
5.89004    
3.03818    
3.04887    
3.49870    
5.04042    
4.98859    
2.03932    
2.60178    
3.37565    
6.35387    
5.94193    
3.42943    
3.51347    
4.96265    
1.51812    
2.09560    
6.37603    
4.04906    
2.15115    
4.17465    
3.97786    
3.47213    
7.90325    
5.07641    
1.04714    
0.67901    
6.46299    
5.53026    
2.95605    
3.90580    
1.61011    
8.75363    
3.05728    
2.05524    
2.50438    
3.05742    
4.23767    
4.96936    
3.48651    
3.96577    
6.41447    
0.05638    
2.07401    
3.03756    
3.06211    
4.98620    
3.03562    
1.64870    
1.07954    
4.08610    
3.94959    
3.97642    
4.05687    
5.51674    
2.96666    
1.97552    
6.35100    
5.92008    
4.93197    
4.00320    
4.49502    
6.35547    
3.95122    
3.98066    
6.06036    
5.97595    
4.87791    
3.09917    
5.01618    
4.10254    
6.89399    
4.11204    
2.09403    
4.10620    
2.96829    
5.94958    
2.34991    
1.94952    
3.97627    
3.01575    
3.05142    
5.41062    
4.02216    
5.04743    
6.02696    
2.54522    
5.49319    
5.02071    
3.38631    
5.09131    
4.08895    
4.13787    
4.55185    
2.92785    
0.90612    
3.97410    
4.00543    
3.90178    
2.91478    
1.93676    
4.83932    
3.03253    
4.94287    
2.99044    
2.93715    
1.50552    
1.63556    
3.12481    
4.55471    
4.07103    
3.91238    
1.07878    
1.45415    
4.04207    
4.92463    
2.52439    
2.08914    
2.94757    
4.85123    
3.94852    
4.02711    
0.07497    
5.01661    
3.86805    
4.47060    
4.98774    
4.01643    
4.87578    
3.87786    
2.64992    
2.41365    
3.57597    
5.98306    
4.41692    
3.97630    
5.01798    
4.89126    
2.57326    
2.09646    
5.96869    
4.37923    
1.63194    
2.02275    
5.03048    
3.47849    
0.03438    
4.98244    
4.97976    
4.01417    
4.29682    
3.88780    
4.91442    
5.08963    
4.05240    
2.05727    
3.43906    
4.42776    
2.94582    
4.13710    
3.94193    
4.97285    
5.44970    
2.55435    
2.73796    
3.00279    
5.92852    
3.95679    
3.02553    
1.98212    
4.54311    
0.11773    
4.95530    
4.84398    
6.92752    
4.95148    
1.97429    
7.02910    
1.16526    
3.97143    
3.02886    
1.88798    
4.40688    
4.03237    
6.00980    
2.11306    
1.58093    
2.95504    
4.01377    
3.09226    
4.92616    
4.51175    
4.08805    
3.97514    
4.54031    
2.96329    
5.97901    
4.99947    
6.81690    
2.47216    
3.99231    
4.06388    
2.95344    
1.37126    
4.96215    
2.54183    
2.81774    
1.61362    
2.53268    
-0.78687    
2.11380    
2.76474    
6.00064    
3.91683    
4.06537    
4.88530    
4.13728    
4.01359    
2.88624    
5.02974    
0.70469    
3.01084    
1.94674    
4.87079    
3.97326    
3.07258    
-0.79540    
1.02172    
3.87864    
3.97907    
2.12349    
5.96164    
2.92518    
1.98201    
2.99241    
4.57134    
4.52804    
4.96050    
5.90919    
7.48377    
4.48434    
4.94207    
5.99163    
3.94668    
5.00587    
4.02076    
3.93233    
5.97239    
3.13130    
5.98621    
4.97083    
3.03818    
2.12497    
4.95212    
2.97550    
0.96889    
3.22247    
3.01564    
4.92098    
2.06027    
2.99861    
-0.85438    
4.07182    
7.33596    
6.01843    
3.52873    
2.11283    
-0.41531    
3.07370    
2.99966    
3.03873    
6.93733    
7.95045    
5.01785    
0.67526    
5.55864    
4.94103    
3.99481    
3.64854    
3.86467    
5.00349    
2.94168    
3.04917    
5.01355    
4.03952    
7.30533    
5.89857    
4.49370    
3.05275    
3.05112    
5.95790    
0.02697    
4.84938    
3.53766    
0.98739    
4.95171    
3.01945    
5.96439    
4.42841    
3.97836    
3.42600    
2.01465    
4.15595    
2.03793    
2.02872    
3.14166    
1.14119    
5.99920    
2.89866    
3.06290    
4.58140    
4.00492    
3.08504    
6.90879    
4.92292    
5.12930    
3.99921    
5.81358    
2.65355    
4.08162    
2.06300    
5.06690    
4.45683    
4.11620    
2.15759    
1.97597    
0.24132    
3.97488    
4.89157    
3.97353    
4.00527    
5.07603    
3.11205    
4.91673    
4.04341    
5.08158    
3.86688    
2.03320    
4.97568    
3.86745    
5.47112    
2.16309    
5.04560    
3.49992    
2.60809    
5.36695    
4.56491    
1.09824    
5.50520    
4.01388    
3.34340    
4.41980    
3.98536    
5.35461    
4.05843    
4.92963    
3.45565    
1.09535    
4.99039    
5.94413    
2.62083    
4.99610    
4.98428    
3.12656    
5.01741    
4.83933    
2.49273    
3.91342    
3.02427    
1.10279    
4.02002    
3.04577    
2.07668    
7.40223    
3.99009    
5.93127    
3.09021    
3.01403    
2.01472    
4.05085    
2.51076    
5.52233    
3.02602    
3.01392    
5.98058    
3.94678    
4.83619    
2.95859    
4.57306    
4.81973    
3.05341    
3.89280    
1.16239    
2.08436    
1.63568    
2.25546    
5.42351    
2.91584    
7.57811    
2.12333    
5.55703    
7.35470    
4.91435    
5.57238    
3.89155    
2.94356    
-0.31935    
4.00103    
0.99610    
2.08719    
2.03330    
1.54826    
2.05072    
1.94475    
1.99046    
3.97678    
3.59756    
4.37510    
3.16774    
3.94173    
2.00249    
4.60165    
2.46785    
3.00623    
1.93964    
3.44942    
0.62373    
0.11491    
1.51975    
2.01746    
4.47285    
1.55591    
2.00138    
3.33749    
2.06117    
3.04220    
1.01404    
3.08112    
2.55674    
3.00712    
4.94934    
5.43767    
2.91339    
4.05472    
6.43574    
0.99551    
6.53274    
5.85527    
5.39682    
3.91136    
5.31383    
5.84444    
3.96801    
6.81468    
4.97735    
5.90990    
2.08201    
4.51387    
2.46612    
3.01782    
5.94133    
3.92165    
5.00882    
3.04223    
2.93129    
3.04292    
5.82296    
3.92152    
2.12697    
5.45379    
2.09861    
5.97874    
4.51188    
3.99786    
3.03614    
4.92455    
4.02530    
5.87530    
2.62587    
4.07665    
3.04294    
2.04932    
2.42170    
5.95706    
3.03265    
5.47351    
5.28764    
4.08343    
1.99798    
4.90942    
6.10605    
3.94980    
2.20364    
5.88270    
2.05825    
2.10696    
4.86478    
3.91310    
1.14575    
2.97863    
1.16663    
2.96391    
4.04729    
4.91484    
5.98312    
5.54799    
3.15655    
2.09763    
5.44498    
2.07773    
2.08450    
4.97746    
5.93809    
4.89741    
3.11119    
4.92636    
1.68059    
3.92432    
5.35908    
3.15241    
3.11066    
5.84684    
6.86383    
3.01771    
3.13586    
3.89618    
0.99824    
5.44552    
3.16895    
3.37557    
3.08541    
1.18435    
1.91213    
4.89484    
3.38057    
10.83767    
1.03161    
6.05714    
4.96198    
3.41593    
4.47002    
3.04331    
4.03821    
4.42975    
4.55343    
1.97180    
1.08101    
0.61255    
4.98798    
6.92970    
3.01834    
4.47715    
2.60692    
0.88948    
3.96615    
5.99601    
5.91574    
-0.94977    
2.87354    
4.58532    
3.51185    
3.12730    
5.45110    
4.93122    
5.36633    
4.03713    
2.08392    
4.94559    
3.04283    
1.60855    
4.94608    
4.05028    
2.01768    
5.87009    
2.94851    
5.06411    
4.98606    
4.92231    
5.03652    
3.06917    
4.02402    
5.94715    
3.07644    
5.98464    
2.08073    
4.91748    
5.05617    
5.13161    
3.07122    
1.98804    
1.10923    
6.88934    
3.00445    
3.60527    
3.97362    
7.94690    
3.79590    
2.07898    
3.98132    
2.03107    
4.94280    
2.46988    
4.12552    
3.08590    
4.90050    
4.14019    
2.08049    
2.90165    
2.02184    
5.10868    
2.48966    
2.49813    
5.94694    
4.97455    
3.11241    
3.05075    
5.90116    
3.51827    
3.98521    
3.87099    
5.96866    
5.89894    
4.46227    
4.86710    
5.91677    
2.92397    
2.99556    
4.02225    
0.69331    
5.51368    
5.88609    
3.47070    
3.02917    
2.87659    
4.41475    
4.51878    
0.11845    
3.54170    
4.94601    
3.03137    
4.95495    
3.04864    
3.95005    
1.15172    
5.86860    
5.93207    
2.43398    
3.87396    
2.05892    
6.33280    
4.12411    
2.63184    
2.59790    
3.08184    
5.84299    
4.95294    
5.04600    
6.05234    
1.11199    
4.90828    
5.46510    
4.95860    
6.09054    
1.11076    
3.04678    
2.01862    
3.43831    
4.49417    
0.25817    
1.26895    
2.13642    
4.55970    
2.55442    
2.01284    
4.01355    
5.44801    
2.06134    
3.94279    
1.01825    
1.93264    
0.12282    
4.43049    
3.09296    
5.92987    
4.93247    
1.13223    
2.11262    
3.30389    
4.50333    
5.89237    
3.96386    
3.06704    
3.04191    
6.77995    
3.59512    
3.10194    
4.44684    
0.63315    
3.05331    
3.01923    
3.14717    
4.03484    
6.42871    
4.94432    
0.27818    
3.05026    
2.60406    
5.44712    
1.50977    
0.13680    
4.92543    
2.00050    
3.84773    
0.53212    
4.00475    
1.97921    
2.95249    
3.86366    
5.93739    
2.10980    
0.12664    
6.53633    
7.31193    
5.15356    
3.00955    
2.03803    
2.09977    
2.53280    
4.03649    
2.99788    
4.99999    
2.22414    
2.03390    
3.06288    
0.67620    
2.01023    
5.85099    
5.47045    
2.93000    
1.97759    
2.94522    
5.49367    
3.09473    
4.48987    
3.20846    
3.07989    
4.01365    
1.46224    
1.94903    
3.96421    
4.41769    
1.99955    
3.60890    
4.02257    
6.00449    
3.87770    
4.01600    
4.95179    
3.56842    
5.08370    
2.97816    
4.03663    
4.03410    
1.56248    
2.11483    
6.47897    
2.05092    
2.15386    
5.96798    
5.92287    
4.93844    
4.80012    
2.96243    
5.91483    
4.42494    
4.43208    
2.91152    
2.06070    
2.48215    
5.39332    
3.64990    
2.00002    
4.96474    
6.09734    
7.38949    
5.49238    
1.93160    
3.04142    
4.10910    
2.05386    
2.98631    
5.55212    
1.15917    
5.98003    
4.95541    
4.94453    
6.86431    
2.90582    
5.03641    
4.95704    
5.98907    
3.06847    
3.55608    
3.08368    
2.14532    
4.87238    
3.59564    
3.98598    
5.45738    
5.02323    
3.95795    
4.08762    
5.11947    
3.92606    
3.03655    
3.91190    
4.85768    
4.55759    
4.41673    
2.04239    
3.03764    
3.88327    
5.05932    
4.11157    
2.13144    
3.03004    
4.94152    
5.50447    
2.02626    
3.57040    
5.45522    
5.07956    
7.92689    
4.49807    
4.51827    
5.88152    
1.99032    
4.92765    
1.98695    
5.79090    
3.46431    
2.02649    
4.49512    
2.50361    
3.11268    
2.97985    
2.96163    
3.02564    
5.89412    
2.93778    
6.60934    
2.60462    
3.43500    
5.81883    
3.06411    
0.18267    
4.96719    
2.46458    
2.97066    
5.03336    
2.98279    
3.84961    
4.57093    
2.96100    
3.53628    
4.43481    
5.01624    
2.02188    
2.96787    
4.87952    
0.09985    
3.96826    
2.07269    
4.99309    
3.93241    
4.99722    
2.45136    
4.05908    
6.13448    
7.91468    
3.06085    
3.85729    
2.79151    
5.35475    
4.87787    
3.53882    
6.38888    
6.44063    
3.10887    
1.60364    
4.04912    
3.87045    
1.98132    
3.06711    
2.63563    
3.00170    
4.03288    
3.97905    
3.07416    
4.92199    
3.06288    
2.02607    
6.93916    
3.52994    
4.43194    
2.09315    
3.45455    
2.95637    
4.05101    
5.92005    
2.55993    
0.14898    
4.53506    
4.07929    
2.97764    
5.90832    
5.50280    
5.89811    
2.51491    
6.44542    
5.53449    
3.05496    
3.10798    
2.41399    
3.00803    
4.95058    
2.04675    
4.79706    
1.47955    
1.24997    
6.82703    
2.98071    
3.52877    
3.03870    
3.02236    
1.16638    
2.87234    
4.51619    
3.05557    
2.92784    
0.50998    
5.50338    
2.16654    
3.22706    
2.55625    
4.86974    
5.92592    
6.88870    
5.55681    
1.11704    
5.35536    
3.41057    
4.63787    
3.88079    
4.44373    
2.86342    
2.08624    
6.01351    
2.10369    
5.47258    
3.07281    
3.02229    
2.54394    
2.12820    
1.96809    
5.90984    
3.07750    
0.98206    
1.59195    
4.93713    
5.00217    
3.99689    
2.99633    
4.51818    
5.44169    
3.94046    
2.20920    
4.91329    
3.56242    
5.85595    
5.88703    
4.03637    
0.70091    
4.59150    
1.85277    
2.99135    
3.37903    
2.06726    
3.39842    
3.40228    
4.33827    
4.04141    
3.10872    
3.00230    
2.99538    
3.92673    
3.41318    
3.04069    
2.49740    
3.25662    
5.90893    
3.87760    
0.24433    
3.54712    
2.11971    
2.93070    
1.65225    
3.04193    
5.95239    
3.11065    
4.01873    
1.43094    
1.11862    
3.35852    
5.43173    
5.92764    
5.39628    
2.78154    
4.91715    
4.07582    
1.62558    
4.06173    
2.14160    
4.01472    
0.54342    
5.84362    
4.09317    
4.03825    
6.34410    
4.20769    
2.60457    
2.46903    
-1.36602    
3.93757    
5.83319    
5.56568    
4.44449    
4.97090    
5.00203    
4.88874    
4.37763    
3.10834    
8.36555    
3.47618    
3.91027    
2.51605    
3.80573    
2.96735    
4.03278    
4.95161    
3.43828    
2.97356    
3.93704    
4.49159    
4.36790    
4.92733    
4.46043    
3.09602    
4.51218    
3.95702    
1.25005    
0.12131    
2.99624    
4.48053    
1.52901    
3.06363    
4.06939    
3.41311    
5.95567    
5.44672    
3.16825    
5.48614    
4.01567    
6.06405    
4.11651    
4.93264    
3.90712    
2.96737    
4.46549    
0.99811    
3.50994    
5.82936    
3.96293    
3.01856    
4.38134    
5.91988    
3.06592    
4.48655    
4.44402    
2.97046    
3.88616    
1.05905    
3.16446    
2.89875    
5.49543    
3.06016    
3.04298    
4.96479    
3.05277    
3.89268    
4.55669    
2.13314    
1.94803    
1.06991    
2.89411    
6.46779    
6.08951    
3.11518    
3.47989    
3.00443    
1.14321    
6.99315    
1.63398    
2.98127    
3.56611    
3.41495    
4.86805    
2.07437    
2.96298    
3.10694    
2.17902    
3.12304    
5.04215    
4.87421    
6.99412    
2.09908    
0.47900    
2.47552    
1.05103    
6.05782    
4.38434    
4.17608    
0.57820    
4.90032    
4.14220    
4.45945    
4.07481    
2.53226    
2.07166    
0.06631    
5.93931    
2.02908    
3.01586    
2.82437    
5.79291    
3.08616    
3.93867    
2.94076    
1.93916    
3.08379    
3.03801    
3.07164    
3.08380    
1.06506    
5.44745    
5.94701    
5.88652    
3.98562    
5.86687    
1.07280    
4.02600    
6.04725    
1.08917    
3.47670    
3.44649    
3.58620    
2.95629    
4.87613    
5.56649    
3.91352    
3.05480    
2.56703    
1.52370    
4.99327    
2.07086    
3.39438    
3.00056    
5.87013    
1.66212    
5.95853    
2.07314    
2.67592    
4.88018    
5.16604    
1.14939    
6.02228    
4.00236    
3.97428    
2.00203    
6.41809    
4.35188    
4.91256    
3.94527    
4.04362    
1.57628    
4.78759    
2.91060    
3.84600    
4.67625    
3.15940    
4.02408    
4.97741    
2.47595    
2.56656    
5.49520    
2.04239    
6.38722    
6.40379    
3.02762    
2.03953    
3.98418    
1.07536    
3.09660    
2.08956    
3.87431    
3.96320    
4.95413    
3.92129    
4.00022    
7.88101    
5.98880    
2.48543    
4.01254    
3.06848    
4.87072    
4.02802    
2.54981    
6.03840    
3.93340    
4.55820    
3.41298    
3.05159    
5.34606    
1.60234    
1.15994    
4.96009    
4.07078    
2.95049    
3.51100    
8.85908    
4.99445    
3.11903    
6.33162    
2.88405    
5.84366    
3.48084    
4.00198    
5.00025    
1.50337    
6.91671    
2.58165    
-0.00453    
3.03445    
2.59664    
4.38421    
2.93044    
1.51551    
3.02372    
2.45800    
7.89626    
3.11207    
2.46047    
4.96657    
8.93675    
4.98293    
3.55574    
5.89361    
1.42431    
6.91802    
2.97971    
2.02176    
1.11340    
3.04051    
3.21016    
4.90005    
2.12214    
5.04306    
2.98567    
4.47529    
3.99518    
4.06913    
5.04701    
4.51910    
2.68669    
3.97489    
4.03145    
2.99115    
5.87927    
3.89073    
1.08450    
4.89317    
4.03938    
4.52460    
8.81730    
2.96782    
1.12852    
6.32160    
1.02950    
4.96849    
1.96420    
4.07685    
2.04989    
5.81751    
3.81805    
0.60628    
4.58948    
2.06441    
2.23891    
4.14836    
4.99394    
3.52994    
3.02916    
5.06966    
4.43189    
3.08959    
4.94573    
2.46524    
5.92060    
5.06550    
4.54839    
8.81609    
6.42881    
4.07590    
4.94603    
3.56527    
5.01252    
2.88302    
2.17496    
7.39628    
1.93491    
2.65414    
3.47541    
0.93939    
4.93145    
0.01238    
4.00475    
3.48508    
4.93888    
5.12411    
2.97556    
4.11675    
7.87885    
2.09737    
3.97629    
4.92016    
3.00807    
4.96696    
0.98499    
2.12167    
3.05769    
3.60584    
2.56891    
3.91931    
2.95900    
4.43953    
1.67315    
2.65273    
4.82719    
3.99831    
4.56764    
4.93314    
4.89619    
3.03185    
3.91352    
5.38239    
4.07778    
3.08089    
2.87496    
4.43683    
5.47014    
7.88681    
3.56887    
4.91162    
4.49245    
4.88302    
3.59348    
4.91909    
4.03057    
5.84536    
2.03962    
4.06779    
2.42994    
4.90617    
5.54405    
6.00813    
4.04781    
6.02907    
5.92317    
3.90102    
3.47030    
3.80034    
-0.72504    
3.12756    
3.02996    
4.98752    
4.43327    
4.05264    
3.99081    
5.12883    
3.10921    
4.93492    
4.98155    
2.20774    
4.45589    
1.00106    
4.91734    
1.69537    
3.53267    
4.03188    
1.86354    
4.97338    
1.88990    
5.02485    
2.20649    
4.94932    
2.09357    
5.39835    
1.13537    
4.43381    
4.02347    
3.86745    
1.75656    
3.41890    
6.04515    
2.16117    
4.91505    
5.00917    
2.11574    
1.07357    
4.98694    
5.09549    
2.04391    
3.93085    
3.52277    
3.42116    
4.43909    
3.50808    
6.08112    
3.40249    
2.96856    
4.88049    
2.02681    
5.00372    
3.05064    
4.66540    
4.90112    
2.89433    
4.04901    
5.09948    
4.91406    
3.45768    
2.91013    
4.53055    
3.12079    
3.97872    
3.51073    
5.82246    
4.01884    
2.01051    
0.68556    
3.06184    
3.45638    
2.93662    
3.04199    
3.10944    
5.00082    
5.07348    
4.07564    
2.06987    
3.06196    
2.99331    
3.47394    
6.82945    
4.94331    
3.96417    
3.94122    
6.01899    
4.82969    
4.41478    
3.99488    
4.88545    
4.46975    
7.87429    
3.54668    
5.07686    
4.52283    
2.93686    
5.96198    
2.98167    
4.94760    
5.90766    
5.50740    
6.47179    
4.05704    
2.14992    
5.00005    
3.01637    
3.09082    
7.28600    
2.92725    
2.18095    
4.92266    
3.00342    
3.41444    
3.51923    
3.92876    
2.15995    
2.14169    
4.89629    
3.55090    
3.90998    
3.95357    
6.05958    
2.05090    
4.96425    
1.98421    
4.36581    
3.97572    
6.07767    
4.03025    
3.89379    
3.03147    
4.01978    
2.65618    
1.67088    
4.97028    
2.62225    
3.45245    
4.99820    
3.09497    
5.80169    
1.58304    
4.95272    
5.32338    
4.84420    
3.85522    
2.65113    
3.82651    
4.44210    
5.92266    
3.04262    
4.99145    
3.98702    
2.05678    
4.48016    
4.99100    
4.99682    
3.90368    
5.98084    
3.95129    
4.86391    
2.14301    
3.15847    
0.55254    
1.55851    
3.05393    
1.16863    
3.08985    
3.98117    
1.04361    
2.12230    
4.44138    
1.09490    
3.95041    
4.86627    
4.47696    
4.54823    
3.20000    
3.51352    
5.91354    
4.43971    
5.40442    
3.55108    
7.03745    
0.06658    
1.97684    
2.95728    
2.97418    
4.99977    
6.08570    
2.12012    
5.43944    
4.96837    
1.91116    
4.97942    
2.00864    
5.94188    
4.48636    
5.44711    
4.01584    
4.01402    
5.41821    
3.05544    
3.02989    
3.56728    
4.00903    
3.06149    
4.56094    
3.86534    
3.06885    
1.98950    
4.97726    
4.42836    
3.96929    
1.00451    
1.66276    
1.13979    
4.48548    
3.89902    
4.82444    
4.00932    
3.00527    
3.90484    
2.51254    
3.90453    
7.40835    
5.02360    
