2.50470    
1.74667    
1.30241    
1.98633    
2.49205    
1.78351    
1.05188    
2.01879    
1.50575    
2.22180    
2.47643    
2.01041    
1.97393    
0.58368    
1.77503    
2.21445    
1.52988    
1.28043    
2.00706    
2.01337    
1.74108    
1.52180    
1.24860    
0.50845    
0.80662    
0.77131    
1.75363    
1.79515    
2.23737    
2.01035    
2.45317    
2.24640    
2.01040    
1.50402    
2.47613    
2.02528    
1.50734    
2.01424    
2.22043    
1.28173    
2.25902    
1.54084    
1.77291    
1.02613    
1.73120    
1.75219    
1.73857    
2.50976    
1.80203    
2.47818    
2.00761    
0.81407    
1.97829    
2.03100    
1.52930    
1.78111    
2.22406    
1.52917    
2.20955    
2.47201    
1.75583    
2.01322    
1.53496    
1.28822    
0.99099    
0.81241    
1.71279    
1.97683    
2.24231    
1.73798    
1.04110    
1.74555    
1.29694    
2.66432    
1.99475    
1.53643    
2.03078    
0.81526    
1.51711    
3.42061    
2.93145    
2.00981    
1.98770    
1.76008    
2.24618    
1.99989    
2.49929    
2.72357    
1.75118    
1.46723    
0.55789    
1.51690    
2.69713    
1.72987    
0.78563    
1.04563    
2.22725    
1.53634    
1.76411    
2.72622    
2.01118    
1.52551    
1.31151    
0.58420    
3.23221    
2.72469    
1.30971    
2.50412    
2.23117    
1.54034    
1.53610    
1.98023    
2.03104    
1.51521    
1.54308    
2.47702    
1.29722    
2.20764    
2.20887    
2.48130    
1.30493    
1.78936    
1.76552    
2.46750    
3.20719    
2.25873    
2.21332    
2.73731    
0.78423    
2.47197    
1.28976    
2.00855    
1.54401    
2.70776    
1.98672    
1.05490    
2.25791    
1.78083    
2.01155    
1.75022    
2.49154    
2.00286    
0.56652    
1.98822    
2.03712    
1.96528    
2.71032    
1.77703    
1.52579    
1.75726    
1.77874    
1.01568    
1.06755    
1.76865    
1.27176    
2.26003    
1.30455    
1.04815    
1.51919    
2.24538    
0.55510    
1.52061    
1.02902    
2.18482    
2.23553    
1.75323    
1.73755    
2.71711    
1.29745    
1.53147    
2.24080    
2.46295    
2.48369    
1.49803    
0.80910    
2.22574    
1.97387    
2.03071    
1.74323    
1.73476    
2.50979    
1.00676    
1.96715    
1.26739    
2.00718    
1.76341    
2.26047    
2.26737    
1.73529    
1.51638    
1.74803    
1.52744    
2.24088    
2.73500    
2.03262    
2.46480    
1.25458    
1.77700    
1.99265    
1.56015    
1.51065    
2.47210    
1.26332    
2.00191    
1.81237    
2.23752    
2.00274    
1.96232    
2.72400    
2.21191    
0.55272    
1.51203    
0.84094    
0.78075    
2.47755    
1.52548    
3.20244    
1.76299    
0.83237    
2.51499    
2.45493    
1.30989    
2.45782    
2.74747    
2.46190    
2.26025    
1.98362    
1.26604    
2.00489    
2.71948    
0.08623    
2.02375    
1.72604    
2.74091    
2.01436    
1.26362    
2.01048    
1.51768    
2.50293    
1.24167    
2.44706    
1.73927    
1.97144    
1.29275    
2.23653    
2.48691    
1.75582    
2.93584    
1.51319    
1.50431    
1.53836    
1.30561    
2.69794    
1.29028    
1.74066    
1.73529    
1.79703    
0.78954    
2.74201    
1.29204    
2.73789    
2.50640    
2.22605    
2.46383    
0.80146    
2.46725    
2.25421    
2.00434    
1.78347    
2.20911    
1.50735    
2.90855    
1.04567    
1.99495    
2.21109    
2.00762    
2.21421    
2.24792    
1.99814    
1.26021    
1.48121    
3.21480    
2.48134    
2.47579    
1.06299    
1.76501    
1.04802    
1.28441    
1.27025    
2.01468    
1.77703    
2.72058    
2.00113    
1.56375    
2.70408    
2.00957    
0.81279    
1.52556    
1.28279    
2.00877    
1.52301    
1.97696    
2.44527    
1.74028    
2.50665    
1.27999    
1.99641    
1.52726    
2.00192    
2.01132    
1.76859    
3.15022    
2.24700    
2.26155    
2.93035    
1.28441    
1.74744    
1.24795    
1.51543    
1.29160    
2.94696    
2.49190    
1.77465    
1.70710    
1.31313    
1.77444    
2.01620    
1.75000    
0.75608    
2.45618    
1.76938    
1.02671    
2.45639    
1.06662    
2.94816    
2.24064    
1.06755    
2.00394    
1.97283    
2.50970    
2.94636    
1.98891    
1.76726    
2.46103    
3.18532    
2.01182    
1.76043    
1.99285    
1.01129    
2.96630    
1.74821    
1.05571    
1.52306    
2.46022    
2.47874    
1.99397    
1.03384    
1.77106    
1.26997    
0.59530    
2.24578    
1.75584    
2.71172    
2.48310    
2.00673    
2.20696    
0.79110    
1.46218    
2.94217    
1.77128    
2.00530    
1.75906    
2.21084    
2.20667    
2.01532    
1.09006    
1.29493    
1.53509    
1.77645    
2.23119    
1.75673    
1.76826    
1.99316    
2.22752    
1.53616    
1.75972    
1.77981    
2.01914    
1.54330    
2.00301    
2.01741    
2.00492    
2.95305    
1.74402    
2.48535    
2.45453    
1.71936    
2.22870    
1.99922    
2.95390    
0.79720    
1.03788    
1.05495    
2.01187    
1.79627    
1.27519    
1.54972    
2.95243    
1.50914    
2.48124    
2.23240    
2.48779    
1.51937    
2.17896    
2.71976    
2.00524    
2.47660    
2.00963    
2.46484    
2.50880    
1.74477    
1.29479    
2.69632    
1.50446    
1.99037    
1.48272    
1.98711    
2.02556    
1.26254    
2.25270    
2.21896    
2.70932    
2.94992    
1.98678    
2.00558    
2.27073    
0.77989    
1.51745    
1.76525    
1.51765    
1.24982    
2.01184    
0.56313    
1.77302    
1.06705    
2.23321    
1.51449    
1.98404    
1.51430    
1.53244    
1.94738    
2.68802    
1.03142    
1.28346    
1.98248    
2.20992    
1.73875    
1.02790    
1.27734    
1.73234    
1.52672    
1.98353    
1.01973    
1.01876    
1.96155    
2.02158    
1.99003    
2.49980    
1.98631    
2.03149    
2.47448    
2.20060    
1.74888    
1.77888    
2.21357    
2.02532    
1.55009    
1.47143    
1.54254    
1.76215    
1.74021    
2.74389    
1.07218    
2.00283    
1.79692    
2.01401    
1.54411    
2.96290    
2.02273    
1.30892    
1.53523    
1.99210    
1.53685    
1.99552    
1.74402    
1.76072    
2.02793    
1.49611    
1.78915    
2.95616    
1.49890    
2.02266    
1.52551    
2.51228    
2.49085    
2.21611    
2.00328    
1.55037    
1.02309    
3.69810    
1.77746    
1.54560    
0.83797    
2.48140    
1.99508    
2.25635    
2.70957    
0.78725    
1.53169    
1.01852    
1.99745    
1.74558    
1.05831    
1.31563    
1.76528    
1.03112    
1.77894    
2.00316    
2.47308    
1.27148    
1.77293    
2.68857    
1.51198    
1.53105    
1.75724    
1.54639    
2.45088    
1.97341    
1.98194    
2.49239    
2.45539    
3.21120    
1.74247    
2.18334    
1.48956    
1.50540    
3.19551    
1.54110    
1.75979    
1.78295    
2.27994    
1.02496    
2.00590    
1.51806    
1.75601    
1.78076    
2.00854    
2.25408    
2.71550    
1.99250    
1.51801    
2.02008    
2.97993    
1.99883    
2.00913    
1.29417    
2.01615    
2.00921    
1.97283    
1.76463    
2.75210    
1.48117    
1.77429    
2.25006    
2.00715    
1.55002    
0.60012    
1.29294    
1.52447    
2.47379    
1.75851    
2.47644    
1.30653    
2.46300    
1.73475    
0.84037    
1.99764    
2.67853    
3.18217    
2.01511    
2.24316    
1.77200    
2.45954    
2.25388    
2.01732    
2.22454    
2.01460    
1.75702    
1.97686    
1.77044    
2.03379    
2.95626    
1.72520    
1.06193    
2.25948    
1.48984    
2.26332    
1.49695    
1.29561    
1.98436    
2.71981    
2.50847    
2.00573    
2.48343    
2.00931    
2.03994    
2.00727    
0.56998    
2.27404    
0.55812    
1.04807    
1.26771    
1.28586    
2.25651    
1.26644    
1.03753    
1.27586    
2.49363    
1.49412    
2.01594    
2.21684    
1.75607    
2.50172    
2.24362    
3.18596    
2.22109    
1.50225    
1.73646    
3.19630    
2.76330    
2.00914    
1.75306    
1.54542    
1.52423    
2.22666    
1.01046    
1.75059    
1.99185    
3.70540    
1.27529    
2.03772    
1.29151    
2.45726    
2.49347    
1.28708    
1.99671    
2.21191    
1.27856    
1.76871    
1.98160    
2.47354    
1.26535    
1.52166    
1.99987    
1.26785    
1.26387    
1.76967    
2.00055    
2.96884    
1.05516    
2.47897    
2.47410    
2.71981    
1.51673    
2.92694    
1.51358    
1.49789    
2.23105    
1.76428    
1.52677    
1.95908    
2.70183    
2.28725    
2.46172    
1.77783    
1.04765    
3.16778    
1.52600    
1.95321    
2.02842    
1.78339    
2.00142    
2.25435    
1.50116    
2.24463    
2.01130    
2.24944    
1.76295    
1.03016    
1.49175    
1.75443    
1.74831    
1.52728    
2.02762    
2.46787    
1.50930    
2.00208    
1.78845    
1.29832    
0.30249    
2.01449    
2.23945    
2.70146    
1.97817    
1.27991    
1.76519    
1.50222    
2.26813    
1.49945    
2.00862    
1.73295    
2.24483    
1.97673    
2.72361    
2.20630    
1.96520    
2.27382    
1.25278    
1.79076    
1.52562    
2.73904    
1.53594    
2.45653    
2.46446    
1.29325    
1.28229    
1.98965    
1.27691    
1.55157    
1.97637    
2.25164    
2.21736    
1.26048    
1.99827    
2.00849    
1.73066    
1.76442    
2.01611    
1.99336    
1.75154    
2.00138    
3.17896    
1.09058    
2.23551    
1.99665    
2.44579    
2.24939    
2.70798    
2.24781    
1.77926    
1.78272    
1.50340    
1.30853    
1.28130    
2.02040    
1.03386    
1.98228    
1.04279    
2.00203    
1.99618    
1.76802    
1.24595    
1.27175    
2.00791    
2.22416    
2.72691    
1.99830    
1.72181    
2.70408    
1.06181    
1.26713    
1.27625    
2.49320    
1.97635    
1.99244    
1.06443    
1.30606    
2.50407    
1.53271    
1.50954    
1.78191    
2.68743    
1.55151    
1.98265    
2.49360    
1.26112    
2.49558    
2.45471    
1.75216    
2.25153    
2.00750    
2.22084    
1.73603    
1.54396    
2.20014    
1.04010    
2.24540    
1.74335    
1.28194    
1.99652    
2.01802    
1.97349    
0.29743    
1.78399    
1.76300    
2.22149    
1.77257    
2.74210    
1.51834    
1.98473    
2.22142    
1.51992    
2.26192    
2.02210    
3.17906    
0.76192    
1.47825    
2.97285    
1.51343    
1.01197    
2.23215    
2.47114    
1.72695    
2.20713    
2.24485    
2.00630    
-0.18865    
1.53242    
1.03924    
0.81361    
2.49450    
2.97378    
1.74099    
1.02206    
1.30980    
2.72241    
1.49914    
2.95377    
1.30904    
1.48994    
2.46723    
2.47473    
2.70691    
3.20262    
1.01854    
2.25236    
2.25417    
0.54999    
1.53250    
2.01756    
1.73011    
1.75995    
1.77015    
1.79316    
1.97625    
1.74553    
1.77283    
1.99863    
2.24285    
1.28727    
2.22498    
1.28627    
0.58054    
3.22779    
2.00485    
1.75858    
2.00897    
1.50858    
2.47289    
1.52284    
2.26273    
1.76792    
2.68429    
1.74067    
1.75208    
1.50990    
2.23730    
2.23824    
2.00706    
2.72549    
1.99507    
1.48946    
2.01549    
2.49687    
2.50797    
2.24882    
1.28763    
2.72746    
2.20094    
1.74551    
2.01738    
0.86461    
1.75967    
2.69913    
1.23748    
2.25484    
1.27802    
1.79284    
2.68363    
2.23747    
2.04770    
1.49904    
1.99061    
2.23281    
0.55022    
1.99083    
2.23141    
1.50440    
2.48179    
1.98043    
2.24556    
1.98978    
2.19841    
1.75989    
1.74569    
2.23263    
1.78690    
2.22179    
1.98227    
1.27273    
1.78271    
1.97975    
1.98669    
1.54930    
2.23728    
2.23232    
1.53837    
2.00321    
1.54790    
2.51122    
2.48360    
1.99918    
3.45553    
2.02796    
1.99014    
1.70114    
1.25597    
2.94052    
1.04765    
1.29740    
2.47492    
2.50095    
1.78401    
2.22453    
1.97177    
2.48744    
3.18257    
1.96593    
1.49779    
2.00765    
2.27011    
1.78791    
2.74199    
1.99993    
1.01065    
0.80526    
2.92131    
1.51028    
2.49700    
1.50007    
1.47928    
2.25243    
1.28464    
1.99972    
1.51977    
1.24654    
2.46858    
2.23307    
0.82838    
1.99883    
2.25947    
2.95010    
1.77340    
1.99952    
0.75934    
1.51241    
1.73163    
1.26608    
2.45164    
1.55030    
1.52823    
1.52871    
1.98813    
1.78024    
2.26536    
1.02026    
2.21351    
2.23309    
2.00939    
2.00123    
1.26717    
1.78153    
1.97739    
1.29666    
2.00613    
1.52256    
2.70367    
2.04218    
2.25437    
2.71610    
1.98721    
1.78128    
1.80174    
1.26822    
1.80051    
1.76051    
2.00985    
2.24007    
1.73176    
2.24934    
2.03038    
1.74221    
1.74467    
2.72186    
3.16353    
2.01375    
1.99180    
1.76128    
2.24522    
1.28016    
2.71795    
2.45276    
2.24465    
1.03269    
1.76714    
1.51263    
1.01109    
1.05403    
0.53820    
1.53657    
1.77404    
2.01259    
1.75322    
1.51002    
1.51490    
2.98775    
1.78555    
1.52543    
1.76364    
1.98501    
1.76278    
1.28449    
1.28043    
1.52166    
2.24245    
1.99074    
2.24426    
1.53461    
2.23857    
1.05735    
1.74957    
2.48785    
1.49497    
2.01197    
2.00928    
2.01497    
1.04763    
0.76422    
2.22569    
2.21320    
1.76922    
1.97678    
2.48358    
1.04774    
2.23496    
2.96152    
2.22619    
1.75724    
1.98979    
1.49505    
1.99353    
1.26024    
2.50039    
0.79509    
1.28105    
1.01171    
1.52370    
1.29851    
1.54006    
2.44027    
2.46936    
2.74983    
1.98068    
3.45331    
1.76061    
1.77818    
1.99110    
2.26655    
2.01278    
1.29398    
1.77324    
2.22054    
2.00574    
1.51989    
1.75977    
1.99640    
2.50924    
1.31420    
1.72857    
2.22489    
1.24923    
2.21107    
1.02613    
2.00218    
1.00694    
1.50696    
1.78277    
0.82025    
0.35129    
1.99157    
2.47743    
0.80701    
2.46406    
2.00425    
0.79460    
1.05180    
1.50756    
1.56694    
1.73263    
2.72356    
1.75766    
1.04997    
0.58542    
2.26647    
1.72877    
2.73089    
1.08200    
1.31021    
1.29173    
1.74054    
0.59216    
2.46409    
1.75612    
2.95630    
1.27590    
2.00865    
1.75835    
1.94712    
1.03371    
1.51338    
2.47895    
0.80813    
0.78352    
1.76446    
1.74533    
2.45915    
1.55617    
2.47946    
2.24524    
1.75370    
2.72496    
1.98143    
2.49235    
1.51503    
2.23896    
2.00555    
2.01315    
1.50879    
1.99706    
1.78163    
1.98250    
1.29059    
2.25151    
1.98647    
1.05692    
3.18392    
1.98490    
1.74812    
1.96179    
1.74778    
2.04379    
2.50109    
2.68221    
1.50594    
2.46723    
2.51271    
1.51969    
0.80171    
0.80908    
1.97512    
0.54138    
2.70167    
1.48573    
2.26158    
2.52623    
1.02499    
2.52759    
2.48406    
2.03447    
0.78162    
1.96387    
2.72239    
1.99941    
2.46461    
2.44621    
1.29878    
1.53715    
2.01227    
2.24227    
1.31881    
2.20069    
0.75891    
1.53548    
1.81553    
2.48894    
1.99908    
2.73950    
2.22276    
2.25512    
1.79655    
1.96113    
1.98146    
2.01018    
1.52875    
1.77364    
1.77164    
1.53902    
1.99049    
1.76305    
1.25292    
1.76422    
1.80690    
2.05279    
2.43664    
1.76844    
1.04680    
2.49494    
1.50609    
1.55863    
2.46230    
1.33634    
1.76476    
2.25928    
1.24272    
2.25745    
2.24469    
2.74180    
1.98559    
2.96912    
2.50935    
2.93071    
1.75498    
1.75541    
2.24313    
1.53595    
2.46702    
1.50583    
1.98904    
2.00751    
2.91482    
1.55934    
2.24502    
2.26538    
1.78916    
2.43321    
1.26551    
1.77262    
2.68362    
2.73093    
2.68705    
1.29797    
2.19594    
1.26327    
2.49776    
1.52006    
2.00170    
1.77021    
3.19320    
0.76986    
1.51090    
1.56088    
2.49714    
2.23480    
2.46501    
2.73543    
2.04170    
1.49635    
0.57911    
1.31005    
2.21346    
1.30092    
1.70883    
2.70656    
0.79474    
1.54918    
1.74401    
1.26436    
2.68369    
1.25120    
2.00980    
1.97700    
2.69880    
2.49325    
2.45443    
1.52107    
1.77240    
1.76156    
1.52890    
1.27439    
1.52913    
1.05099    
2.71741    
2.92887    
2.01426    
1.72655    
1.53784    
1.25016    
0.78593    
1.27081    
2.01253    
1.97120    
0.78130    
2.21829    
1.76568    
1.80687    
2.68632    
1.51698    
0.85250    
1.53142    
1.04313    
2.21711    
2.01503    
1.05128    
0.55679    
1.99922    
1.29145    
0.54304    
2.99535    
2.48662    
2.22751    
1.74284    
2.01871    
2.90643    
1.48821    
1.75600    
1.75663    
2.92422    
1.54388    
2.47298    
2.23632    
1.74377    
1.27389    
2.03279    
1.79111    
2.74161    
1.26686    
2.21882    
1.76188    
1.98837    
1.51364    
1.29530    
1.53026    
2.71411    
1.51886    
2.25457    
1.00298    
2.71926    
2.47085    
1.00272    
1.51615    
1.52321    
1.28513    
1.74827    
0.57329    
2.27626    
1.77545    
2.70998    
2.95637    
1.53026    
1.52446    
1.74755    
1.28869    
1.53530    
2.24877    
1.29688    
2.24847    
1.06154    
1.74229    
2.22873    
1.73247    
2.21009    
2.92742    
1.75404    
1.00752    
1.74581    
1.28573    
1.75062    
2.27139    
2.74363    
1.26007    
1.52448    
0.79490    
0.77127    
1.98905    
2.20435    
1.48578    
1.51447    
2.24313    
1.27089    
1.56073    
1.05701    
2.01317    
2.24231    
1.98881    
2.21393    
1.72979    
1.97768    
3.20322    
2.47275    
0.75706    
1.52041    
1.04603    
1.97865    
1.25172    
1.53103    
2.17704    
1.29383    
0.80240    
2.22320    
2.23764    
2.22282    
2.48174    
1.53605    
2.23598    
1.98118    
2.23091    
2.23480    
2.72568    
1.78674    
2.47887    
1.51626    
2.97044    
1.76661    
0.82925    
2.24774    
1.53751    
2.45145    
1.52086    
2.70685    
2.28242    
2.22679    
1.99952    
2.19126    
1.98853    
1.30695    
2.22034    
2.24505    
2.00089    
1.51065    
1.53735    
1.75337    
2.01306    
1.28632    
2.25155    
1.76081    
1.77832    
1.99539    
0.78049    
1.50944    
2.69531    
2.95058    
1.01865    
2.46249    
2.74034    
1.73843    
1.30911    
1.74566    
1.99492    
2.02991    
2.20644    
2.97490    
1.53118    
2.23063    
1.99509    
1.52413    
2.20163    
1.51977    
2.25345    
1.32198    
2.01326    
2.24012    
2.01300    
2.47490    
2.71195    
1.98179    
1.74748    
1.98401    
1.51241    
1.52197    
1.52243    
1.03709    
1.54400    
2.24979    
2.24270    
1.24451    
1.52954    
2.21213    
0.81207    
1.74393    
2.25335    
2.21912    
1.30593    
1.50291    
2.03013    
1.50298    
2.03514    
2.00307    
1.76772    
2.02196    
0.79153    
2.03707    
2.24943    
0.80307    
2.74828    
2.26290    
0.80431    
1.78155    
1.53078    
0.31107    
1.79300    
2.26165    
0.82217    
2.95068    
1.53719    
1.27722    
0.82233    
2.25870    
2.96549    
1.99112    
2.93992    
1.27492    
2.93747    
1.01568    
2.49166    
1.04421    
1.75865    
1.98815    
1.29282    
2.73017    
2.91478    
1.54467    
2.22378    
1.77438    
1.96490    
1.27816    
1.99628    
1.28644    
1.77275    
1.75058    
1.47753    
2.23795    
1.28445    
1.74654    
2.02439    
2.71056    
1.71205    
1.98042    
2.71064    
1.54366    
1.02470    
2.45655    
1.28334    
1.75378    
1.50649    
2.00405    
1.27542    
1.97765    
1.30213    
2.23083    
0.83589    
2.23970    
2.72374    
2.24843    
1.25732    
1.51364    
1.78074    
2.01786    
2.25014    
2.00957    
2.48950    
1.25519    
2.01950    
1.75202    
1.28971    
2.46652    
1.50205    
1.03774    
1.28712    
1.51252    
2.93478    
2.01931    
2.24308    
1.77399    
1.54785    
2.29904    
2.03305    
3.20198    
2.01596    
2.24808    
2.74016    
2.45312    
2.48184    
1.26692    
1.52445    
1.24168    
2.21447    
2.21552    
2.22794    
1.51766    
2.26427    
2.50149    
2.71616    
1.30279    
2.47484    
2.45350    
1.76928    
0.78303    
1.50830    
1.53707    
2.02112    
1.29223    
2.73035    
1.77419    
1.78498    
1.24846    
1.29843    
0.78705    
1.50364    
1.76062    
2.04265    
2.96084    
1.50003    
2.24219    
1.51244    
2.48321    
2.01874    
1.06882    
1.49937    
2.24155    
1.28528    
1.29269    
2.49413    
1.78765    
0.79527    
2.73972    
1.74520    
1.28493    
1.29415    
2.47625    
1.73981    
2.47986    
2.22178    
1.54628    
2.24839    
1.96198    
1.99264    
1.06089    
1.49851    
2.29228    
2.51092    
2.23931    
2.01692    
1.96885    
1.76507    
2.49579    
2.73647    
1.53716    
3.21747    
1.28122    
1.29951    
1.99310    
2.25170    
1.06346    
1.25550    
0.55311    
1.33715    
2.00949    
1.05401    
1.53456    
1.98511    
2.24951    
1.46178    
1.77454    
1.53793    
1.54412    
2.23474    
1.77606    
0.55476    
1.99284    
1.98052    
1.78124    
2.24267    
2.26630    
2.24210    
2.27027    
2.24248    
2.95726    
1.75164    
1.99800    
2.23410    
1.05371    
1.76012    
2.97066    
2.02260    
1.25743    
1.77600    
1.75841    
2.73487    
1.53508    
2.71233    
1.74144    
2.23682    
2.23536    
1.05541    
2.01334    
0.78263    
1.98391    
2.97741    
2.24925    
1.52644    
2.26157    
2.22847    
2.22286    
1.96671    
1.99044    
2.24735    
2.22168    
1.73685    
2.95050    
0.57585    
1.53566    
1.05451    
2.24343    
1.49732    
0.81970    
1.72349    
2.46966    
1.31047    
1.52774    
1.00666    
2.51930    
2.24318    
1.77159    
0.82002    
2.71383    
1.75048    
2.25822    
1.97357    
1.76140    
1.78670    
2.71170    
1.99280    
1.78055    
2.24224    
1.99338    
1.26846    
1.51748    
2.02944    
2.47864    
1.76301    
1.53276    
2.67490    
1.77991    
1.51747    
3.20721    
1.98637    
2.70963    
2.27167    
2.22969    
2.49377    
2.21057    
1.04697    
2.74041    
3.21456    
1.53866    
2.47286    
1.52798    
1.53918    
1.99226    
2.27353    
2.49247    
2.02253    
2.46745    
2.71297    
2.49462    
1.51789    
2.20296    
2.28851    
2.70456    
2.69614    
2.23672    
1.28645    
2.71910    
2.23955    
0.82083    
1.49947    
1.99792    
1.77703    
1.29498    
2.72098    
1.75955    
1.75875    
2.44691    
2.48304    
1.04162    
2.02417    
1.77592    
2.48358    
2.50750    
1.72577    
1.76937    
2.45095    
1.27996    
1.75543    
1.99435    
1.76673    
1.72270    
3.22460    
1.52118    
1.78496    
1.78236    
2.23937    
1.08702    
1.97082    
1.25210    
1.75708    
1.53233    
1.52685    
1.99575    
1.99510    
2.03266    
2.72363    
1.26917    
0.55997    
1.73893    
2.01559    
1.73303    
1.48773    
2.46208    
2.01248    
2.25139    
1.98523    
1.78749    
1.50404    
1.53221    
1.03914    
1.97662    
2.00545    
1.53315    
1.74358    
2.46803    
1.54204    
1.73474    
1.28137    
2.24827    
1.77833    
1.51789    
1.97864    
2.01888    
2.70787    
1.72967    
1.73543    
2.03162    
2.46643    
1.51418    
2.47243    
2.21179    
1.01594    
1.74821    
2.46370    
2.23507    
2.94547    
1.26495    
1.05474    
1.98442    
1.96333    
3.71126    
1.79061    
1.52590    
1.52979    
1.99113    
2.25111    
1.27924    
2.24020    
2.50858    
1.52269    
2.45960    
3.17052    
1.28911    
2.47296    
1.78620    
1.03212    
2.47261    
1.28494    
1.76331    
2.72036    
0.77802    
1.52550    
1.27732    
2.25246    
2.73924    
1.71106    
1.76508    
1.53584    
1.76442    
1.06443    
2.46167    
2.23287    
0.76095    
2.24277    
2.24353    
1.48651    
2.73198    
1.70859    
1.28567    
2.26266    
1.48875    
1.28129    
2.01783    
2.20568    
2.98797    
2.95635    
1.73784    
1.33420    
1.06450    
1.71862    
1.52910    
1.35192    
1.51775    
1.99295    
2.48571    
2.00002    
2.21899    
2.47037    
1.28029    
1.76773    
1.04575    
0.79892    
1.75968    
1.26250    
2.20426    
1.78850    
2.00504    
2.46047    
2.96893    
1.77088    
1.26173    
2.69271    
3.24247    
2.02437    
1.77092    
2.22687    
2.01354    
1.02722    
1.53777    
1.99136    
1.76872    
2.00601    
1.25948    
2.24065    
2.48776    
1.72598    
1.77008    
1.51260    
3.68547    
2.46806    
1.75188    
1.95021    
1.76972    
1.00061    
3.19851    
2.45515    
1.52386    
1.23574    
2.23020    
2.02317    
2.29868    
2.23270    
2.00927    
1.28369    
1.99818    
2.02330    
2.22853    
1.97453    
2.49783    
2.22528    
1.76115    
2.95565    
2.21830    
2.98338    
2.01362    
1.28526    
2.01535    
1.50486    
2.26220    
2.01683    
2.71659    
2.68466    
3.46901    
2.21528    
1.75057    
2.71859    
2.45699    
2.20813    
2.72195    
1.50711    
1.77229    
1.77554    
1.72110    
2.00146    
3.17743    
1.54124    
1.76039    
2.68453    
1.77770    
1.53485    
1.99954    
1.74155    
1.96729    
1.96898    
2.96043    
1.52628    
1.53147    
2.22552    
1.51959    
2.02966    
2.47941    
1.77797    
0.29365    
2.00041    
2.73753    
2.47102    
2.23003    
2.17328    
1.77416    
2.45409    
1.50166    
1.51573    
1.99984    
2.49776    
1.27912    
1.53885    
0.55449    
0.58908    
1.98601    
2.02963    
0.81718    
1.75682    
2.94893    
2.21844    
1.29990    
1.03312    
1.06141    
1.96511    
1.49277    
2.69760    
2.24627    
1.99642    
1.53761    
1.76389    
2.22614    
2.46283    
2.22536    
1.77745    
1.52166    
1.99973    
2.01231    
1.27761    
2.70168    
2.50097    
0.82905    
2.23914    
1.30896    
2.51023    
2.01025    
1.99370    
2.02763    
2.50643    
2.24489    
1.50616    
2.94613    
2.42967    
1.51052    
1.97466    
2.00565    
1.04098    
1.73360    
1.04094    
2.47433    
1.53582    
1.75191    
2.48806    
1.55689    
2.92442    
2.96891    
1.07715    
2.19794    
1.75907    
2.70920    
2.01284    
2.25008    
2.68468    
1.55655    
1.77098    
1.53701    
2.25490    
2.00444    
1.51942    
0.82076    
1.03623    
0.80426    
1.48079    
1.03322    
0.81760    
1.54000    
2.24602    
2.20569    
1.77842    
1.29566    
2.24567    
2.73753    
1.28292    
1.72447    
2.44318    
1.04114    
1.52249    
2.49198    
1.74589    
1.53135    
1.04748    
2.74471    
0.57184    
2.03999    
2.20691    
2.25484    
1.50650    
1.74753    
1.77451    
1.52018    
2.01022    
1.51746    
1.23266    
1.04779    
2.46397    
1.06175    
1.75566    
2.03266    
1.29652    
3.40965    
1.77162    
2.50093    
1.99461    
2.26054    
2.03425    
0.81672    
1.26065    
2.00785    
1.75491    
2.49155    
1.50906    
2.22593    
1.74497    
1.50879    
1.75636    
1.28136    
2.46683    
1.53673    
1.53160    
0.57009    
1.52182    
1.52121    
2.48353    
2.74891    
1.70659    
1.79909    
2.24016    
2.68938    
0.54798    
1.28107    
2.02856    
1.29131    
0.58249    
1.99584    
1.50645    
2.24163    
1.03236    
2.00923    
1.51418    
2.93392    
2.96654    
1.74514    
1.74460    
0.83141    
1.03185    
1.48950    
2.00104    
1.31438    
2.01730    
3.20773    
0.78159    
1.77134    
2.00345    
1.03682    
1.51991    
1.96383    
1.76339    
2.01377    
2.73926    
2.00690    
1.76662    
1.30715    
2.01118    
2.00309    
1.99085    
1.50102    
1.51381    
2.50390    
1.98584    
1.47231    
2.48694    
2.50667    
2.22937    
2.03077    
1.26300    
1.76733    
2.77745    
1.77594    
1.29734    
2.92195    
2.49816    
2.19837    
1.26188    
1.76893    
1.73933    
1.75614    
1.75075    
1.75972    
1.99903    
0.76183    
2.25903    
1.06444    
1.99597    
1.31101    
2.72753    
1.75689    
2.74354    
2.68387    
2.46909    
1.75523    
2.92469    
1.28366    
1.26254    
1.95812    
1.96960    
1.50526    
0.81050    
2.46613    
1.99457    
2.72431    
2.94741    
1.04974    
1.50726    
2.97016    
2.00198    
1.74299    
1.28215    
2.23651    
1.73623    
1.50511    
1.30612    
2.73065    
2.01201    
1.76368    
1.53502    
2.97287    
1.99497    
2.24269    
1.01875    
1.26130    
1.53684    
1.53153    
1.53393    
2.24246    
2.44010    
1.51127    
2.23622    
1.98833    
2.01337    
2.02741    
2.47815    
2.70063    
1.54109    
2.50299    
2.73008    
1.03689    
2.98737    
2.02386    
2.03146    
1.73440    
2.47631    
1.50797    
2.43193    
0.78655    
2.49280    
1.99873    
1.73582    
1.73548    
1.03788    
1.51290    
2.00357    
1.53985    
2.48245    
1.52915    
2.72882    
2.00780    
1.99754    
1.05355    
2.48958    
2.72728    
1.73980    
2.00841    
1.76755    
1.49987    
1.03691    
2.43748    
2.44099    
1.03496    
1.75181    
1.76877    
1.06073    
2.01340    
2.44968    
1.28939    
1.04989    
1.49935    
1.76135    
1.47408    
1.74069    
1.50287    
2.46487    
1.29680    
1.96916    
1.31011    
2.26270    
1.75000    
2.03484    
2.23066    
2.00626    
2.26646    
2.24407    
1.51019    
2.51688    
2.21376    
1.99555    
2.49932    
2.48260    
1.79755    
0.79387    
2.43979    
1.28422    
1.27872    
1.55054    
1.50853    
2.26815    
0.58134    
1.99665    
1.99231    
2.46718    
1.04626    
2.40346    
2.46539    
2.95489    
1.26392    
2.44939    
1.03123    
1.59045    
2.23404    
2.45357    
2.03972    
2.52025    
2.46882    
1.06295    
1.03548    
2.50731    
1.02715    
2.69116    
2.71587    
2.23492    
1.94869    
1.24670    
2.22892    
1.49183    
1.47532    
1.74447    
2.71218    
1.75581    
2.02052    
1.54811    
1.29159    
-0.14548    
1.72993    
1.75947    
1.52952    
0.79006    
1.49883    
1.27772    
2.49350    
1.49872    
2.21405    
1.77737    
1.03742    
1.95763    
0.76429    
1.75688    
1.51457    
2.74522    
0.54306    
1.97984    
1.52094    
2.00127    
2.70114    
2.43396    
1.03891    
1.53828    
1.77593    
1.97111    
2.21816    
2.22889    
1.98790    
0.54826    
1.74061    
1.50198    
1.01032    
1.29096    
1.77426    
1.97180    
1.98768    
1.78534    
1.79458    
3.18059    
1.76998    
1.98048    
1.75680    
2.48621    
1.77253    
1.73284    
1.49532    
1.75559    
0.79216    
1.77639    
2.20743    
1.50529    
1.50664    
2.48549    
2.04062    
1.50489    
1.74300    
1.75199    
2.24019    
1.52914    
2.47827    
1.97823    
1.97427    
0.80817    
2.22778    
0.53032    
1.29589    
2.98594    
1.98599    
0.81161    
2.01484    
2.98845    
1.31956    
1.78605    
2.03207    
1.99290    
1.51123    
1.79902    
1.99541    
1.75702    
1.52143    
1.34806    
2.03914    
2.70328    
2.00186    
1.98866    
1.77142    
1.97273    
2.00792    
2.00272    
2.71404    
2.47726    
1.50574    
1.99652    
2.24858    
1.75358    
1.50444    
2.49503    
1.50291    
1.49242    
1.48139    
1.26716    
1.31525    
1.03017    
2.72892    
0.36197    
2.02346    
2.24368    
1.95984    
2.01685    
1.52382    
1.02248    
3.18315    
1.53544    
2.26093    
1.69362    
2.23755    
1.71876    
2.25921    
2.48141    
1.47595    
2.24867    
1.99128    
1.30171    
0.78089    
2.24207    
0.78726    
1.52936    
1.54484    
1.76384    
1.49017    
1.52939    
1.98287    
1.52604    
1.99775    
1.97426    
1.76013    
1.97752    
1.96335    
1.25544    
3.21597    
2.01489    
2.22426    
1.80675    
1.93712    
2.23810    
1.76371    
2.01392    
1.55077    
1.73850    
1.02148    
1.27236    
2.93580    
2.23720    
1.75510    
2.01140    
2.22014    
2.73833    
1.52554    
1.04039    
2.47577    
1.50262    
2.24517    
1.74897    
2.69713    
0.55628    
1.99931    
2.71454    
2.23988    
1.29269    
2.18902    
1.29226    
2.48662    
2.23156    
1.52459    
1.05100    
2.00598    
1.76386    
1.51329    
1.24677    
1.26358    
2.22636    
1.75565    
1.73033    
0.81766    
1.51743    
1.28613    
1.99215    
1.52160    
2.23598    
1.75913    
2.25000    
1.99058    
2.45082    
0.35903    
1.76545    
2.24576    
2.23335    
2.73814    
2.73289    
1.26968    
2.22783    
2.00501    
1.74448    
2.47660    
1.76250    
2.00819    
1.05223    
1.71494    
1.26376    
1.97411    
1.76810    
1.49244    
0.78024    
0.79483    
1.77256    
2.25988    
1.04383    
2.01496    
1.53146    
1.33227    
1.74816    
1.54226    
2.01764    
1.00256    
1.01880    
1.53259    
2.51144    
1.78148    
1.31990    
1.75485    
2.26706    
2.24139    
1.49641    
1.74710    
1.49295    
1.06790    
2.00256    
1.99873    
2.22832    
1.26521    
1.77649    
1.29030    
2.47297    
1.51701    
0.80953    
2.02895    
1.77593    
4.16416    
1.30667    
2.24757    
0.79568    
2.71318    
2.24194    
1.29017    
1.98851    
2.00161    
0.56591    
2.22814    
2.70781    
2.26963    
1.80629    
2.24117    
1.52630    
1.27568    
1.79927    
3.19357    
1.05959    
2.47481    
1.22355    
2.75556    
1.77255    
1.51461    
1.57404    
1.98472    
1.49386    
2.74350    
1.74659    
1.06223    
0.78650    
1.54998    
1.52171    
1.52916    
1.73021    
2.74509    
2.02674    
1.76773    
2.25937    
1.96785    
2.24717    
2.44487    
2.04249    
1.97704    
2.22939    
2.22614    
1.72826    
2.49691    
1.99597    
2.47682    
2.22881    
1.75250    
1.99221    
1.73950    
1.79232    
2.71038    
1.75629    
2.22206    
1.80591    
1.51556    
1.24541    
2.21797    
2.02687    
1.50601    
1.77118    
2.71861    
2.50212    
2.23027    
1.77506    
1.75156    
1.75155    
1.98499    
2.25509    
1.74371    
1.74304    
3.19379    
1.26756    
1.28561    
1.72674    
2.22863    
1.96972    
2.73734    
1.28243    
1.54812    
1.77665    
1.72509    
1.74771    
2.23721    
1.25835    
1.74420    
1.50912    
3.46394    
1.98512    
1.77843    
2.45321    
1.76843    
1.53266    
2.25075    
2.24573    
1.28957    
2.73939    
1.74948    
2.93560    
1.48636    
1.52397    
1.97985    
1.48046    
2.00661    
1.74091    
1.29296    
0.78571    
1.75973    
1.99187    
2.47902    
1.26395    
1.99512    
1.05088    
1.96757    
1.96759    
2.20956    
2.48072    
2.51152    
1.81038    
1.73367    
2.23909    
1.52220    
2.23610    
2.74702    
1.03582    
1.53178    
1.25730    
1.26074    
1.29271    
1.98975    
2.46684    
2.74403    
2.26452    
2.23826    
1.75470    
1.98826    
2.46801    
1.80106    
1.51566    
1.75446    
2.47118    
2.00858    
1.53854    
2.26879    
2.22236    
1.31678    
1.53421    
1.28047    
2.73256    
2.95934    
1.03704    
1.97932    
2.50922    
1.04229    
2.22897    
1.99942    
2.25814    
1.26774    
3.44881    
1.06545    
1.53673    
1.99341    
2.69122    
1.50839    
1.47775    
1.28685    
1.75727    
2.72421    
2.21043    
2.74513    
1.54279    
2.22602    
2.02539    
1.75804    
2.24064    
1.51372    
1.51211    
2.01076    
1.75290    
1.26822    
2.24352    
2.93052    
2.00505    
1.79688    
3.18202    
1.49833    
2.72994    
1.54188    
1.04329    
1.23902    
2.73004    
2.73250    
2.47233    
1.00843    
1.52443    
2.21267    
1.31166    
1.51357    
2.02871    
2.27842    
2.24604    
1.99341    
1.26186    
2.21673    
1.75955    
1.25986    
2.46237    
1.04221    
1.77902    
2.52378    
1.74058    
1.26240    
1.98035    
1.49331    
1.97097    
1.03243    
1.04626    
2.48063    
1.03649    
1.52071    
1.50040    
1.76343    
1.51406    
2.73664    
1.74961    
2.24166    
1.77408    
1.51541    
2.48847    
1.53776    
1.99954    
1.53482    
2.71440    
1.26174    
1.51187    
2.00503    
2.43689    
2.22731    
1.49113    
1.06475    
2.95773    
2.94846    
2.24724    
2.68034    
0.80981    
1.99819    
1.26216    
1.76150    
1.02561    
2.72100    
2.23469    
1.28615    
1.29274    
1.50657    
1.52658    
2.26883    
2.22337    
2.24920    
2.25604    
3.17967    
1.25213    
1.78889    
1.51517    
1.28400    
2.25728    
1.03059    
0.76702    
2.72374    
2.20820    
2.73346    
1.04215    
1.51205    
1.05128    
1.97915    
2.00772    
1.01481    
1.55038    
1.74948    
1.52100    
2.24960    
2.93029    
2.21895    
2.26841    
1.52302    
2.02833    
3.19898    
1.76754    
2.23505    
2.47016    
2.47420    
1.77328    
2.45962    
1.50781    
0.56820    
0.79649    
1.79755    
0.55733    
2.01374    
1.99733    
1.28448    
1.76690    
1.06337    
1.75549    
1.33990    
2.67697    
1.48189    
1.28152    
1.29394    
2.73044    
2.19975    
2.20910    
1.49924    
1.25462    
2.25583    
2.26041    
2.22648    
2.48861    
1.54262    
2.23791    
2.01651    
2.21638    
2.68629    
1.99612    
2.46055    
1.30626    
2.47343    
1.04873    
0.55416    
2.45396    
1.98611    
2.24686    
1.26048    
1.77037    
2.73264    
1.27448    
1.75343    
1.77720    
2.24016    
1.81578    
2.21940    
1.26878    
1.74493    
1.98976    
1.51766    
1.96571    
1.54417    
1.73883    
1.97586    
1.53387    
1.06828    
2.74552    
1.99403    
1.99331    
2.47977    
2.72708    
0.80521    
2.00089    
2.93917    
2.72591    
2.25000    
2.20567    
1.25412    
1.98354    
1.53353    
1.51922    
1.49606    
1.25127    
1.53584    
3.40734    
1.97621    
2.49838    
2.47617    
2.72273    
1.51797    
2.22337    
1.77853    
1.76858    
1.49137    
1.53211    
2.00837    
2.72607    
1.51993    
2.23057    
2.73427    
1.77133    
2.00315    
1.52052    
2.74111    
1.52413    
2.27596    
1.75266    
2.22930    
1.99035    
1.02103    
2.03746    
2.00404    
1.27318    
2.21977    
1.74711    
2.49019    
2.22177    
0.34377    
2.45234    
2.45561    
1.50782    
2.24501    
2.26314    
1.01958    
1.96796    
2.01652    
1.73444    
2.27926    
1.06277    
1.52552    
2.99017    
1.77441    
2.23558    
0.80247    
2.71200    
2.47355    
1.04303    
1.99204    
2.01151    
2.48582    
1.51504    
1.50276    
1.78356    
2.20492    
1.53121    
1.48769    
2.24980    
1.27223    
1.75154    
1.77590    
1.99958    
1.05045    
1.72074    
1.26971    
1.50555    
1.49801    
2.73108    
1.75381    
2.21097    
1.06304    
1.29543    
1.05114    
2.46176    
1.79222    
1.49886    
1.76391    
1.52167    
1.99799    
2.28224    
1.97107    
2.93373    
1.97815    
1.97322    
2.44170    
2.25566    
1.54508    
2.47555    
1.77094    
2.22131    
2.03238    
1.26161    
1.54977    
1.75159    
2.01808    
2.25981    
1.54268    
1.98478    
1.98017    
1.76333    
1.07338    
3.21017    
1.75948    
2.69889    
1.48858    
2.24948    
1.30523    
0.83152    
2.01936    
1.52222    
1.72647    
0.52771    
2.95970    
1.51993    
1.09616    
0.81356    
2.48970    
2.47683    
2.72356    
2.23365    
2.00034    
2.71546    
2.69419    
1.06635    
0.83168    
2.47068    
2.47010    
2.21343    
1.48750    
1.76563    
1.79373    
2.03492    
1.50594    
1.74463    
2.45448    
1.80320    
2.48355    
2.03028    
2.95881    
2.19820    
1.74408    
1.54046    
1.07019    
1.78241    
1.00845    
0.79734    
1.74317    
1.73019    
2.21913    
1.29546    
3.19424    
1.77000    
2.71704    
2.00265    
3.19953    
1.47160    
3.18022    
1.01823    
2.47783    
2.47732    
2.22041    
2.26564    
2.21932    
1.28401    
1.99457    
2.23746    
1.77327    
2.25443    
1.98016    
1.25351    
2.97367    
2.20914    
1.99175    
2.95681    
2.23318    
1.97577    
2.03600    
2.02531    
2.04073    
1.04192    
1.76869    
1.75979    
1.27164    
1.01449    
1.80002    
1.78048    
3.23711    
2.99525    
1.54694    
1.97610    
2.71122    
1.31940    
1.76140    
1.53613    
1.95737    
2.50998    
1.71707    
1.98389    
2.96188    
1.04660    
2.96785    
1.54168    
1.97611    
2.25680    
2.66416    
2.01600    
2.46696    
1.47081    
1.99671    
3.41146    
2.02353    
1.06644    
2.93578    
1.53770    
1.76163    
0.56340    
1.75264    
2.01912    
1.28379    
2.24764    
2.24833    
1.51911    
2.22609    
1.51501    
1.73684    
0.80994    
1.04076    
1.77319    
1.75499    
1.48497    
1.74594    
1.04086    
1.98352    
2.23860    
1.51078    
2.03143    
2.46394    
1.03098    
1.28187    
1.54231    
1.55990    
1.51000    
1.77062    
2.25733    
1.79618    
2.24718    
2.28533    
1.52827    
2.47337    
3.21403    
2.05176    
1.28434    
2.22443    
2.25653    
1.29774    
1.76673    
1.26387    
1.27426    
1.24650    
2.46096    
1.52593    
0.80943    
2.21725    
2.22229    
2.46345    
1.75033    
1.50874    
1.26804    
1.97049    
1.51584    
2.00267    
2.46009    
1.51437    
2.22572    
2.24869    
1.72106    
1.32029    
2.50652    
1.08236    
1.55712    
1.52730    
1.51273    
2.23253    
0.76433    
1.01894    
1.48119    
2.45748    
2.01178    
3.41888    
1.06086    
2.26199    
1.97313    
1.55610    
1.55201    
1.77428    
2.48094    
1.72355    
1.75022    
2.22736    
2.23795    
1.76866    
2.69007    
1.75634    
1.52035    
2.01857    
2.50175    
1.76070    
2.24025    
1.02191    
1.74634    
1.27618    
2.24574    
1.76462    
1.29669    
1.95903    
1.26159    
2.21906    
2.00361    
1.53789    
1.24558    
1.50823    
2.51121    
1.99908    
1.97848    
2.44743    
2.46687    
2.26412    
1.28394    
1.52255    
2.72684    
1.99091    
2.20797    
1.25377    
1.51024    
1.03702    
2.01265    
1.26193    
2.24321    
1.49301    
3.45003    
1.98996    
2.23611    
1.74809    
2.95738    
2.25749    
2.25970    
2.46112    
2.20032    
1.54948    
1.28501    
2.95605    
1.30362    
2.74614    
2.25279    
1.02277    
1.77721    
1.98830    
1.51511    
2.26085    
2.50758    
1.52586    
1.74463    
1.97054    
1.79503    
2.00506    
1.02042    
2.20920    
1.51617    
1.77063    
1.75178    
1.06794    
0.83481    
2.26864    
0.56814    
2.00061    
1.95356    
1.99313    
2.25497    
2.20724    
1.77185    
1.99774    
1.74667    
1.79528    
1.52191    
1.50001    
1.74804    
1.78290    
2.69325    
1.02480    
2.23514    
0.80050    
2.00197    
2.26181    
2.45465    
1.52897    
1.26110    
2.72345    
1.72601    
2.71246    
1.29251    
1.75105    
0.79817    
1.99821    
2.44026    
0.11333    
1.75925    
1.74136    
1.50665    
2.01171    
2.01977    
1.73724    
1.52862    
2.94415    
1.55153    
2.00227    
2.00174    
2.69535    
1.02363    
2.71504    
1.31376    
2.24519    
2.50446    
2.51427    
1.05120    
1.75104    
1.76639    
2.94586    
1.75859    
1.52664    
1.05119    
2.23340    
2.19662    
1.97670    
2.46855    
1.55043    
2.01111    
2.69900    
1.99794    
1.96910    
1.29274    
2.45250    
1.76659    
1.53963    
1.01704    
1.99885    
1.25795    
1.76231    
1.49252    
1.25555    
2.52608    
2.01197    
0.78424    
1.30296    
1.55949    
1.77469    
2.23443    
2.25305    
2.02568    
2.46109    
0.12330    
1.02034    
3.16023    
2.94542    
1.50639    
1.99590    
1.73740    
2.26314    
1.49554    
1.28173    
1.99861    
2.70157    
2.51550    
1.99130    
1.77500    
1.74857    
2.48344    
1.54373    
1.26586    
2.45559    
1.48586    
1.05623    
2.20849    
2.21317    
1.76701    
2.49055    
2.74130    
2.23882    
2.47965    
1.76931    
2.21741    
1.74307    
2.00858    
1.03566    
2.00649    
1.78768    
1.33614    
2.46257    
1.79632    
2.26286    
1.99432    
1.54028    
0.57303    
2.48064    
2.70871    
1.75101    
2.22099    
1.51751    
2.48122    
1.25959    
1.75152    
1.96850    
1.51985    
2.47703    
2.52145    
2.02008    
1.29123    
1.51150    
1.74486    
1.25631    
2.69375    
1.49924    
2.00018    
2.48416    
2.00029    
2.52010    
2.72038    
1.75131    
2.94617    
1.04229    
1.99793    
1.78467    
2.49776    
1.50246    
1.93724    
1.24602    
2.23598    
2.73848    
1.02676    
2.27093    
2.46834    
2.74323    
1.01130    
1.51932    
2.19364    
2.98837    
2.01341    
2.22873    
2.24850    
2.23006    
1.03984    
1.52938    
1.05864    
1.47707    
0.80005    
1.51687    
2.25395    
1.72399    
1.76856    
1.98436    
2.21344    
1.26987    
1.98096    
2.27294    
1.27506    
2.47058    
1.28918    
1.75489    
1.77484    
1.05027    
1.99632    
2.00048    
1.75702    
2.27756    
0.79333    
2.25852    
2.22755    
2.47833    
2.01529    
1.77095    
2.95807    
2.71147    
2.46286    
0.81158    
2.68677    
1.52201    
2.50473    
1.29615    
1.74414    
0.81489    
1.03113    
2.00194    
2.52160    
2.26519    
1.77311    
1.99200    
1.52894    
2.24433    
2.95048    
1.77369    
2.00117    
2.98806    
2.27665    
2.00911    
1.20985    
1.75366    
2.23090    
1.53241    
2.27868    
1.52781    
2.05083    
1.29114    
1.80617    
1.98970    
1.75450    
2.68310    
1.79538    
1.26172    
1.50188    
1.96471    
1.75549    
1.04601    
2.23308    
1.28086    
2.03611    
1.52946    
2.23979    
2.00710    
1.52822    
1.55192    
1.29391    
1.75456    
2.27072    
1.97580    
2.69522    
2.49932    
1.91126    
1.54768    
2.48235    
2.00017    
1.78403    
1.31093    
1.73258    
2.46269    
2.48806    
2.69932    
1.55721    
1.77134    
2.00068    
1.99283    
1.49994    
1.50672    
1.99542    
2.25699    
1.76033    
1.76929    
2.94945    
2.49232    
1.53825    
1.50501    
1.97316    
1.97118    
1.99502    
1.03305    
1.23082    
1.79195    
1.08018    
1.78565    
1.01312    
1.75899    
1.76075    
1.99946    
1.97943    
1.29464    
1.77050    
2.20231    
2.72727    
2.93689    
1.76446    
2.69788    
1.98242    
2.24428    
2.00877    
1.49577    
1.74069    
1.50169    
2.49341    
1.27288    
2.46188    
1.27158    
1.51472    
1.97513    
2.23611    
2.74500    
1.99674    
1.77056    
1.51890    
1.77823    
1.75627    
1.07313    
2.23787    
2.25414    
1.95553    
1.74167    
1.50979    
1.77487    
1.47802    
2.23564    
2.01568    
2.22557    
2.24733    
2.69656    
1.77536    
2.45746    
1.05373    
1.79392    
2.02310    
1.99378    
2.51617    
1.72969    
2.00844    
2.27383    
1.99711    
1.29106    
1.73239    
1.49381    
2.75150    
1.29181    
2.69699    
1.27330    
2.45551    
2.20110    
2.48966    
1.76228    
2.48350    
1.78534    
2.49754    
2.01645    
2.02533    
1.26629    
2.29453    
2.97291    
2.01113    
1.51914    
1.75626    
1.52215    
1.48638    
1.01733    
2.47577    
2.03867    
2.93086    
2.45277    
1.24054    
2.00813    
2.24130    
1.04507    
2.23937    
2.45238    
1.51769    
2.21384    
1.76189    
1.31650    
1.30506    
2.48150    
1.05566    
1.99898    
2.05037    
1.47879    
1.77809    
1.28436    
1.76592    
2.71332    
2.49974    
1.97766    
1.49543    
2.25222    
1.01051    
1.52344    
2.03277    
1.75898    
1.99874    
1.59321    
1.03588    
1.01946    
2.70972    
2.26350    
2.73505    
2.01645    
2.97316    
2.50257    
1.05777    
1.76955    
1.74399    
2.24000    
1.99014    
1.01959    
3.19030    
1.49961    
1.51478    
2.00108    
2.25031    
1.76210    
2.47329    
1.52872    
2.23231    
2.21684    
1.79901    
1.23110    
1.49879    
2.02196    
1.50581    
2.26126    
0.81487    
1.77677    
1.54965    
1.97688    
1.52897    
2.00553    
1.49598    
1.26911    
1.53183    
1.53129    
2.20869    
2.21814    
1.74582    
2.00119    
1.77893    
2.47348    
1.55486    
1.49829    
2.26130    
1.76908    
1.51486    
1.73235    
1.27466    
1.79380    
2.02663    
2.23127    
0.99316    
1.50489    
1.98388    
2.95640    
2.00851    
1.31311    
2.01324    
2.23968    
2.72579    
1.98559    
1.27827    
2.03055    
1.26288    
2.02628    
1.28936    
1.01827    
1.29274    
2.91250    
0.82263    
1.77679    
2.01486    
2.96038    
1.98791    
1.99837    
1.77115    
2.51086    
1.74348    
2.49244    
0.82558    
2.03836    
2.69976    
1.52372    
1.75410    
2.25982    
1.73937    
0.34861    
1.05928    
1.51490    
1.51852    
2.00456    
1.27062    
2.24114    
2.22437    
1.75958    
1.01136    
2.26008    
1.74655    
1.25030    
2.42350    
1.52435    
2.01513    
2.25563    
2.26279    
1.52992    
1.27066    
1.28820    
1.53251    
2.00818    
2.72352    
1.51998    
2.25508    
2.27328    
1.97339    
1.95035    
2.20646    
2.51142    
1.52412    
2.71212    
1.75341    
2.00731    
1.51437    
1.30453    
1.50973    
1.52896    
2.47081    
1.99730    
1.00972    
1.72692    
2.19387    
0.79708    
1.96501    
1.75066    
1.97113    
1.03640    
2.24091    
0.80667    
1.78417    
2.73224    
2.48533    
1.70466    
0.75419    
2.22495    
2.73081    
1.74047    
1.97277    
2.22000    
2.23242    
2.01845    
1.04446    
1.27880    
1.03099    
1.75725    
2.22430    
1.53696    
1.98675    
1.50158    
2.21981    
1.78337    
2.01988    
4.15918    
1.51017    
2.22119    
1.97831    
2.25041    
2.02759    
1.99919    
2.47128    
1.28012    
3.66586    
2.47726    
1.98785    
1.05202    
2.96170    
1.77552    
1.75579    
2.49840    
1.53653    
2.74977    
1.51240    
1.98276    
1.28078    
2.24883    
1.29790    
2.23262    
2.96402    
2.92669    
1.04812    
1.27161    
0.78166    
2.47511    
1.74136    
1.53230    
1.29998    
1.27339    
2.71904    
1.06172    
1.50272    
2.24240    
2.01667    
1.95684    
2.23622    
1.51421    
2.94893    
1.96553    
2.49088    
2.94972    
1.29001    
2.71807    
1.77887    
2.75519    
1.98173    
1.04678    
1.51545    
1.27730    
1.51444    
1.22308    
1.79391    
2.25458    
0.84541    
2.21027    
1.30478    
1.97146    
2.27305    
0.79278    
1.99692    
1.51344    
2.21925    
1.74409    
1.49816    
1.76976    
3.20219    
3.66046    
2.23090    
2.24669    
2.22386    
3.19677    
2.48272    
2.46811    
1.77245    
1.51948    
1.07042    
1.52603    
1.77107    
1.74337    
1.24669    
1.52959    
2.23717    
2.25192    
1.03440    
2.25582    
1.75540    
1.98680    
1.75002    
1.30527    
1.76327    
1.26907    
2.23363    
1.75926    
2.00027    
1.29279    
2.01697    
1.77527    
1.76050    
1.73877    
2.26278    
2.25265    
2.21848    
1.51726    
2.25360    
1.77522    
1.52807    
1.78452    
2.25408    
2.00122    
1.53876    
2.49284    
2.45645    
2.23751    
1.98547    
1.76045    
2.04636    
2.44026    
1.76529    
1.29184    
1.74688    
2.00099    
2.48152    
2.00506    
2.70112    
1.52148    
1.78962    
1.49116    
2.71544    
1.27558    
1.53197    
2.25089    
1.04856    
2.50375    
2.01597    
2.21705    
1.76726    
1.28375    
2.22650    
2.27623    
1.77607    
2.24299    
1.28765    
1.49541    
2.24742    
1.50692    
1.28189    
1.77952    
0.80114    
2.23947    
2.23478    
2.25046    
2.47914    
1.51917    
2.04443    
1.76462    
1.77694    
2.03318    
1.52203    
2.26668    
1.75632    
1.30776    
2.01244    
2.02140    
2.24270    
2.22378    
2.50821    
1.49875    
3.00155    
1.02987    
1.50921    
2.24356    
1.52121    
1.52638    
2.25092    
1.73748    
1.74636    
2.03742    
1.98992    
1.98358    
1.02904    
1.52151    
2.44966    
0.57645    
1.77877    
1.99758    
1.99141    
1.97239    
1.74190    
1.52831    
1.77086    
1.73471    
1.03332    
2.50844    
2.46338    
2.45836    
3.41779    
1.03701    
1.98554    
2.02713    
2.94667    
1.76260    
1.77867    
1.76046    
2.00445    
2.70681    
2.44513    
1.80084    
1.76099    
0.82099    
1.77383    
1.77312    
2.49008    
1.49274    
1.75743    
1.53046    
2.00756    
2.24326    
1.73177    
1.98580    
2.27984    
0.76424    
1.52248    
1.51161    
0.80361    
1.50044    
1.81197    
1.99113    
2.25478    
2.20095    
1.96451    
1.51505    
1.77359    
1.28778    
1.80077    
1.98560    
2.01980    
2.48851    
1.51795    
0.54517    
1.79547    
2.00628    
1.95847    
2.23094    
2.49294    
2.25409    
1.27764    
1.28457    
2.48531    
2.46284    
2.51488    
2.04297    
1.48626    
1.79662    
2.51408    
0.77948    
2.02122    
1.77749    
2.21420    
1.02519    
1.49981    
1.76543    
2.44582    
2.50433    
2.25061    
2.71000    
1.74547    
1.04516    
2.00591    
1.79544    
2.01885    
1.51514    
1.54320    
1.73563    
2.72728    
1.98854    
2.46924    
1.47754    
2.04467    
1.48654    
2.73532    
0.78841    
2.50553    
2.49438    
2.47412    
2.46274    
1.03359    
1.03320    
1.53342    
2.48559    
2.00738    
1.27353    
1.72015    
2.00186    
1.53453    
0.79354    
1.99467    
1.50528    
1.27177    
2.71872    
1.75834    
2.46681    
1.75669    
1.26751    
1.01770    
1.74748    
3.00057    
1.77170    
0.55015    
1.96369    
1.25128    
1.53053    
2.50311    
2.51279    
2.00775    
1.28685    
1.50600    
2.27027    
2.68654    
1.74237    
2.44230    
1.78232    
1.99582    
2.20648    
1.27236    
0.10498    
1.76722    
1.97661    
1.27306    
1.03214    
2.50451    
1.78286    
1.51610    
2.03110    
1.25868    
2.01890    
1.97060    
2.01935    
1.79901    
1.96234    
1.04863    
2.26575    
2.98442    
2.72563    
1.96167    
1.51203    
1.75734    
1.02164    
1.73968    
2.01901    
1.29374    
2.00338    
1.76313    
1.51032    
1.98133    
1.54072    
1.01911    
2.00161    
1.01681    
2.70252    
2.48575    
1.47705    
1.04437    
2.95105    
2.71040    
2.27020    
1.03327    
1.52801    
2.24667    
1.29715    
2.00359    
2.47388    
1.82334    
1.50916    
2.49009    
2.05705    
1.76886    
2.47976    
1.77288    
2.48510    
2.46794    
1.26682    
1.26395    
2.24390    
1.51642    
1.51833    
2.45894    
2.48153    
2.01725    
2.24549    
1.51852    
1.50107    
2.72020    
1.53308    
2.22131    
1.47391    
2.22933    
2.01397    
3.90516    
1.26888    
1.72982    
3.40206    
1.26969    
2.26083    
1.74492    
1.25943    
1.75969    
1.24835    
3.66688    
1.32313    
1.50611    
1.04545    
1.99770    
1.99298    
1.72280    
2.21550    
2.46444    
2.50025    
1.78476    
1.04701    
1.97393    
1.54536    
1.51691    
2.23979    
2.50171    
1.76612    
2.44599    
1.27399    
2.23600    
0.56463    
1.77042    
1.51678    
2.70950    
2.00343    
1.01343    
1.27021    
1.26877    
1.53052    
1.96312    
2.00122    
1.77805    
2.23572    
1.54289    
1.49556    
2.20786    
2.18675    
1.79011    
2.21305    
1.80479    
1.73838    
1.51122    
3.19861    
1.52054    
1.04153    
2.46342    
3.21565    
2.43174    
1.75479    
1.28532    
3.20721    
2.23568    
2.00893    
1.78795    
1.75990    
1.78385    
2.21913    
1.95996    
2.24645    
0.76637    
1.05335    
2.02614    
1.78821    
2.21946    
2.91690    
3.72876    
2.22919    
2.00496    
2.70652    
1.29146    
2.46264    
2.00295    
2.18495    
1.99081    
2.27110    
1.98671    
1.95962    
1.75714    
1.76702    
2.24566    
2.00353    
1.55826    
2.74255    
0.79534    
2.25360    
2.72029    
0.79794    
1.99159    
0.58383    
1.76073    
1.79247    
1.27046    
1.52132    
2.22544    
1.53329    
2.20163    
2.51561    
2.49197    
1.77835    
1.04199    
2.00448    
1.51771    
1.74214    
1.78229    
1.29763    
1.74980    
1.52630    
2.45556    
2.01508    
1.73486    
2.01005    
2.24100    
1.77099    
2.50600    
1.52270    
2.20477    
1.54467    
2.70646    
1.96081    
3.43809    
1.51387    
2.52368    
1.26105    
1.28766    
1.99432    
2.28465    
3.43957    
0.61287    
1.75690    
2.20945    
2.71984    
1.74647    
1.72776    
0.80404    
2.70724    
2.48664    
1.24424    
2.23600    
1.77465    
1.98286    
2.02946    
2.50932    
1.97832    
1.03661    
1.48182    
2.02893    
2.50309    
1.99712    
2.48259    
1.26668    
2.23083    
1.98968    
2.99702    
1.98265    
1.76745    
1.74385    
1.75875    
2.49737    
1.76621    
2.74340    
2.01192    
1.26372    
2.53085    
1.28601    
1.27105    
1.74635    
1.52517    
1.52531    
2.49850    
1.25312    
2.46774    
1.54692    
1.29506    
2.00383    
2.02191    
1.26879    
2.25493    
1.78282    
3.44822    
1.03830    
1.49530    
1.53136    
1.76543    
1.51454    
1.54516    
2.27541    
1.29045    
1.99685    
1.79061    
2.26981    
1.76374    
2.23079    
2.68782    
1.98501    
3.18550    
1.77724    
1.77476    
1.75808    
2.01069    
2.01494    
0.79956    
2.47245    
0.80988    
1.77285    
1.03903    
2.70359    
2.45035    
1.50330    
1.26184    
1.53762    
1.06515    
1.74547    
1.30211    
1.27048    
1.25528    
2.21540    
1.52079    
2.24545    
1.74455    
2.22438    
1.52125    
2.22631    
1.03783    
1.25513    
0.78364    
2.52584    
1.77167    
1.55776    
1.49362    
1.27257    
2.00378    
1.75210    
1.75829    
1.24917    
2.49677    
2.48432    
1.76800    
1.28130    
1.28908    
1.28794    
1.25385    
2.72940    
1.76515    
2.68895    
1.73455    
2.72150    
1.02503    
1.29150    
2.25412    
2.21337    
2.72310    
1.04887    
3.91428    
2.24158    
1.75407    
1.25247    
2.48427    
1.00217    
0.28190    
2.00935    
2.45585    
2.71827    
1.28775    
2.24224    
1.75230    
1.54093    
2.24245    
2.69871    
1.99688    
1.49806    
2.23633    
1.98818    
1.78799    
1.75351    
1.04487    
1.49300    
2.48480    
0.80703    
3.45156    
2.46878    
1.31758    
2.69795    
1.50128    
2.72165    
1.97695    
0.81319    
3.21962    
1.53362    
2.01813    
1.04886    
1.55051    
1.05131    
1.27146    
1.52826    
2.26083    
2.48114    
2.25514    
1.28819    
0.81797    
1.28648    
1.97835    
2.52402    
1.30856    
2.22515    
2.00223    
1.49872    
1.05195    
1.50084    
1.29982    
2.23347    
2.01306    
2.45001    
2.21621    
2.20587    
1.75921    
2.69866    
2.45105    
0.81202    
1.79482    
2.02226    
1.26368    
1.74267    
1.53489    
1.98978    
2.99797    
1.51295    
1.28043    
2.21576    
2.48214    
1.50922    
2.96948    
2.22587    
1.72899    
2.25717    
1.30143    
2.70030    
1.04615    
2.69221    
1.76021    
1.54546    
0.82624    
1.49115    
2.00869    
1.95969    
1.74726    
1.52464    
1.99707    
1.29462    
2.19665    
2.00067    
1.24317    
1.72135    
1.73819    
1.26540    
1.74917    
2.72324    
2.00805    
1.48653    
1.98755    
1.28734    
1.74572    
2.70170    
1.73711    
1.00678    
1.29244    
2.25408    
2.28452    
2.47467    
2.00956    
2.50494    
1.54305    
1.04546    
2.24650    
1.51697    
1.31040    
1.50985    
2.22527    
1.97794    
1.75096    
2.25615    
1.02787    
2.24496    
2.47566    
1.53270    
2.21859    
1.52996    
2.18400    
2.47821    
1.30075    
1.96763    
1.30295    
1.97969    
1.28444    
1.76516    
1.75548    
1.99821    
2.00171    
2.26004    
2.48245    
1.31275    
2.73755    
2.74297    
1.76777    
1.30957    
2.23771    
1.97699    
1.53652    
2.47965    
1.30143    
1.07457    
1.54558    
2.47702    
2.50821    
1.77578    
0.81116    
1.95916    
2.50761    
1.55858    
1.77440    
2.22877    
1.76007    
1.49486    
2.94165    
1.51575    
1.27056    
2.23522    
1.99067    
2.23353    
2.93562    
2.49989    
1.57882    
1.29043    
2.01517    
1.25532    
1.73445    
1.03798    
0.76827    
2.48650    
1.76786    
1.01158    
2.97731    
1.52251    
1.51274    
1.05204    
1.71992    
2.24247    
2.03872    
1.52737    
1.74637    
1.77768    
1.27033    
2.46056    
2.03811    
1.05465    
2.23136    
1.76355    
2.46350    
1.97595    
2.19947    
1.99295    
2.95038    
2.23713    
1.99484    
2.27123    
1.26370    
1.30372    
1.96211    
1.99453    
2.68728    
2.01159    
1.99197    
1.76428    
3.18761    
2.00175    
1.25697    
1.26010    
2.94110    
1.72976    
1.74537    
1.96195    
2.26105    
1.75580    
2.00237    
3.20513    
2.01615    
1.97847    
2.48300    
1.27240    
1.98595    
2.01106    
1.97403    
1.01453    
1.48018    
2.48544    
2.50771    
2.25313    
1.53121    
2.25498    
2.26000    
1.54106    
1.50747    
2.47400    
2.96415    
2.70671    
1.26294    
2.03096    
2.48525    
1.97296    
1.25936    
2.22146    
2.68264    
2.69650    
1.75519    
1.78084    
2.25183    
1.51225    
1.98776    
0.75990    
1.80257    
1.77208    
2.27841    
1.77838    
2.01604    
2.22262    
2.47777    
1.73760    
2.71652    
1.52467    
1.74311    
2.21940    
2.47942    
1.78068    
2.03309    
1.73535    
2.47389    
2.96367    
1.75028    
2.00683    
2.22656    
1.53546    
2.25208    
2.21165    
1.78238    
1.01521    
1.98490    
1.04253    
2.45922    
2.46594    
2.23830    
1.07115    
1.73009    
1.52949    
0.81316    
1.50626    
2.28651    
2.23138    
2.03216    
1.29068    
1.25762    
1.98461    
2.47015    
2.26510    
2.04097    
2.01171    
2.03327    
2.22680    
1.23396    
2.24018    
1.53386    
1.99712    
2.20303    
2.00094    
1.27360    
2.00157    
1.75951    
2.70743    
0.79234    
2.23584    
2.71146    
1.77229    
2.47322    
2.00603    
1.27583    
0.57553    
1.28723    
2.23731    
2.02040    
2.23787    
1.52739    
1.26905    
1.47626    
1.71783    
2.24905    
1.51521    
2.22436    
1.96208    
1.77668    
1.28007    
3.20494    
1.28688    
2.00830    
1.76756    
1.78193    
1.76988    
