0.06347    
1.88563    
0.95199    
2.35792    
1.98978    
-0.03970    
0.48092    
-0.09784    
-0.02308    
1.89542    
0.88774    
-0.07062    
-1.08754    
0.42014    
-0.90544    
2.89355    
3.84939    
-1.89336    
0.52946    
-2.78385    
1.88585    
2.41726    
0.43574    
1.92339    
-3.44427    
-2.42585    
0.88196    
-2.06492    
2.85985    
2.07588    
-0.94300    
-1.53639    
0.03485    
2.03427    
1.96803    
-2.02336    
3.38331    
-0.92498    
-0.47458    
-2.41325    
2.85061    
-0.01759    
1.10953    
1.61648    
0.38695    
0.87483    
1.41659    
-1.08231    
1.47520    
-0.96339    
0.04187    
1.46621    
0.06113    
0.49876    
-1.92038    
2.08295    
0.59639    
-1.86640    
-0.50943    
0.94746    
-0.04597    
1.88411    
1.95033    
0.89849    
1.01631    
-0.58885    
-1.04313    
-0.07012    
1.42886    
-1.98123    
1.87378    
1.00115    
-0.06179    
0.95724    
-1.92440    
1.94029    
1.03996    
0.96298    
1.92170    
-1.03157    
0.50599    
0.02765    
0.49090    
-1.85101    
-0.89690    
3.48540    
1.17967    
3.02013    
0.54048    
-2.40178    
3.57251    
-0.89423    
-1.00530    
2.84595    
1.96080    
1.90289    
0.54493    
0.87496    
-1.93330    
1.27212    
-1.96136    
2.59687    
0.05282    
2.35049    
1.41497    
0.05448    
-2.83520    
-0.60085    
2.39823    
-0.01696    
-1.83077    
0.94464    
-2.07900    
-1.27866    
-1.36463    
-0.02620    
0.95382    
0.52615    
-1.47951    
0.08184    
0.06563    
0.03133    
0.93146    
0.53689    
-0.03194    
2.94077    
1.04266    
-0.01688    
-0.00637    
1.86389    
-2.81195    
-0.07900    
-0.96748    
2.01851    
1.02238    
1.40941    
0.01492    
-3.00024    
2.04211    
-0.58462    
1.91970    
1.37164    
-0.07714    
0.97042    
-1.01791    
-0.35783    
-2.98733    
-1.55930    
0.96415    
0.98746    
1.52158    
2.93600    
3.90229    
0.48760    
-0.90018    
0.88877    
0.00492    
-1.59633    
1.07597    
3.86733    
3.99499    
0.47377    
-0.93178    
-1.05569    
1.92996    
1.91741    
0.90759    
-0.00241    
-0.08763    
2.81101    
-2.00411    
2.78613    
-1.79771    
0.85041    
1.95563    
0.51511    
1.96173    
0.36839    
-0.97575    
-0.48011    
1.87531    
-0.92672    
0.00525    
1.93285    
-1.39495    
1.88227    
-1.07034    
-3.39893    
0.99727    
-0.01436    
0.46334    
2.06306    
0.01744    
1.85426    
-2.88753    
0.08386    
2.79617    
2.05467    
-1.05259    
0.04365    
-0.94971    
2.42638    
-0.07308    
3.81796    
-0.09161    
1.04601    
1.83763    
2.82934    
1.81819    
-0.21753    
-0.42106    
-2.46817    
0.61930    
-0.64287    
2.47592    
-3.47683    
1.39096    
-0.06372    
0.96950    
-1.04555    
0.81721    
-1.35969    
-0.93881    
-0.06299    
2.06838    
0.00432    
-0.90035    
-0.16929    
0.48100    
0.55339    
-0.00013    
0.53496    
1.46156    
-1.93682    
1.95680    
-0.00640    
-1.49735    
3.03867    
-0.93044    
0.07628    
0.90264    
1.92457    
-0.97811    
2.34882    
1.82693    
-1.99891    
3.89001    
0.49623    
1.44561    
-0.91041    
0.84323    
1.87438    
1.92035    
-1.50878    
-0.51663    
0.94947    
1.02067    
0.44928    
0.56254    
1.03762    
1.52948    
0.41234    
0.06208    
-1.96616    
1.04077    
1.91483    
0.32574    
0.01026    
2.05544    
-0.07680    
1.05915    
0.39373    
0.03622    
0.48692    
-3.04350    
0.04550    
1.30048    
2.07798    
-0.33264    
0.05140    
-1.01821    
2.92227    
0.00785    
1.41206    
-0.01657    
0.48573    
-0.90764    
0.93990    
-0.97848    
2.92048    
0.51619    
-0.05876    
1.60431    
-0.01307    
2.05239    
1.03664    
-0.63468    
-0.01021    
-0.47870    
0.51808    
1.93213    
0.02635    
-1.00990    
0.98270    
1.97630    
-1.86061    
2.86721    
3.56740    
-0.06057    
-0.51325    
0.55204    
-0.89703    
0.02270    
0.42518    
-1.88300    
0.40821    
-1.95856    
3.52872    
0.99925    
-3.41189    
3.47385    
-0.04133    
1.43286    
0.88252    
-0.03140    
-1.44008    
-2.42396    
0.93778    
-0.03884    
0.85456    
-0.90210    
-0.98679    
2.04868    
0.05987    
2.76798    
2.33514    
-1.01652    
0.05908    
0.05107    
-0.01642    
0.91234    
0.57125    
1.84378    
-1.06915    
2.41853    
-0.49418    
0.45314    
0.44483    
-0.92308    
0.47331    
-0.91503    
0.94810    
0.95347    
1.08925    
-1.01096    
-0.00415    
1.01343    
-1.56969    
0.45181    
0.53635    
2.57582    
0.16662    
-0.43193    
0.92419    
1.37872    
0.99530    
1.09380    
0.05185    
-3.73580    
0.95427    
1.34861    
-1.44705    
-0.88600    
0.48579    
-2.87547    
2.02091    
-0.01447    
0.01264    
1.54118    
1.45330    
2.03912    
-0.04939    
-0.46787    
2.03020    
0.02871    
2.03789    
1.52771    
-0.95843    
0.84914    
5.71967    
-1.95026    
0.46730    
2.00358    
1.06272    
0.03399    
0.97035    
1.82085    
-0.00832    
-2.50644    
-1.45819    
0.10871    
1.38483    
0.07533    
0.97299    
0.89362    
1.87595    
-1.42654    
-0.00477    
-0.92881    
-1.05264    
1.39864    
1.48080    
1.91845    
-0.05957    
0.98552    
1.48644    
0.97090    
3.42372    
-2.10703    
1.06549    
-1.86881    
0.86766    
-1.88902    
0.99003    
1.53647    
1.16263    
-0.52959    
-0.00111    
1.00625    
0.95024    
-0.15769    
0.00207    
2.96030    
1.98506    
0.51708    
0.38989    
3.44252    
-3.88887    
0.48094    
1.97248    
1.34969    
1.46583    
2.01318    
-1.95492    
-0.01435    
1.99253    
1.04157    
1.00058    
-0.05578    
3.34049    
0.50688    
0.42988    
1.94964    
-1.01471    
1.54132    
2.01064    
-4.44873    
-0.48415    
-0.89954    
1.93754    
3.98288    
-1.81042    
-0.95286    
2.98250    
-0.04471    
0.50554    
-0.45170    
1.57292    
1.44646    
1.84899    
1.93501    
-2.02744    
1.52277    
0.90481    
-1.04867    
0.06225    
-0.02451    
-0.57999    
0.86770    
1.85933    
0.87540    
1.41480    
-0.96972    
-0.91048    
-0.98328    
1.84449    
-0.93574    
0.37651    
2.93888    
0.51600    
1.41549    
1.43206    
2.04591    
0.99788    
1.89823    
0.00369    
-0.01152    
2.98734    
-2.44937    
-1.08323    
1.51330    
-0.93904    
-0.18490    
-1.93695    
1.57819    
-0.14779    
1.90780    
1.85860    
-0.48168    
0.99123    
-0.39543    
1.91986    
1.88718    
2.09419    
2.45855    
1.87310    
1.10032    
1.95492    
-0.07805    
-1.03071    
1.31045    
0.93843    
0.96342    
-0.48057    
-0.04154    
-1.83688    
0.00959    
-1.03271    
3.37663    
-0.00642    
0.91548    
1.80781    
0.92811    
2.80763    
0.45945    
0.58957    
1.06642    
-0.98244    
-0.94434    
0.46780    
3.91404    
1.45680    
-0.90917    
-0.06754    
0.03469    
1.83470    
-0.02969    
-1.03025    
1.99107    
2.01127    
-0.87878    
2.89231    
-0.96456    
0.99419    
-0.45755    
1.84957    
1.91986    
1.44853    
0.55896    
-0.06051    
-1.10994    
-1.83242    
0.38502    
-0.47523    
2.01092    
0.00989    
-1.01189    
-0.05418    
1.35822    
-0.99505    
-1.07751    
0.97066    
0.18712    
-0.01495    
-1.54755    
0.08625    
0.91583    
1.05552    
2.97116    
0.03715    
1.99051    
0.89247    
0.06347    
0.45440    
-0.04075    
1.50886    
1.97105    
1.42209    
-0.81156    
-2.91793    
2.36443    
0.96436    
-0.20809    
-1.98529    
-0.06438    
1.96345    
0.56894    
2.48480    
1.34056    
1.88804    
0.92530    
2.64670    
1.34982    
-1.07532    
-0.01199    
-1.85523    
0.60891    
0.52932    
1.94709    
4.49425    
2.05666    
-0.83754    
-0.99434    
1.94370    
1.79756    
2.86095    
-0.35984    
-0.03081    
1.91498    
-0.57676    
2.12586    
-1.01516    
-0.98438    
0.89168    
0.92744    
-0.04590    
-1.37697    
2.01256    
0.83792    
0.89313    
2.88350    
1.89808    
1.98728    
0.58413    
-1.94217    
-0.13385    
0.88701    
0.89327    
0.09405    
0.97440    
0.41637    
0.91663    
0.52030    
2.47681    
-1.42385    
0.98766    
1.09693    
2.04571    
0.13914    
2.38760    
2.81985    
-0.06849    
1.78963    
-0.16528    
2.72673    
-0.99158    
1.54794    
1.52347    
-3.77859    
1.57533    
0.38838    
3.93728    
-0.17251    
2.88291    
0.89821    
-1.11323    
1.94103    
0.47143    
-2.49886    
1.93982    
-0.01685    
0.52805    
1.43493    
-1.04334    
-0.12352    
0.90792    
-1.00563    
-0.52271    
1.97655    
-2.47166    
1.87958    
0.94296    
-1.53123    
2.92812    
-1.04821    
0.95829    
2.07101    
1.99097    
1.44906    
0.07274    
-1.84121    
-0.48789    
0.38314    
0.08301    
-0.14443    
2.76851    
0.06298    
1.11359    
-1.45009    
1.04102    
1.98183    
-1.96056    
0.42697    
-2.87973    
-0.96663    
1.88454    
1.93221    
0.96595    
0.98990    
0.98327    
1.46717    
2.90907    
-1.55587    
0.50351    
0.94676    
2.42520    
1.56147    
0.86178    
-1.89467    
-1.38084    
-0.60545    
0.49582    
1.53528    
-0.51340    
1.39832    
0.04553    
0.02169    
0.93567    
0.03785    
-0.51171    
1.08531    
-0.05076    
2.44752    
-0.02714    
1.29287    
0.38246    
-0.44525    
-0.07682    
1.24562    
0.96735    
1.95824    
0.03119    
1.46078    
0.40096    
3.26431    
2.44963    
0.45992    
0.52760    
2.95388    
0.97679    
1.96603    
2.49272    
0.81705    
0.51977    
-0.53438    
0.91946    
-0.94118    
-0.51354    
2.84240    
1.89720    
0.33923    
-0.03948    
-1.54767    
2.87551    
0.06737    
0.44534    
-1.51784    
1.88543    
4.02435    
0.98649    
1.43532    
1.96668    
-0.95289    
0.45357    
-3.46085    
0.50245    
0.10459    
0.56416    
-0.03259    
-0.05650    
-1.01080    
3.32318    
-0.08986    
1.02232    
2.82803    
-0.36950    
-3.76854    
-0.06503    
1.89357    
1.31911    
-0.82749    
0.31207    
2.50487    
1.92886    
0.88865    
2.03282    
1.80041    
1.38377    
0.44512    
-0.34056    
1.00704    
2.82288    
1.99044    
0.96703    
0.97341    
-0.85087    
1.87080    
0.92282    
-0.12569    
-1.04260    
-2.40338    
1.26378    
1.96006    
-0.58689    
0.46111    
1.43066    
0.03386    
-0.95933    
0.78081    
-0.59736    
-3.02910    
-0.97209    
1.60441    
3.86367    
0.06044    
0.09074    
1.87887    
-0.95195    
1.81930    
2.41234    
-1.76321    
1.92866    
2.49097    
-1.52428    
2.43374    
-0.09796    
2.93979    
0.95062    
0.50681    
-0.52650    
-0.00146    
2.37416    
0.86782    
2.93906    
-0.95320    
2.35233    
-1.79323    
2.39909    
-2.93486    
-0.01242    
1.94363    
0.96503    
1.94493    
0.94428    
-0.04880    
3.89246    
-0.87635    
0.05582    
0.97417    
-0.99115    
2.81507    
0.94386    
1.96287    
1.86603    
0.58518    
-0.37584    
0.33108    
0.93271    
1.30409    
1.53718    
4.29206    
0.46252    
-2.03892    
-0.94754    
2.48085    
-1.43182    
2.01006    
0.96682    
1.02953    
-0.05639    
3.85595    
-0.98373    
1.82403    
-0.01870    
1.86317    
-2.01456    
1.92868    
1.03153    
1.47133    
0.87540    
1.90248    
0.93526    
1.80914    
0.08575    
0.96700    
-1.02233    
-0.42443    
1.01950    
-1.01843    
2.83700    
0.01802    
-1.86900    
-2.84922    
-0.44600    
-0.05148    
1.53142    
0.03126    
1.93473    
-0.91723    
-0.38389    
-1.79867    
2.50511    
3.42644    
-0.03314    
-1.54564    
-0.95738    
0.87036    
-0.05549    
0.51899    
-1.91346    
3.34461    
-0.07059    
0.88276    
0.86238    
0.00742    
-0.91530    
-2.03549    
2.49667    
0.85102    
4.34159    
-0.07358    
-0.11336    
3.94417    
-0.53389    
-3.31095    
0.92560    
0.05795    
-0.53176    
-1.00032    
2.88692    
-0.91181    
1.83968    
3.41272    
0.99319    
2.36550    
2.01513    
0.92157    
1.54873    
0.46259    
3.40794    
-0.47211    
1.32327    
0.00162    
0.37787    
-1.09634    
2.83439    
-0.05330    
-1.80730    
1.98261    
0.53245    
0.96676    
0.95243    
-2.50183    
3.81278    
-0.36981    
0.09140    
-0.09598    
0.99334    
-2.04339    
-0.89285    
0.00961    
-1.82854    
0.95619    
0.99921    
0.91814    
0.95125    
-0.02834    
1.47877    
0.49751    
1.84521    
0.48152    
-0.95573    
-1.50192    
1.03336    
-0.52935    
1.01096    
0.92557    
0.52368    
0.40544    
1.79852    
0.00399    
-1.81347    
0.47879    
0.03573    
1.92516    
0.40114    
2.97963    
2.42478    
0.93133    
1.87981    
3.01914    
-1.46465    
1.04627    
-0.03811    
-0.66354    
0.96316    
0.81906    
-1.90848    
1.97182    
1.02969    
-0.03038    
-0.46046    
-0.07879    
-0.03238    
-0.02700    
2.90553    
-0.47829    
-0.42218    
2.43402    
0.00639    
1.40313    
0.53408    
-1.87115    
-1.09533    
1.97450    
2.01404    
0.57978    
2.86703    
1.45906    
-2.43299    
-0.08188    
3.96411    
-0.01387    
0.01149    
1.91610    
0.08166    
-0.33525    
0.16508    
-2.00857    
-3.26791    
3.38157    
0.97106    
-1.95865    
-1.61887    
-0.48222    
1.97554    
0.40585    
-0.52712    
-0.05838    
1.08937    
-0.97229    
1.93261    
2.88653    
0.94506    
1.91796    
-0.42417    
2.91611    
0.48033    
-2.13589    
-1.01883    
-0.05522    
0.53348    
-0.89623    
-2.08160    
0.90217    
2.99012    
0.92827    
0.46029    
1.50867    
-1.01666    
-0.98957    
-0.15501    
0.93050    
1.88420    
3.41345    
-0.01466    
-0.01751    
1.00903    
-1.83870    
-0.02798    
-1.93105    
-0.40367    
0.92402    
0.03436    
-0.61951    
2.08799    
0.04519    
1.01672    
-0.04391    
0.08354    
1.94964    
2.43942    
-0.13568    
1.54046    
2.57992    
1.03796    
1.03750    
2.33509    
0.07792    
1.48791    
4.88345    
1.01047    
0.94406    
1.87821    
1.00948    
0.92412    
0.92707    
0.95408    
0.99994    
0.60398    
2.53785    
1.01640    
0.01750    
-4.34537    
4.11911    
-0.91150    
-0.95917    
3.41667    
0.52858    
0.47750    
-1.94794    
2.93001    
2.02873    
-0.04155    
0.50975    
1.55229    
0.90628    
1.94702    
2.93239    
-1.95954    
2.75595    
-2.30102    
1.91071    
0.53676    
1.02798    
4.02937    
-0.39102    
1.52635    
-0.15627    
1.58936    
2.36646    
1.84081    
-2.47577    
3.30922    
-0.96689    
2.43227    
-2.01199    
1.45518    
1.11383    
1.03587    
-0.03935    
1.10385    
-0.10333    
0.45278    
-1.14075    
0.99212    
0.39059    
-0.10463    
-1.90331    
0.84851    
-0.55954    
1.92774    
0.50371    
-0.06480    
0.84932    
1.43411    
1.08317    
-0.95744    
-2.90576    
-1.85054    
-0.47854    
0.62153    
-3.57160    
-0.48150    
1.94506    
0.51813    
0.92949    
-1.02834    
-0.42445    
2.05814    
1.06450    
0.95338    
0.47835    
-1.82693    
0.01549    
1.01138    
-2.44429    
1.85507    
3.03893    
1.85996    
-0.01643    
-2.42320    
2.02492    
2.00124    
-1.79569    
3.30812    
-0.03369    
0.91961    
3.01252    
1.43165    
1.44930    
-0.37284    
1.37262    
0.92454    
-0.40675    
0.54885    
0.41160    
2.08660    
-2.82504    
0.16119    
0.06526    
0.92453    
0.04010    
0.96366    
1.38112    
-0.96772    
0.84536    
1.00864    
1.42680    
0.54742    
2.86283    
0.54742    
3.84063    
1.86734    
-0.93253    
-0.16038    
1.16228    
1.44848    
-0.47625    
1.47275    
-0.46724    
2.00635    
-1.00323    
0.88941    
0.94753    
0.04837    
-0.88968    
2.92440    
0.98517    
-0.93639    
-0.08652    
1.88786    
0.60276    
0.86701    
5.78010    
-0.97313    
2.89264    
1.96945    
2.14192    
2.47684    
1.91279    
0.36333    
1.74569    
-0.45964    
-2.00110    
2.45577    
0.93121    
0.61583    
-0.98026    
1.00165    
-1.37198    
1.01499    
0.98418    
-0.47854    
0.99142    
2.04562    
3.83951    
2.45684    
0.94165    
0.96368    
-0.97848    
1.90744    
1.26715    
1.96214    
-1.00753    
3.84982    
-0.07390    
0.41709    
0.06992    
-2.01664    
0.56886    
-2.39676    
-1.51780    
-2.83991    
-0.93152    
0.43090    
1.02796    
-1.00405    
1.86344    
-1.96451    
1.01567    
2.28132    
0.94342    
-0.87377    
0.40034    
1.32966    
1.93975    
-1.03602    
1.84377    
0.64392    
-0.09871    
3.03588    
0.83366    
-1.43543    
-1.93140    
2.49513    
1.05764    
-1.53360    
-0.95848    
-0.00785    
-1.47889    
0.95405    
0.51701    
0.40155    
-0.49560    
-0.46586    
-0.51564    
-3.86065    
0.93702    
-0.99585    
-0.97653    
1.51145    
0.94070    
1.52694    
-0.13037    
0.96523    
0.02818    
1.49523    
0.39793    
0.50482    
-0.50558    
0.07529    
2.35798    
0.48686    
0.02016    
1.12470    
3.88391    
0.92661    
0.46141    
-2.31687    
0.80541    
1.95518    
-0.04119    
-0.98915    
0.48725    
2.06013    
2.38310    
-1.81847    
1.78104    
3.30059    
3.01250    
0.45387    
0.99665    
0.67954    
-0.09433    
-1.39931    
-0.94888    
0.93929    
-1.01627    
1.46516    
0.91616    
0.88231    
0.96842    
0.92153    
-0.02619    
-0.96066    
1.53104    
-0.18833    
0.02872    
-1.96044    
-1.89579    
0.48076    
-0.01936    
-0.96629    
1.98885    
-0.38756    
2.47700    
2.50826    
1.01036    
2.92783    
-0.03796    
-0.20485    
1.56033    
0.40939    
0.54535    
-0.96684    
-1.05088    
2.07888    
-2.06329    
2.46706    
0.10821    
-1.92756    
-0.00642    
2.92682    
0.03456    
1.39952    
2.88687    
-0.57260    
-2.00004    
-0.56124    
-1.91348    
0.85981    
0.98668    
1.01274    
0.95593    
-2.02843    
0.95056    
0.94082    
-0.02394    
-1.06746    
1.78225    
0.54340    
0.79011    
0.98046    
-0.00283    
-1.92600    
0.16616    
-2.50613    
-1.86718    
-2.11208    
-0.07850    
2.41307    
2.42949    
-1.98449    
0.39744    
-1.03878    
2.44650    
2.47248    
0.98100    
0.16965    
1.87225    
0.42075    
0.89791    
0.53109    
0.45771    
-0.14891    
0.94990    
0.89540    
2.85234    
-0.05262    
-1.39430    
1.86411    
1.91915    
-0.65001    
-0.48631    
0.03348    
1.92842    
0.53429    
1.31442    
-0.84583    
0.93978    
1.48037    
1.15442    
1.85255    
0.05283    
1.39866    
1.62165    
1.42845    
2.89513    
2.37481    
-0.06599    
1.98103    
2.01799    
2.00535    
-1.97062    
-1.35048    
-2.52398    
0.91768    
0.05404    
0.97669    
1.03572    
0.04168    
-1.41539    
-1.96123    
2.85407    
1.03087    
3.04163    
-0.60192    
0.51277    
-0.96498    
1.02190    
2.74668    
0.04316    
1.51815    
1.96050    
-0.08692    
1.90970    
2.06310    
0.62491    
0.56103    
1.32259    
-0.99725    
0.98983    
-0.49474    
3.01371    
0.98366    
-1.88386    
2.49909    
-1.97812    
1.04458    
-0.03800    
-0.87397    
1.90699    
-2.38439    
-2.43668    
0.07132    
-0.09467    
-0.08639    
1.00037    
2.06879    
2.06549    
-1.01185    
0.52090    
1.40591    
-0.91375    
-0.49218    
-0.96641    
0.99341    
-0.02558    
1.89530    
-0.04628    
2.90455    
0.50617    
0.73570    
-0.49979    
0.96200    
1.87323    
1.87201    
0.85358    
1.80215    
-2.44803    
-0.00176    
1.86239    
-0.12912    
-2.04013    
1.06102    
1.91405    
-0.03706    
0.95126    
1.48940    
0.43687    
-0.60599    
-1.07038    
-1.03359    
2.87145    
1.52548    
2.84321    
0.04538    
-5.69083    
-2.47332    
-0.01145    
1.39411    
1.91685    
-0.93442    
-0.49762    
-0.50067    
2.09088    
-2.35353    
2.00579    
0.46628    
3.40004    
-0.01464    
3.89363    
-0.57281    
-0.47810    
0.57938    
-1.91770    
3.04807    
-0.00056    
-0.99995    
0.07948    
0.88820    
2.90471    
-2.32837    
2.87452    
-0.46844    
0.09368    
-1.10028    
0.07058    
-2.39543    
-0.48696    
0.97870    
-3.02639    
0.08895    
0.03901    
2.47056    
0.44150    
-1.49761    
1.40743    
0.41342    
1.06175    
0.85036    
1.05571    
0.83441    
0.93872    
-1.02842    
-0.83146    
1.47678    
1.93917    
1.97032    
-0.01547    
-0.55926    
-3.84837    
2.49326    
-1.91712    
-1.79810    
-0.98858    
1.40005    
-0.48112    
1.03840    
0.08245    
-0.07005    
-0.44062    
1.85480    
2.51390    
-0.01029    
0.09953    
-0.47351    
1.42505    
-1.85874    
0.95831    
1.92132    
2.73246    
0.86665    
1.44067    
-0.52781    
-1.02106    
1.38421    
-2.46632    
2.39159    
0.00446    
1.98914    
-0.89632    
0.51977    
0.15379    
1.39688    
0.91814    
1.08426    
1.50173    
1.92112    
-1.00530    
-2.47484    
2.11917    
0.96302    
-0.48689    
1.01278    
1.91901    
0.91170    
1.01026    
0.02272    
0.01833    
-2.91710    
-0.92624    
1.91710    
-1.95969    
-1.90524    
-0.10949    
-0.86395    
-2.83574    
-0.05683    
-0.92010    
-1.97054    
1.95992    
-0.91889    
2.83800    
0.05298    
1.99481    
0.98494    
2.89797    
1.02766    
1.00985    
0.05306    
1.32766    
-0.54199    
1.91048    
-0.47094    
0.07386    
0.07608    
1.04108    
1.44572    
2.44483    
-0.08836    
0.99297    
-2.99462    
1.48777    
0.92573    
1.78724    
0.93180    
0.99293    
-0.97959    
-0.03751    
-0.46716    
-0.14079    
-0.92147    
1.48731    
0.44890    
-0.00525    
0.44493    
1.85318    
2.91666    
1.86299    
0.43339    
0.92605    
0.03958    
0.08306    
-0.49836    
0.52065    
1.82202    
2.05430    
-1.05836    
-0.46245    
0.39127    
0.79075    
0.48380    
0.53112    
0.51321    
0.89066    
1.46780    
2.01708    
-1.57140    
2.83253    
1.98861    
-0.99816    
3.02909    
-2.37379    
-1.99235    
0.52913    
-1.41279    
0.91771    
2.39406    
1.06442    
0.00056    
-0.78662    
-1.39619    
-0.97175    
1.86397    
2.94493    
0.40645    
0.79124    
-1.87241    
0.03062    
0.10898    
2.93440    
-0.02298    
-0.97096    
-1.00038    
0.99366    
-1.60672    
2.03385    
-0.99722    
0.93661    
-1.01713    
1.88284    
-1.48021    
1.94273    
-1.02460    
0.45510    
2.37731    
1.52414    
0.92796    
0.42289    
2.51590    
0.92990    
-0.39655    
-0.83068    
-0.97396    
-0.01423    
0.96250    
2.54639    
1.93439    
0.88967    
-0.57769    
1.99062    
-0.97120    
1.97943    
-1.91823    
-1.91060    
0.86524    
1.95645    
1.05291    
-2.84424    
-1.91054    
-0.04792    
0.55550    
2.03197    
-0.01560    
2.40212    
3.46448    
0.08475    
-0.92029    
-2.35691    
1.03640    
1.28421    
-2.87810    
-0.60532    
-3.30454    
1.87683    
-0.02328    
-0.49357    
1.03360    
-0.51667    
2.83177    
-1.85182    
-0.93627    
2.40494    
1.03755    
-1.33900    
2.87945    
0.05893    
0.93326    
0.96044    
-0.00578    
1.51259    
0.91717    
-1.35315    
0.43734    
2.79542    
2.81592    
-0.93018    
1.95798    
0.85501    
1.01269    
0.97957    
0.08018    
3.95215    
-1.66064    
-0.07842    
-0.05502    
0.49178    
-5.90121    
2.89583    
1.16591    
1.48797    
-0.55557    
-0.52449    
2.82858    
2.81403    
-1.83545    
1.86709    
-0.38553    
1.38705    
0.98394    
1.97788    
0.87608    
1.45225    
-1.06512    
-0.42869    
1.89358    
0.97007    
-0.12233    
-0.42002    
1.93254    
-0.51203    
4.32570    
0.29621    
0.01720    
1.03410    
0.97621    
1.19448    
-0.05456    
0.44235    
0.85623    
1.98031    
0.90683    
0.55433    
0.98662    
-0.08204    
-3.30158    
0.97883    
-0.04864    
3.42592    
0.95745    
-1.00544    
1.85814    
2.08634    
-0.87255    
0.52185    
0.91192    
-1.00909    
0.05998    
-0.96678    
1.00362    
-0.05538    
1.49306    
0.94729    
-0.14975    
1.49283    
0.91094    
-3.31465    
1.90718    
1.00300    
-2.32765    
2.07966    
0.53023    
1.89751    
-0.49851    
2.53539    
2.38256    
-2.96198    
-1.39946    
0.97895    
1.05538    
-0.85635    
-0.98680    
1.04597    
-1.98622    
-0.45193    
1.05919    
0.39975    
-0.03476    
-0.12517    
0.03938    
-0.08699    
-0.02137    
2.44201    
-1.95321    
1.09961    
0.45412    
0.49206    
1.03122    
-0.13751    
0.90515    
1.07431    
0.91572    
1.46111    
0.95920    
1.39946    
1.49514    
-0.57392    
-0.04661    
-0.94851    
0.01091    
1.94839    
1.00445    
-0.02631    
-1.10347    
-0.92610    
-1.47177    
-0.93794    
2.89011    
0.92049    
2.69548    
-0.01210    
2.05090    
-1.04837    
-1.09287    
-3.38868    
-0.06009    
1.00703    
0.83478    
-3.90992    
-0.45317    
-0.07705    
0.46304    
1.52752    
0.91936    
-1.03427    
2.35527    
1.40016    
1.91778    
-0.05754    
1.99231    
-1.82261    
0.02218    
-2.83331    
1.89775    
-0.58180    
1.03113    
-0.01861    
0.03863    
-1.87991    
1.98414    
0.99816    
1.93217    
0.07900    
2.87699    
-0.90736    
-1.03730    
-0.66091    
2.42858    
2.93505    
2.03872    
0.93189    
-0.94847    
-0.45508    
1.90609    
0.53449    
3.42402    
1.86823    
0.39658    
-2.06248    
0.33139    
-2.40306    
0.92480    
-0.92360    
0.12528    
-0.93188    
-0.97220    
-1.82775    
0.94798    
0.87003    
-0.02369    
0.11034    
-0.03529    
-0.89507    
0.45248    
-0.04472    
-0.00590    
-0.99171    
0.52160    
0.03055    
2.89451    
-2.96446    
0.40725    
0.44153    
1.87142    
0.89116    
0.12956    
0.15823    
-0.64080    
-1.89938    
0.59364    
0.91845    
-0.05525    
1.00714    
0.48510    
0.97794    
-1.92231    
-1.37176    
2.86608    
0.13052    
-0.02687    
-0.54464    
1.33661    
-0.96721    
0.16636    
-0.13867    
1.47112    
1.97866    
2.95902    
1.15823    
0.92497    
-0.18112    
0.54910    
-0.95797    
0.48061    
1.49697    
-1.46215    
-0.55444    
0.79463    
-1.16628    
-0.50571    
-0.89782    
1.00610    
-0.85721    
-2.93322    
-0.01164    
0.51774    
1.53774    
-1.47684    
1.95801    
1.89450    
-1.03403    
0.47592    
-1.95969    
0.07694    
0.97201    
3.36013    
0.05363    
2.17319    
0.97207    
-2.03210    
-2.33236    
1.69472    
0.94143    
-0.52302    
1.94323    
1.12582    
1.91903    
1.00227    
3.04848    
-2.45332    
0.13390    
0.08261    
1.84255    
2.40464    
0.90622    
1.96835    
0.94241    
-0.01958    
-0.45442    
1.93532    
1.99943    
-1.84145    
-1.06753    
-0.91388    
-0.50559    
1.50805    
1.81684    
-2.87436    
-0.88431    
2.67826    
1.43894    
1.92146    
3.88255    
1.43219    
-0.00770    
1.41662    
2.84762    
2.00986    
0.94269    
-2.01325    
-2.95781    
1.99989    
-0.93089    
-0.04525    
-0.04038    
0.01250    
0.53057    
1.95869    
-2.03311    
-3.09037    
1.94107    
1.82927    
0.99247    
-2.41036    
1.44805    
0.95105    
1.06928    
-0.08827    
0.41595    
1.41884    
0.50787    
-0.08855    
-0.40481    
0.04312    
1.41207    
0.49672    
0.05233    
0.92354    
2.03260    
2.93262    
-0.02672    
1.88877    
2.93150    
0.84948    
0.01250    
2.89709    
1.98732    
-2.94903    
-0.08801    
-2.80286    
0.08458    
0.91064    
-0.46301    
0.50210    
0.60163    
-0.53137    
-0.51787    
1.02602    
2.90049    
1.12691    
0.91588    
2.01062    
0.74798    
-0.43992    
2.49449    
3.81221    
1.06824    
0.90533    
1.25734    
1.13688    
-1.95067    
0.00929    
0.49430    
0.87202    
0.47778    
1.48850    
0.84399    
-0.96477    
1.98362    
-1.09545    
3.44618    
2.00436    
0.00068    
-0.93115    
-0.36836    
0.06077    
-0.01947    
0.52494    
2.89611    
1.79113    
3.48018    
-1.90010    
-0.93053    
-1.54073    
0.94069    
1.45347    
1.48429    
-0.43491    
-1.08961    
-1.13030    
0.95723    
1.77427    
-1.59920    
-0.96526    
-0.42459    
0.99486    
1.37731    
-2.04409    
1.86005    
-0.94614    
1.93896    
1.45947    
-1.49889    
1.83112    
2.83017    
1.03223    
0.98294    
0.10662    
0.04426    
3.00712    
1.08303    
0.08489    
0.94787    
-0.03798    
-0.03926    
1.99364    
1.98135    
0.54291    
2.00866    
1.46526    
0.42839    
1.03540    
0.92416    
1.51868    
0.95228    
0.00692    
0.92440    
-2.04602    
0.99649    
0.91323    
-2.00495    
0.46182    
0.08969    
-1.96624    
1.41925    
0.56268    
2.03814    
0.09732    
0.37877    
-1.90580    
1.11552    
2.03724    
-0.52240    
-1.10427    
1.07538    
-0.93567    
-1.06576    
1.08412    
-1.55086    
0.09740    
-1.05632    
-0.47579    
2.40262    
0.98241    
1.06173    
-1.85219    
-0.52216    
-2.06658    
0.06417    
-0.95821    
0.92442    
-0.00682    
-0.82256    
1.83527    
2.47336    
0.41033    
1.01906    
1.80763    
0.88528    
1.89953    
-0.03993    
-1.89364    
3.88785    
1.04028    
2.96893    
2.05716    
-1.81992    
0.02577    
4.69581    
1.94572    
0.00560    
0.98851    
-0.04500    
2.40814    
-0.00769    
1.02288    
0.96288    
-1.94169    
1.51884    
2.56212    
-1.51521    
2.05516    
0.01464    
-1.57556    
0.47794    
1.84524    
-0.19567    
-1.00157    
-1.00197    
3.42320    
-1.90530    
1.04145    
-0.09539    
-0.94547    
1.97051    
0.07535    
1.08760    
-0.56211    
0.03335    
0.99224    
-3.05467    
0.47393    
-1.90658    
1.49689    
-0.16581    
0.97487    
1.85848    
0.91972    
-2.88884    
-0.82421    
1.12598    
-0.01518    
0.98636    
0.10404    
1.93482    
-1.44362    
0.06532    
-1.89646    
2.46368    
1.31736    
1.00927    
0.01279    
-0.62933    
0.96648    
1.43367    
-0.94940    
-0.08588    
1.15920    
0.01704    
0.96339    
4.03022    
-0.45830    
-1.99523    
-1.96631    
2.01894    
-3.75906    
-0.08263    
-0.07214    
1.80938    
1.47749    
-0.08319    
2.84012    
-1.86392    
2.87459    
1.50428    
2.43273    
0.51597    
2.95923    
0.11011    
0.94635    
1.86478    
1.11421    
0.90623    
-1.85838    
0.02691    
-0.04993    
0.95093    
-0.00801    
1.83564    
0.01718    
2.94868    
-0.01936    
-0.56135    
-0.37069    
0.99223    
0.92931    
-1.91567    
-1.05915    
0.07205    
1.26516    
1.59010    
-0.46112    
-0.06045    
1.52372    
0.34590    
0.95685    
-0.12995    
1.43832    
-0.03620    
-0.92474    
1.96516    
2.98657    
1.40049    
1.98092    
1.02014    
1.05537    
1.90575    
1.03256    
0.98347    
-0.07361    
-0.95791    
1.42954    
-2.42205    
2.02448    
1.90655    
-0.93699    
-0.92722    
0.33072    
-2.09025    
-0.01529    
0.93886    
2.63986    
-5.79289    
-1.51672    
2.88741    
-2.42002    
-2.88564    
0.94162    
0.98550    
-1.95200    
2.92811    
-2.44857    
-0.51145    
2.37363    
2.89553    
-0.07163    
0.50887    
3.97414    
1.42100    
-2.04553    
-0.58426    
2.95217    
1.42832    
1.97667    
-0.14813    
-1.95575    
2.41741    
-0.55608    
2.92252    
0.48851    
2.24381    
0.09165    
-0.03506    
-1.47866    
2.11280    
1.06709    
1.90162    
-0.02569    
2.89425    
-0.02771    
-0.93765    
-0.12236    
0.10563    
0.47201    
-1.53738    
0.97066    
0.07406    
2.50904    
-0.50679    
1.97637    
2.32087    
-3.41117    
-3.77865    
-1.98607    
2.46582    
-0.48503    
0.96278    
-0.45955    
0.02819    
-0.04572    
-0.85817    
3.44048    
1.94994    
-0.39293    
1.44472    
0.01749    
1.96103    
1.86056    
1.86759    
3.33406    
-0.88643    
0.63339    
3.06046    
-0.00678    
-0.96284    
-1.06719    
3.01739    
1.90438    
2.93779    
-0.12037    
-0.62016    
-1.27386    
1.02183    
-1.92527    
1.49690    
-0.05040    
-1.82684    
-0.94238    
2.46999    
0.93095    
0.04236    
0.99245    
0.99024    
1.86893    
-0.45008    
-1.98323    
0.54864    
0.98448    
1.10795    
0.03886    
-0.06453    
-2.48497    
-0.48232    
-2.87589    
1.90137    
1.01080    
0.49395    
0.51805    
0.03912    
1.06961    
0.93433    
-0.52368    
1.14019    
-0.97144    
5.88807    
-1.93594    
0.96670    
1.03114    
0.84548    
1.03140    
-1.96835    
-2.05117    
0.87689    
1.06316    
1.89271    
2.53968    
1.98755    
0.07110    
0.98165    
-1.93778    
0.48780    
-0.07297    
-0.10301    
-0.03034    
0.96627    
0.44964    
-1.98879    
-0.43867    
-0.96560    
-0.98745    
-0.13241    
-0.05309    
0.00318    
2.95386    
0.41044    
1.91274    
0.90655    
-1.87457    
-0.00670    
-1.32256    
1.91705    
0.54490    
0.85709    
0.97020    
-1.88168    
-1.40584    
1.42802    
-1.89392    
0.83470    
-1.53018    
-0.97266    
-0.86338    
0.85637    
0.97675    
-0.91731    
-2.50458    
2.38663    
0.88618    
0.50489    
-1.77618    
-1.88553    
-0.15469    
0.91846    
-0.03561    
-1.27653    
-0.00193    
-0.10562    
0.05677    
-0.05421    
0.98863    
0.03025    
-0.50035    
-0.38990    
1.40497    
-2.01934    
1.92082    
-0.08125    
-0.88531    
1.94717    
0.93009    
1.48014    
2.94656    
0.87519    
4.94466    
3.79136    
0.46308    
1.38331    
2.98736    
1.88301    
-0.98320    
0.91944    
-0.94860    
0.48816    
-1.45472    
0.90392    
0.08347    
1.88966    
0.50819    
0.96516    
-1.01012    
1.40688    
-1.89089    
0.43327    
-1.50699    
-0.12908    
1.94224    
2.41595    
0.97121    
-2.98713    
-0.54991    
2.54618    
-0.53304    
-0.94289    
-1.46534    
1.96916    
-0.95173    
-0.56821    
0.09107    
-0.76513    
-3.41484    
-0.44307    
0.49968    
2.42804    
-0.99880    
-1.52992    
4.47136    
0.00310    
1.34887    
0.52320    
2.01617    
0.47620    
1.00734    
2.85992    
3.40999    
2.46547    
3.85833    
-0.03160    
0.13355    
-0.12180    
1.99635    
0.95502    
-0.49060    
2.99149    
-2.84065    
-1.03369    
-1.36237    
-0.96771    
1.94093    
1.52671    
0.08463    
1.84314    
4.80901    
1.96643    
1.52734    
2.05286    
0.08566    
0.45513    
-0.86513    
-1.92218    
-1.92799    
1.42006    
-0.98324    
-1.42305    
-1.39498    
2.45439    
3.02369    
-2.88960    
-2.47907    
-0.07144    
1.77768    
1.03553    
0.88195    
2.36149    
2.88942    
1.06246    
1.92935    
-1.99422    
0.88947    
0.92808    
1.89395    
-2.38056    
1.55324    
1.40979    
1.00191    
-1.06807    
-2.87190    
2.88390    
0.00460    
-1.48983    
2.41176    
0.89799    
1.14687    
0.62088    
2.35955    
-0.60074    
1.93679    
2.32802    
1.93507    
2.00121    
-0.06300    
1.01524    
2.07105    
2.02663    
2.92092    
-0.00424    
-0.98153    
1.94893    
0.36067    
0.40902    
1.00376    
-0.48096    
-0.06980    
0.83319    
2.87533    
0.48489    
-0.11220    
0.48366    
-0.08749    
-0.03116    
-0.02843    
-1.41363    
-0.02670    
0.04127    
1.91688    
-0.03563    
1.97851    
-0.01498    
-0.47836    
-2.42920    
1.82966    
-4.97994    
-1.88352    
-0.50480    
1.53032    
-0.03178    
-0.05480    
0.90812    
2.89007    
0.54333    
2.05907    
-1.50177    
2.49259    
0.04760    
-2.33920    
0.79581    
-1.76257    
-0.50900    
-1.95120    
-0.52235    
0.04082    
1.92588    
1.81450    
-1.43048    
-0.36624    
-0.08970    
-2.96401    
0.08712    
0.88953    
-1.32586    
2.01759    
-0.00919    
-0.01303    
0.87962    
0.91789    
0.04188    
-0.06053    
1.00981    
2.33392    
-0.49512    
-2.95714    
3.00299    
-0.98078    
0.90271    
2.34792    
-0.87271    
-3.86158    
1.97225    
-0.49213    
0.54205    
0.94872    
0.98635    
0.47324    
0.48884    
0.42519    
0.40694    
-0.97931    
-1.05718    
1.02011    
0.97305    
-0.92283    
2.37357    
1.83587    
-3.93176    
-2.03156    
-0.94669    
0.58858    
2.37843    
-3.37146    
1.88626    
-2.96400    
1.40564    
-1.85069    
-0.01368    
1.95574    
4.83389    
1.89760    
-1.39678    
1.47576    
-0.48175    
-2.44200    
-1.86273    
0.97586    
-3.39705    
-0.03740    
-0.05513    
0.37921    
1.02083    
-0.42655    
2.41023    
0.87794    
0.45959    
-0.96018    
-0.94541    
-0.05088    
-1.95127    
0.97700    
1.80250    
1.96134    
-0.00386    
0.92073    
2.87798    
-1.36095    
2.88439    
-0.47618    
0.44672    
1.83050    
-0.97552    
2.82981    
-1.93846    
-0.11835    
1.00965    
1.92834    
1.43550    
0.74801    
1.02809    
-0.02067    
-0.37970    
1.04440    
-2.97026    
1.97766    
4.40294    
-0.56314    
2.90621    
-0.95161    
0.95843    
-2.85793    
4.90254    
2.03228    
-0.93323    
1.41634    
-0.58903    
-0.13474    
-0.96950    
-0.01973    
1.55587    
0.95855    
-0.97970    
-0.02304    
-1.00361    
-1.01156    
1.51759    
0.93486    
0.01010    
1.85231    
2.94859    
1.04173    
2.08741    
-0.00043    
0.07736    
-3.21048    
0.01408    
1.01321    
1.44948    
-0.09186    
2.45741    
0.87423    
-0.04795    
3.89589    
1.53367    
1.96575    
0.56248    
0.06222    
0.33411    
0.96907    
-0.04631    
1.98876    
-0.03886    
1.94316    
-0.50690    
1.86858    
-1.00103    
1.40572    
-0.56806    
0.85204    
1.09449    
0.01374    
-0.09379    
-1.04307    
2.92944    
2.04407    
-0.97195    
-0.36892    
2.44152    
-0.01997    
1.45657    
-0.02660    
1.00486    
1.95214    
-0.89405    
0.02225    
0.03556    
1.48127    
2.95203    
-0.95814    
-1.86915    
2.02736    
1.93902    
0.84533    
0.97486    
1.49374    
1.74895    
-2.76648    
0.03611    
1.97668    
1.44353    
1.95274    
2.04788    
-0.00159    
1.35828    
1.04378    
1.05446    
2.01349    
2.43000    
0.44182    
-0.94644    
0.90191    
0.95903    
0.96627    
-0.48557    
2.85370    
-0.47253    
-1.43761    
-0.85492    
3.94387    
1.12434    
4.83786    
-2.02011    
1.95478    
2.03521    
0.03401    
0.79450    
-1.88587    
0.00363    
0.90782    
-1.96088    
-0.91621    
-0.99636    
4.01832    
-1.50496    
2.41256    
2.33040    
1.47891    
0.92484    
1.80294    
1.45639    
0.07418    
1.98773    
-1.03959    
-0.04889    
1.84604    
3.46933    
0.12776    
0.00404    
-0.02176    
0.34445    
-1.00975    
0.56829    
1.98678    
0.01725    
0.99177    
1.52901    
1.86675    
-2.89648    
2.84792    
-0.80149    
-4.91964    
0.87655    
-0.52564    
-1.91430    
0.04471    
0.56003    
-1.04233    
-0.56647    
-2.87388    
1.34321    
-0.46781    
3.43492    
1.43712    
-0.59336    
1.89512    
1.05231    
2.03525    
1.44457    
1.92733    
2.92852    
2.09763    
2.38722    
-1.47419    
-1.53476    
0.93186    
1.11613    
-1.96913    
0.47394    
2.84600    
1.42299    
2.00730    
1.53299    
1.14514    
-0.81218    
-0.07788    
-1.01154    
3.91162    
1.91882    
1.05885    
0.43253    
0.07239    
2.99985    
0.97828    
3.05353    
0.99154    
1.93750    
-0.02899    
2.00106    
1.41478    
0.92980    
0.85266    
-0.47194    
-0.94668    
-0.17769    
2.44336    
-0.57733    
2.40719    
2.40559    
0.80405    
0.00677    
0.96548    
0.62454    
-0.50757    
3.95949    
3.01506    
0.85627    
-2.46966    
2.77226    
0.53901    
1.93819    
-0.48820    
1.02225    
0.99905    
0.09104    
0.45583    
2.31292    
-4.27050    
0.33514    
3.72104    
2.00974    
2.01531    
0.04441    
1.47700    
1.44750    
1.04914    
1.45859    
-1.96089    
-0.18457    
-1.95957    
2.09959    
2.76204    
-0.06604    
4.87053    
-2.96173    
1.47255    
-1.95150    
1.35523    
-0.44841    
0.01854    
0.52207    
-0.01428    
2.86341    
1.91637    
2.05109    
-0.43627    
-2.27375    
1.44931    
-1.50142    
-1.41282    
-0.50246    
2.38198    
0.47616    
4.42038    
-0.87239    
1.95461    
0.95243    
0.97784    
-3.36821    
2.05595    
0.95916    
0.97246    
1.98030    
1.45206    
0.99340    
-0.55273    
0.95043    
0.03175    
-0.88497    
-1.08205    
-0.38019    
-2.46402    
-1.91516    
0.86331    
0.90014    
0.01063    
-1.38784    
-1.85912    
-2.02080    
0.93067    
0.91666    
1.97037    
2.93401    
0.86627    
1.89451    
2.00225    
0.06132    
2.00001    
-0.15375    
-3.03740    
2.76363    
-0.38765    
-0.90210    
-0.50613    
0.86219    
-0.33819    
0.38705    
-0.11903    
0.95081    
-0.01083    
-1.02324    
1.88464    
-1.52905    
-0.93731    
1.98754    
1.04600    
-2.90562    
1.01175    
-1.88587    
-0.12163    
-1.44066    
0.06486    
1.97540    
2.96385    
-1.42374    
-3.90440    
1.90924    
1.01102    
2.92098    
0.45356    
1.96634    
-1.77431    
1.05873    
0.52988    
1.05872    
2.08792    
0.05387    
0.99085    
-1.42587    
-0.06566    
1.85664    
2.39917    
0.95065    
0.78998    
-1.40433    
0.06331    
-0.08234    
-0.03937    
3.04783    
-1.04105    
-0.92733    
1.94594    
2.51213    
-1.41790    
-1.51901    
1.98751    
0.05158    
1.02405    
1.99357    
-0.03095    
-0.92230    
3.28096    
-1.88945    
-0.04144    
0.01435    
1.44918    
3.91578    
0.03566    
1.09709    
1.04018    
0.58671    
4.46628    
0.54034    
1.40859    
-1.01244    
2.01735    
3.39901    
-1.89457    
-0.06728    
-1.89295    
-3.28153    
1.80339    
-0.40361    
2.01895    
3.96079    
0.41382    
-0.96981    
0.00814    
1.29653    
1.80049    
-1.86626    
1.92741    
-0.04152    
-0.50794    
-1.07969    
1.85808    
1.50416    
-1.92576    
0.46872    
2.29095    
-0.03050    
0.46930    
1.00235    
1.93383    
1.91479    
2.81918    
-2.92802    
2.52842    
-0.83744    
-1.93177    
-1.44988    
-1.09202    
-0.20504    
0.16781    
-2.81329    
-0.01351    
1.32121    
0.51810    
0.91052    
0.50984    
0.02941    
1.49170    
-1.03622    
3.71870    
1.91288    
-0.97158    
0.94173    
0.34838    
0.91866    
0.84264    
4.21001    
0.42506    
-0.41428    
-0.18253    
0.75225    
1.87583    
-1.97691    
-0.41478    
-0.92981    
-0.09490    
0.03686    
-0.97244    
0.50410    
0.89898    
1.76206    
1.04281    
-0.01175    
0.04878    
-0.90195    
4.85794    
-0.92437    
1.44700    
1.35356    
1.33575    
-0.88773    
1.99127    
0.90901    
0.00418    
-1.02364    
-2.03431    
1.47838    
2.78816    
1.94191    
-4.91868    
0.37569    
2.33975    
0.91125    
0.92521    
1.95059    
1.97635    
-0.58703    
0.43376    
0.87300    
2.84417    
1.02611    
0.98843    
3.94994    
1.96303    
1.49580    
1.38796    
-2.38465    
1.98219    
1.43644    
1.52701    
-0.81588    
-0.83935    
0.45105    
0.93200    
-1.45086    
2.01734    
1.98156    
1.05724    
0.98352    
0.57187    
1.38053    
0.45656    
0.90239    
-0.47415    
2.44881    
-2.04654    
1.97885    
-0.04069    
-0.01928    
-0.03163    
-1.02857    
0.96091    
2.94914    
0.47169    
1.88737    
-0.94154    
1.41668    
0.40954    
2.91097    
-1.40529    
1.89516    
1.60911    
1.94087    
1.46134    
1.43105    
-0.09120    
-0.93267    
1.97588    
1.06137    
0.01491    
2.36647    
-0.99058    
-0.02281    
1.00519    
-1.94384    
-0.98370    
-0.52374    
0.62770    
0.93537    
-1.91399    
3.86828    
1.42207    
1.41059    
2.33479    
3.81956    
1.02314    
1.91406    
-1.03450    
1.01508    
-0.51265    
-3.84108    
0.98621    
0.89377    
0.45827    
-0.03240    
-3.85734    
2.42883    
-0.98480    
1.09252    
1.96937    
1.78828    
0.06579    
0.84813    
1.98727    
-3.80434    
-0.97859    
-0.04743    
-0.49140    
2.40791    
1.12454    
2.95509    
-1.89790    
1.92659    
1.00078    
1.01403    
0.19416    
-0.91225    
1.49614    
-1.13992    
-0.01465    
-0.03752    
0.39430    
-0.94684    
0.04959    
-1.00222    
-1.87677    
-0.47925    
-1.05470    
2.03906    
3.96911    
-0.12520    
2.44701    
0.05218    
1.95450    
2.96767    
0.45645    
-1.44783    
-2.98125    
2.89686    
0.93097    
0.59224    
1.94527    
2.98592    
1.92601    
2.59868    
1.02849    
-0.49845    
-0.34006    
4.34124    
-0.59829    
1.10871    
-0.00712    
2.86057    
-1.99133    
-0.00245    
1.02404    
-1.42208    
-0.39720    
-2.44370    
0.01503    
0.48194    
-3.02047    
-0.86664    
-0.01321    
-0.96967    
2.51690    
0.01088    
2.85804    
0.99184    
-1.05630    
-0.47974    
1.94026    
0.02777    
1.99052    
-2.90855    
2.92257    
0.04672    
0.45368    
1.00828    
-0.53127    
-1.07155    
0.86884    
-0.46384    
1.41954    
1.38613    
1.96247    
-0.06880    
2.01777    
-0.03190    
-0.52643    
1.00850    
2.90271    
2.37532    
0.95227    
1.87982    
0.98037    
1.95840    
2.37116    
-2.36588    
2.80907    
-2.35578    
1.92020    
0.67186    
-0.04195    
1.50482    
-0.97402    
1.49667    
-0.93258    
-1.99115    
1.82471    
-0.96092    
-0.10458    
-1.02791    
0.89016    
-1.45138    
0.89094    
0.19799    
1.96050    
-1.06771    
0.48513    
-0.98204    
-1.52208    
3.93716    
1.05622    
0.98636    
-0.04214    
1.60059    
0.97324    
1.44573    
1.04903    
2.36226    
-0.07204    
1.91550    
-0.13600    
0.11059    
-0.61673    
3.92574    
3.73517    
0.93134    
2.85828    
-1.01767    
0.88917    
-2.00163    
1.88717    
0.92218    
1.91766    
0.91229    
1.48437    
-1.59420    
-0.98806    
-1.88250    
1.77591    
0.39749    
-1.78183    
0.06420    
-1.01402    
2.09163    
0.87798    
0.96236    
-1.59998    
-0.03808    
0.48652    
-0.93784    
-1.50643    
-0.08343    
-4.80340    
-1.79507    
2.02982    
1.03597    
2.42407    
0.05583    
1.01275    
0.99344    
-1.90166    
0.01951    
1.36982    
1.94984    
0.00705    
0.85685    
2.98699    
-1.98100    
0.08632    
1.90832    
1.48709    
0.36077    
0.09071    
3.32555    
0.94133    
0.54887    
-0.10774    
-0.03530    
0.45300    
1.41190    
1.51170    
1.33936    
1.00262    
-0.60641    
1.85952    
0.95728    
-1.97245    
0.11185    
-0.85415    
1.82952    
2.77148    
1.84092    
-0.12945    
1.38557    
0.91745    
2.04822    
-1.82566    
0.93380    
1.84040    
-0.63553    
0.12095    
0.47771    
2.91111    
-2.41368    
-0.97266    
1.93811    
-0.01977    
0.45168    
0.13314    
-1.55778    
1.06423    
0.02650    
1.97751    
-2.39055    
-1.47952    
0.56144    
-0.97078    
1.48802    
-0.45726    
1.47418    
2.17208    
0.06868    
-0.97166    
-0.14278    
-2.04932    
0.87685    
-0.94822    
-0.57315    
1.92734    
-1.37400    
1.09695    
0.01650    
0.99364    
0.95934    
0.41611    
-0.37989    
0.03956    
-1.96158    
0.12280    
2.93656    
1.03288    
2.86863    
-2.52524    
-0.93024    
0.88551    
0.05686    
1.34588    
0.09888    
0.84757    
0.89986    
-0.02146    
1.83012    
0.46206    
-1.00153    
1.05902    
0.05618    
0.43116    
1.94937    
4.05100    
0.30849    
-1.84400    
-1.85392    
0.44045    
1.57476    
0.42786    
0.45067    
0.02690    
-0.01427    
1.47212    
0.48229    
0.44390    
0.02659    
0.51807    
0.97768    
-1.39673    
0.96924    
-0.98672    
-1.09202    
-0.53207    
-0.01496    
2.91033    
1.18102    
-0.89606    
-0.40695    
-2.41571    
1.55746    
2.74252    
-3.92427    
-0.47383    
1.02229    
-0.05913    
-0.91045    
-0.10730    
2.07344    
-0.07350    
1.03540    
-0.04957    
-0.02595    
2.40319    
1.90357    
-1.77886    
0.07982    
2.79816    
1.43196    
0.85223    
1.01351    
-0.89942    
0.90799    
1.39922    
-1.93689    
-0.02151    
0.01952    
1.07748    
-0.02537    
-0.95558    
1.53633    
0.96756    
-2.01359    
1.83415    
1.49375    
-1.43408    
1.92911    
-1.04611    
-1.07929    
3.85833    
1.43901    
0.46238    
0.92403    
0.41593    
-0.50258    
4.31421    
1.35619    
1.47914    
-1.02177    
1.51699    
2.25937    
1.36213    
-0.02383    
-0.00991    
1.87742    
-1.97138    
2.38279    
2.05285    
1.95311    
-0.00581    
0.01667    
1.36901    
-0.06378    
-0.04075    
1.83336    
1.05101    
-0.03501    
-1.83203    
0.01683    
4.79121    
0.33136    
2.82028    
0.42577    
1.97091    
1.52366    
-0.84996    
0.97908    
1.01057    
1.01498    
-0.06286    
-0.02688    
-0.19710    
-0.34573    
1.58124    
-0.07373    
-3.89761    
0.05218    
-0.42012    
0.03610    
0.00483    
0.04163    
0.94437    
1.01475    
-0.00053    
3.51826    
-0.08473    
-0.91113    
-1.90302    
-0.47157    
-0.79576    
3.86650    
0.48660    
-0.95001    
1.01584    
-2.87441    
-1.05504    
0.53834    
-2.72590    
-1.83104    
1.88318    
2.42960    
0.16627    
1.95689    
2.32995    
-1.54691    
-1.01071    
1.08259    
2.71734    
-0.00684    
2.00122    
-1.09875    
2.82084    
1.84439    
1.47036    
3.96138    
-0.53284    
0.41170    
0.43870    
1.01981    
1.77395    
3.88704    
-1.43507    
0.08355    
-1.07617    
1.03731    
1.91289    
1.44786    
4.37238    
-1.10299    
2.85288    
2.06761    
1.90291    
2.93516    
-0.93117    
-0.07784    
1.88914    
0.94071    
0.95157    
0.53712    
0.97893    
-1.09013    
-2.36707    
1.05809    
3.84711    
0.05818    
0.41166    
1.88272    
1.05313    
0.36722    
-0.54531    
-0.50149    
0.92428    
2.87371    
0.51750    
-0.97870    
2.97049    
0.53986    
0.49182    
-0.00674    
-0.92391    
0.50643    
0.95385    
4.86534    
0.47596    
0.98606    
-0.98674    
0.94509    
2.35813    
-0.04623    
2.95339    
1.94958    
1.48943    
0.96898    
0.96889    
-0.92141    
0.87465    
1.41192    
1.15032    
1.34965    
1.94707    
-0.45032    
-1.07143    
-0.99067    
0.49084    
1.86746    
-0.08940    
2.51584    
-1.05108    
1.12367    
2.39569    
2.80876    
1.37036    
1.99670    
2.98851    
1.45234    
-0.97485    
-0.02654    
-1.06199    
3.02931    
0.95413    
-1.95591    
-1.86191    
0.94406    
2.98476    
-2.78862    
0.41650    
2.98942    
1.96875    
1.02271    
0.36640    
-1.09936    
1.99212    
1.51502    
-0.90142    
-1.96724    
0.59748    
0.02859    
0.44573    
-2.78622    
2.04144    
3.53647    
0.50999    
-0.98142    
1.57849    
1.39937    
1.00167    
0.91840    
0.92817    
1.85577    
1.51029    
-1.92083    
1.44737    
0.52547    
-0.47446    
0.86610    
2.95917    
0.46899    
4.44377    
0.95429    
-1.93186    
2.81717    
0.50813    
0.89982    
2.39412    
-1.99631    
-0.92979    
0.46638    
1.90783    
0.59206    
-2.79190    
-2.82003    
-0.99261    
1.85015    
2.53960    
2.38686    
-1.52410    
-1.42037    
0.92712    
0.47407    
0.48546    
0.47454    
-0.02203    
-0.00853    
3.39947    
-1.10222    
-1.03225    
-3.01187    
-0.55348    
0.58642    
-0.08092    
2.92663    
0.84429    
0.96497    
0.99604    
2.03420    
1.99248    
-0.45553    
0.04699    
1.01988    
0.49028    
3.01601    
-1.08489    
1.93903    
1.89689    
4.00998    
-1.46933    
0.89515    
1.42475    
1.03028    
-1.52255    
0.04557    
2.07715    
0.35330    
-0.04179    
0.88133    
-1.16704    
1.90650    
-1.87434    
0.94670    
1.86313    
0.10410    
0.44472    
1.43408    
1.01038    
2.46093    
0.92319    
3.00854    
1.47196    
1.91560    
-1.36671    
0.87568    
1.05063    
0.89138    
0.04287    
-0.50347    
1.40959    
2.92323    
0.87303    
1.07657    
0.57080    
1.31126    
-1.02225    
1.03995    
0.83218    
2.37675    
1.04240    
-0.00514    
1.93718    
0.57156    
0.89345    
-0.43086    
0.82340    
-3.33312    
0.01124    
1.90463    
2.75809    
-1.35856    
-1.04508    
-0.90307    
1.46331    
1.89420    
-0.08578    
1.93858    
0.04238    
2.98095    
1.00268    
0.88719    
1.04474    
0.93937    
0.04656    
1.06008    
-0.52009    
-1.02332    
0.96866    
-0.86554    
-0.19867    
-0.09679    
3.89496    
0.98911    
1.88329    
0.03593    
3.43911    
1.45938    
0.52977    
1.92323    
-0.07384    
0.96427    
1.34635    
0.92804    
-0.42773    
1.93404    
0.98037    
-0.51448    
0.17743    
1.51054    
-0.99686    
1.83799    
3.93819    
0.88040    
-1.92514    
-0.05476    
3.47978    
3.00739    
-0.91699    
0.03441    
1.88270    
1.86844    
0.97356    
0.93974    
0.45537    
-1.01574    
0.95378    
1.96294    
-3.40125    
0.56602    
-0.87220    
-1.49043    
1.42349    
0.02333    
-0.12099    
0.97599    
-1.40353    
-0.02629    
2.90948    
-1.09079    
-0.96565    
1.92826    
1.08352    
1.02685    
-1.06152    
-1.95678    
0.83065    
0.00693    
-0.06782    
2.85719    
0.86005    
0.57610    
0.89804    
-1.88343    
2.88265    
-0.94186    
1.94698    
2.79959    
1.43443    
-1.85516    
1.98658    
0.06504    
-0.06558    
1.86406    
-1.90146    
-0.14850    
-0.85924    
-1.43092    
2.00874    
-0.07170    
1.41562    
1.06023    
-0.85828    
2.77425    
1.83887    
-1.89407    
0.85115    
3.82107    
2.99273    
-0.09501    
-2.94605    
0.87865    
4.31398    
1.08450    
-0.03208    
3.84021    
3.38422    
2.85849    
2.42839    
0.48402    
-2.08043    
-1.82172    
-1.42704    
3.01336    
-3.44406    
3.83040    
0.93815    
-0.44326    
0.86430    
-1.41262    
2.24975    
0.82524    
-1.94879    
1.00071    
1.35439    
0.39666    
-1.00018    
2.43907    
1.97303    
-0.96069    
1.95839    
0.82062    
1.32113    
2.90579    
-1.45687    
1.97961    
0.01270    
-0.15221    
-5.81754    
-0.06788    
-0.86229    
0.89841    
0.05717    
0.54593    
4.35542    
0.01946    
-0.47014    
2.79909    
1.89112    
0.95393    
-0.40988    
-1.45930    
-0.43638    
2.02072    
1.50729    
-1.44266    
0.13799    
0.44355    
1.01412    
1.89072    
0.88192    
0.87788    
-2.90469    
0.02424    
-0.58258    
-3.77847    
-0.97781    
0.95023    
-0.38892    
-1.09968    
-0.07629    
1.87301    
-1.04004    
2.90927    
2.87564    
-0.05501    
1.00988    
1.32513    
3.97358    
-0.05677    
0.05114    
-2.43864    
1.94364    
0.85747    
0.61504    
-0.97829    
4.90077    
-0.03033    
1.90816    
0.47198    
1.04598    
-0.01653    
-0.95123    
1.87309    
-2.82569    
1.92606    
0.34934    
-0.01408    
-0.55544    
-0.01949    
-1.04757    
-0.55501    
-0.05323    
0.98811    
0.95116    
-0.97719    
0.51245    
0.38774    
0.48985    
-0.02911    
-2.87162    
-0.02066    
1.84745    
0.96196    
0.37723    
0.95796    
1.73487    
-0.05540    
-0.95901    
0.96390    
0.01151    
0.47274    
-0.97752    
3.98420    
-1.96189    
-0.47891    
1.87105    
1.03765    
-1.00254    
-0.79750    
-0.94868    
1.86038    
1.76248    
-0.07059    
-0.83707    
1.98056    
2.09123    
-0.01578    
-0.61538    
-1.05951    
1.03569    
-1.80541    
0.94415    
-2.82209    
0.54119    
-1.96001    
0.00303    
0.02868    
0.88766    
-0.05606    
1.31989    
1.78289    
-0.38556    
0.94160    
1.48284    
1.14886    
-0.07903    
-1.41702    
-0.09263    
0.49020    
-0.02525    
0.99042    
-0.95555    
-0.03481    
2.02094    
0.00984    
0.92346    
1.92427    
-0.55849    
1.48477    
2.10912    
0.02742    
1.95388    
1.45740    
0.50926    
1.95391    
2.96412    
1.96635    
3.46044    
2.56132    
0.96067    
0.50663    
-1.04993    
-1.96042    
0.92742    
0.45053    
-1.85651    
-0.89681    
-1.43899    
1.03455    
0.93809    
-0.41767    
-0.89146    
0.05992    
-0.46301    
0.09069    
-0.43023    
-1.95210    
-0.85525    
2.51291    
-0.04673    
3.00391    
-2.04686    
1.00067    
-1.00250    
-0.85003    
0.90496    
-0.51748    
1.82818    
-1.93841    
0.50712    
-1.97811    
1.50086    
1.01381    
1.09637    
0.81448    
2.00394    
-1.04779    
-0.90281    
1.76844    
-0.01896    
0.83853    
-1.02664    
1.40049    
1.98929    
-1.54642    
4.78885    
1.00898    
-0.96084    
0.94759    
1.06675    
1.92596    
0.07207    
-0.04961    
-2.80179    
-1.35481    
-1.90161    
0.08764    
1.08723    
1.94204    
-0.13496    
0.92156    
0.66723    
0.92386    
0.98185    
2.27330    
2.51019    
0.46589    
0.41346    
-0.92908    
-0.54016    
0.99868    
3.95163    
0.49613    
-2.99324    
-0.49380    
-0.41290    
0.46822    
0.88717    
3.83586    
2.40107    
0.53373    
2.51483    
-1.00269    
1.39361    
-0.01312    
0.85613    
1.96330    
-0.51671    
-0.43492    
0.04003    
1.02733    
-0.80606    
1.08110    
0.96873    
-3.35298    
0.40858    
-1.05605    
4.86696    
-2.43281    
-1.98968    
0.87670    
1.95067    
1.97941    
2.45197    
3.81709    
1.44606    
0.90055    
-3.35605    
0.08614    
0.51224    
1.03674    
2.56695    
1.52194    
-0.60931    
1.30669    
-1.84629    
-2.87023    
0.90689    
-0.02624    
-1.51470    
-0.05686    
0.04826    
-0.18682    
1.09644    
0.05348    
-2.90777    
1.99313    
0.58743    
1.08519    
1.00837    
0.96727    
0.36485    
0.91839    
-0.10040    
0.42580    
-0.05504    
1.38385    
1.85557    
0.93041    
-1.98353    
-1.86594    
-1.83068    
0.39119    
1.87413    
0.08864    
0.00171    
-0.92839    
-2.86438    
1.49089    
2.91785    
-0.01332    
0.38450    
0.93958    
-1.97140    
0.53098    
0.85822    
1.53790    
0.92080    
-0.45055    
2.02797    
-2.32327    
0.94289    
0.93083    
-0.05662    
2.39757    
-1.08809    
0.92112    
1.42401    
2.98450    
1.95142    
1.59674    
0.94758    
0.38761    
-0.49139    
0.80472    
-0.05287    
-0.57912    
0.96770    
-1.87648    
0.10974    
1.01296    
0.00441    
0.07100    
1.97049    
1.02220    
0.46432    
2.45989    
-0.47680    
2.46999    
1.89979    
2.27348    
0.52124    
-0.08365    
2.82419    
2.93097    
0.90039    
1.06792    
-2.47198    
0.01923    
2.89125    
1.40417    
-0.97611    
-2.96633    
0.05130    
1.95483    
1.50433    
-1.02959    
1.45051    
-0.13029    
2.45918    
0.06919    
2.44103    
0.95004    
2.80611    
1.01037    
2.02664    
-0.47875    
0.98126    
1.96696    
1.09382    
-0.32787    
-2.90693    
2.85463    
-0.02034    
0.85468    
1.49851    
1.89035    
-1.91634    
-0.14398    
-2.94334    
0.88055    
-1.37891    
0.98517    
-1.89074    
-0.00952    
2.81701    
1.95343    
0.47636    
-1.98866    
-0.57873    
-0.13340    
1.45962    
1.95143    
2.88185    
0.42068    
0.01832    
1.14146    
-1.58343    
2.29850    
0.00491    
-0.45750    
0.46590    
2.85059    
-1.11371    
-0.03619    
0.91331    
-0.17404    
0.96717    
2.03940    
0.92371    
-0.02697    
1.03472    
-0.94882    
0.90931    
-2.52643    
-1.37025    
-0.10944    
0.02282    
0.54091    
0.42763    
2.94617    
-1.95925    
0.04368    
-0.48837    
0.91552    
-0.87304    
0.41384    
2.83555    
0.97206    
1.43862    
0.03400    
0.51323    
-0.46573    
-5.41318    
-0.92048    
-0.00543    
0.00803    
0.95944    
-0.06590    
0.98018    
0.90611    
-0.01157    
-0.02923    
-0.07809    
-0.93569    
0.42170    
0.96847    
-0.55098    
-1.47315    
0.84383    
-0.98291    
1.88031    
-0.06183    
0.95689    
-0.56816    
2.95256    
0.88627    
0.98064    
-0.01659    
-2.41549    
1.03663    
1.83533    
-0.04948    
1.85455    
0.95197    
-0.02415    
1.30742    
0.96924    
0.85257    
1.94976    
1.11029    
0.03200    
0.97393    
0.96128    
-1.92465    
1.43810    
-0.03993    
1.39634    
1.88568    
0.98327    
2.86491    
-2.33105    
1.92760    
0.82533    
-0.44708    
1.41402    
1.12498    
1.53253    
1.01217    
1.83034    
-1.03664    
1.45658    
0.88883    
0.93483    
0.99700    
0.07781    
0.02907    
0.06725    
0.99269    
-0.04696    
2.00293    
-0.89965    
1.49165    
0.99577    
-0.09779    
0.93273    
0.06687    
0.99448    
0.15748    
1.89194    
0.48097    
-2.07230    
1.49682    
1.03751    
1.86294    
2.06572    
0.52490    
1.40835    
-0.96762    
2.41897    
-1.96470    
1.49609    
0.99428    
0.01618    
1.45586    
2.07330    
1.96756    
-0.99273    
0.90665    
1.05032    
0.40395    
1.99543    
-0.55999    
-0.06224    
0.95687    
-1.89109    
-0.95921    
1.47937    
1.57018    
-1.01275    
1.37594    
2.89834    
-1.89490    
0.01148    
2.82633    
1.06401    
1.03405    
1.30318    
-3.86576    
2.86414    
-1.54937    
1.90857    
0.99239    
0.87208    
2.53038    
0.08167    
0.09228    
-1.10738    
-0.97196    
1.92820    
-0.53043    
2.81962    
0.92950    
1.53212    
-1.02742    
-0.90806    
1.43797    
-0.53430    
1.88122    
1.49589    
0.50028    
-0.11472    
3.02437    
1.92383    
-0.11826    
0.52342    
1.85825    
-0.10769    
-1.11146    
3.01427    
1.96997    
1.49814    
1.40753    
-0.40196    
0.92325    
1.02262    
-0.10798    
2.41741    
2.41766    
0.50413    
0.87763    
1.34063    
-1.96012    
-2.39310    
3.86839    
-1.93149    
1.48259    
1.00465    
-2.94830    
0.13045    
3.01839    
-2.96426    
1.96338    
-1.02089    
-2.49414    
0.39743    
-1.86053    
0.81215    
1.00131    
-0.49497    
-0.45525    
0.45798    
0.96963    
1.38737    
-2.89241    
2.40511    
-0.90599    
-1.09312    
-0.10539    
1.86759    
-0.52667    
1.11543    
1.43351    
-1.46662    
-0.42533    
1.40969    
1.89341    
-0.85205    
-0.93213    
1.82302    
1.95269    
1.97387    
0.89958    
-2.94194    
-1.86562    
2.05020    
2.90051    
2.41284    
0.50783    
2.93486    
1.07163    
-3.89870    
1.95320    
1.84706    
-0.94708    
-1.89684    
0.92917    
-1.83340    
-0.95624    
0.51340    
0.10380    
2.36514    
-0.54911    
1.11774    
0.06150    
1.57932    
1.02880    
-0.08225    
2.99773    
-0.95025    
2.87196    
2.03535    
1.06008    
0.89066    
2.45022    
-0.07850    
0.53345    
-1.98752    
0.93888    
2.12504    
-0.40140    
1.91235    
-1.02015    
1.98673    
2.00247    
1.03205    
-3.87187    
0.49298    
1.08091    
1.91008    
0.89895    
0.95347    
-1.06970    
-0.11621    
-0.45605    
-2.82399    
0.01587    
-0.01305    
0.97603    
-0.12904    
-0.92478    
-2.93033    
4.75494    
1.14167    
-0.51452    
2.05402    
-0.03067    
1.02009    
-2.92382    
1.92995    
-0.22841    
0.89430    
2.90145    
-1.95053    
0.42195    
1.37755    
0.98389    
1.99133    
-2.30624    
2.01659    
0.53054    
0.02939    
0.87632    
0.99581    
-0.40990    
0.51131    
4.47980    
-3.81384    
0.26914    
1.44067    
0.48853    
0.86536    
-0.88308    
1.02954    
1.56141    
0.48371    
3.56431    
1.02015    
-0.49048    
-0.00702    
3.84461    
2.35890    
1.94791    
-1.08457    
1.50961    
1.25192    
1.99536    
0.17383    
-0.05086    
1.90428    
-0.12598    
0.02030    
1.50816    
0.81915    
-2.00312    
1.95462    
-1.94618    
1.04168    
0.96015    
1.95588    
0.37444    
-0.05718    
0.43326    
1.19140    
2.31407    
0.95983    
0.93954    
1.04644    
0.06192    
-2.07635    
-0.02072    
-1.02695    
-1.02958    
0.84931    
1.95894    
-0.94433    
-1.41485    
3.93543    
0.92675    
0.50329    
2.05960    
-2.06819    
1.41351    
-1.39815    
-0.00850    
0.87427    
0.54238    
1.51377    
0.05485    
1.47466    
-0.01367    
1.42087    
0.97972    
0.01793    
-1.01217    
0.54968    
