2.31779    
2.78833    
2.77420    
2.77971    
2.53468    
3.50904    
3.45756    
3.72384    
3.24897    
3.00309    
3.23950    
3.26074    
2.02913    
3.24256    
2.52461    
3.74468    
3.27309    
2.02409    
3.00260    
3.23059    
2.72234    
3.47592    
3.03222    
2.74531    
2.06605    
3.51948    
3.96137    
2.06388    
3.20004    
2.73198    
3.00568    
3.49636    
2.99018    
2.77497    
3.22437    
2.54665    
2.01628    
2.54228    
4.19135    
2.75997    
4.21388    
3.29811    
2.75069    
2.50116    
3.02092    
3.26934    
2.23999    
2.52056    
3.26035    
2.78612    
3.49320    
2.73803    
2.78159    
2.98579    
3.45125    
3.43443    
3.26863    
2.55228    
3.46006    
3.72599    
3.01040    
3.70980    
3.24151    
3.47887    
2.95454    
2.71059    
1.99227    
2.74616    
3.51888    
3.02653    
2.78570    
3.49511    
3.01365    
3.27877    
2.26015    
2.48556    
2.99632    
3.48198    
2.98497    
3.51493    
3.96753    
2.77768    
2.55058    
3.47740    
2.50863    
2.97106    
2.75856    
3.23576    
3.02612    
4.46277    
1.76841    
2.98100    
2.99203    
2.56670    
2.49927    
2.72912    
2.76668    
2.27109    
3.01893    
3.95362    
3.46604    
2.78299    
3.26646    
2.05853    
3.50785    
3.00407    
3.28770    
3.20458    
2.29072    
3.47146    
2.74329    
3.24543    
2.99601    
3.00452    
2.80479    
3.70090    
3.69705    
3.73911    
4.22205    
2.25214    
3.24723    
2.53816    
3.46384    
3.22554    
2.73162    
3.67956    
2.29452    
2.74790    
3.95550    
3.45486    
2.75268    
2.31257    
2.27807    
3.01165    
2.53196    
2.52045    
2.29583    
2.29516    
2.28995    
3.50463    
1.81392    
2.99463    
2.78296    
2.55105    
2.97871    
2.76541    
3.25236    
3.75216    
2.52506    
3.48878    
3.70378    
3.22946    
2.52074    
2.29287    
3.46886    
2.27761    
3.47426    
4.20537    
2.31333    
2.06208    
3.24445    
3.22611    
3.23684    
2.77971    
1.80742    
4.20185    
2.06816    
2.49343    
3.99707    
2.10068    
3.45362    
3.28557    
3.72432    
3.01661    
3.23877    
2.99728    
2.03602    
3.02753    
3.75363    
2.28348    
3.22296    
3.48903    
2.82440    
3.72106    
3.69410    
2.74774    
3.45810    
2.97742    
2.73045    
2.75356    
3.05685    
3.72909    
2.99802    
3.73248    
2.28423    
3.71949    
3.52299    
3.73598    
2.52384    
3.47854    
2.54021    
4.17362    
3.00869    
3.23757    
2.31393    
2.51440    
3.03636    
2.78305    
3.02762    
2.75306    
3.50617    
3.25173    
3.50604    
2.48393    
3.96459    
3.71473    
3.22800    
3.71763    
3.94050    
2.76785    
3.70278    
2.28162    
3.01021    
2.97814    
2.53502    
3.69608    
3.21708    
4.15895    
2.31958    
2.01736    
2.04501    
3.03086    
2.76830    
2.50588    
3.50141    
2.99443    
2.27271    
2.77383    
3.29208    
4.42256    
2.52516    
3.27187    
2.96917    
2.05921    
2.79653    
2.76115    
3.24810    
2.50616    
2.57461    
3.73368    
2.51451    
3.22990    
2.03847    
3.49901    
2.96696    
2.29627    
2.33407    
3.49251    
2.25298    
3.91823    
2.99442    
2.76173    
3.46611    
4.94746    
4.19332    
2.73036    
3.22452    
1.76014    
2.50921    
3.48253    
2.76612    
3.02003    
3.29788    
3.44224    
2.45968    
3.70425    
3.71458    
2.99604    
3.71784    
2.26933    
2.32686    
3.25309    
3.70503    
3.25502    
3.23120    
3.48480    
2.06339    
3.97966    
2.04271    
2.28774    
1.56014    
4.22403    
2.73911    
3.75730    
4.46187    
3.70528    
2.52998    
2.51015    
2.27804    
3.26091    
2.75186    
3.71654    
3.26222    
3.03035    
3.71876    
3.01593    
2.28262    
2.51734    
3.26800    
3.47693    
3.20661    
3.00064    
3.24973    
3.95531    
4.16878    
2.75885    
2.53112    
1.55776    
2.45765    
3.24935    
3.28705    
2.72811    
2.31147    
2.76316    
3.72888    
2.99651    
3.51023    
2.54630    
3.49732    
2.46630    
3.72208    
3.44106    
2.72594    
3.48879    
3.44630    
3.22963    
4.40472    
3.45581    
2.20479    
2.52132    
3.48181    
3.50465    
3.00835    
3.25500    
1.56183    
2.97143    
3.50389    
3.26985    
2.99979    
3.50005    
2.78333    
2.28627    
1.77548    
2.30219    
1.54955    
3.48304    
2.51103    
3.46612    
2.77764    
4.68346    
2.74372    
2.74901    
3.23141    
3.47036    
2.73791    
3.05444    
3.01402    
2.79642    
2.79492    
3.00474    
2.78770    
4.16933    
3.71487    
3.72294    
3.00388    
3.21820    
2.29785    
4.68774    
2.75272    
3.00192    
3.45336    
3.00854    
2.28545    
2.50337    
2.75766    
2.29134    
2.98764    
2.54429    
3.75528    
2.53841    
3.27564    
3.03615    
3.22543    
2.49761    
2.74773    
2.29323    
3.47088    
2.75130    
2.30243    
3.47387    
2.52496    
2.53962    
2.51607    
3.02598    
3.48957    
2.54257    
2.03488    
2.98442    
3.24412    
2.99985    
2.74425    
3.00659    
3.47137    
2.76273    
2.76608    
3.43959    
2.29028    
2.51638    
2.80003    
2.28458    
3.73690    
2.77434    
3.46464    
3.26472    
3.24922    
2.75189    
3.69183    
2.53905    
2.30518    
3.02161    
1.55317    
2.06804    
3.24360    
3.50207    
3.47522    
4.45007    
2.51823    
1.06548    
2.79426    
3.49506    
2.97663    
2.76221    
2.74015    
3.00704    
2.74767    
2.32153    
3.02871    
2.26113    
2.98724    
3.99758    
2.95741    
3.02414    
3.51669    
2.53758    
2.98222    
3.05365    
2.77812    
3.22948    
3.28248    
2.74871    
3.00226    
2.76421    
3.22451    
2.78934    
2.53580    
3.25327    
1.84672    
2.29131    
3.47243    
4.40618    
2.73207    
2.03056    
3.19398    
4.20183    
2.75858    
3.23659    
2.79729    
2.53950    
3.02100    
3.01885    
3.98448    
3.06927    
2.95041    
2.98749    
2.49267    
2.80000    
3.96151    
3.02320    
3.74376    
2.75906    
3.27052    
2.98643    
4.45762    
3.23795    
3.24997    
2.74188    
2.77292    
3.70481    
3.45873    
3.25565    
2.56572    
2.72329    
2.76730    
2.76518    
2.50983    
2.29863    
2.29468    
1.55928    
3.26485    
2.74083    
2.77978    
2.56136    
2.75640    
3.00010    
3.29548    
2.78725    
3.50032    
3.47566    
1.31038    
4.20500    
2.77484    
3.00537    
3.28343    
3.04702    
3.72060    
2.52535    
2.04911    
2.52533    
3.72065    
2.98104    
2.56912    
3.00298    
2.72783    
3.00131    
2.51998    
4.90912    
3.01270    
3.27044    
3.98132    
2.80053    
3.72945    
3.28587    
2.79170    
2.53240    
3.00315    
2.78909    
3.28473    
3.47259    
3.28663    
3.03303    
2.27554    
2.96815    
3.00995    
2.80689    
2.75969    
2.97457    
3.21236    
4.19897    
3.45992    
2.76463    
3.49317    
3.25396    
3.21962    
3.73808    
4.01562    
4.21402    
2.77851    
3.25598    
3.24203    
2.72083    
3.24905    
3.49762    
3.98796    
2.26077    
3.51594    
3.25258    
2.52206    
2.27090    
1.31834    
3.01008    
2.79793    
2.55680    
3.25521    
3.00918    
3.27725    
3.25620    
4.18643    
2.52831    
2.04273    
2.76686    
3.48364    
3.23676    
2.80892    
2.49751    
3.49618    
2.99823    
2.72589    
2.98233    
2.75620    
2.52139    
3.94599    
2.49422    
1.60068    
2.98629    
3.02837    
4.19579    
3.27683    
2.51526    
2.51450    
3.97510    
2.28722    
2.78465    
3.50936    
1.77747    
3.23023    
4.46451    
2.28102    
3.01495    
3.01440    
2.56231    
3.02155    
3.22450    
3.46112    
1.81676    
3.01246    
3.98710    
3.45317    
2.55732    
2.28640    
2.76915    
3.45408    
2.52466    
3.03523    
3.00390    
3.49572    
2.51218    
2.75059    
3.22158    
1.82293    
3.45129    
3.25879    
3.96681    
2.52093    
3.50168    
2.28985    
3.71374    
2.53931    
2.51040    
3.94974    
3.48638    
3.70799    
2.53666    
3.20627    
2.55709    
3.21423    
3.02181    
2.79852    
1.79198    
2.28656    
3.70094    
3.53174    
2.75047    
3.50738    
3.47474    
2.97238    
2.53105    
3.46506    
3.23571    
3.45325    
2.05539    
3.74076    
3.94845    
2.52317    
4.20559    
4.41945    
2.25793    
2.77558    
1.81973    
3.21820    
3.21811    
3.01922    
2.27718    
3.25198    
2.97448    
2.99544    
2.79839    
2.28295    
2.29763    
3.49173    
3.73149    
2.28990    
3.04097    
2.49315    
2.56111    
3.97529    
1.77444    
3.00484    
2.51718    
3.24705    
3.21232    
2.72841    
2.24560    
2.74458    
2.76505    
2.77994    
3.23311    
2.52240    
2.78362    
3.20781    
3.98054    
3.24488    
2.76713    
2.96931    
3.02130    
3.21507    
2.98520    
3.25642    
2.01968    
3.94154    
2.26494    
3.03237    
3.21305    
2.75451    
2.52488    
2.27413    
2.53310    
3.02040    
2.99553    
2.52353    
2.54848    
2.53661    
3.74315    
2.53618    
2.99424    
3.26155    
3.02141    
3.45638    
4.66694    
3.72054    
3.46918    
3.71524    
3.71464    
3.91847    
3.01340    
3.45473    
2.52971    
2.73607    
3.48352    
2.53368    
2.99446    
2.50261    
3.01817    
2.55117    
3.02869    
1.51176    
3.00407    
3.49864    
3.72935    
2.50721    
4.47507    
3.72525    
2.99507    
2.75227    
1.78878    
3.73237    
3.47687    
2.03226    
3.45869    
2.07032    
3.27858    
2.30197    
3.23224    
2.50596    
3.73952    
1.78776    
4.17791    
3.23766    
2.97860    
2.27713    
3.24873    
3.74466    
3.49721    
2.77118    
2.52319    
2.55564    
2.76351    
3.72032    
2.28819    
2.76460    
2.78471    
2.78827    
2.75139    
3.94555    
2.05292    
2.76139    
1.50791    
2.53968    
2.76672    
2.05294    
3.50512    
3.24127    
2.75939    
3.22486    
2.77108    
3.47500    
2.31486    
3.69025    
4.17596    
4.73312    
2.99516    
3.01516    
3.74938    
3.67126    
2.23891    
1.77754    
2.01882    
2.25571    
2.30799    
3.23484    
2.99756    
2.99014    
2.52613    
3.46973    
3.02318    
3.23238    
3.21743    
2.74595    
3.00549    
2.79827    
3.22496    
3.75025    
3.23584    
4.18471    
3.71861    
3.24952    
2.98847    
3.47019    
2.73567    
2.55611    
3.00417    
1.59484    
2.08313    
2.50615    
2.77259    
2.75437    
2.28946    
3.43214    
2.79368    
3.96288    
3.03806    
2.50693    
2.51804    
2.78030    
1.77610    
2.76325    
2.50512    
3.49272    
2.80156    
2.76679    
2.51924    
3.19418    
2.78246    
2.54128    
2.74467    
3.78185    
2.76853    
2.73437    
5.13463    
3.67328    
3.25933    
3.72157    
2.77561    
1.77232    
3.73014    
1.82810    
2.52926    
3.00667    
3.21300    
2.53385    
3.23339    
2.75484    
2.53521    
2.74913    
3.24901    
3.23272    
3.25234    
2.97079    
3.21683    
2.29170    
3.93617    
2.51177    
3.24891    
2.28340    
3.00118    
4.19900    
3.24780    
3.51347    
2.77549    
2.47990    
3.93867    
2.76573    
2.30312    
2.79412    
4.21322    
3.48670    
3.74184    
3.21805    
2.74032    
3.98748    
3.44497    
2.99219    
2.78646    
2.53592    
3.24126    
2.26115    
2.77347    
2.78601    
3.00873    
2.78442    
3.46862    
3.46998    
3.23609    
2.05836    
2.26428    
2.04360    
3.97953    
3.24395    
1.78504    
3.72853    
3.02935    
3.23139    
2.75732    
3.75535    
2.77976    
3.72567    
3.74430    
3.25104    
2.52118    
2.71716    
2.78584    
1.83138    
4.22651    
2.30779    
2.99879    
2.73844    
2.51969    
3.72497    
3.04586    
2.03177    
2.75975    
2.51093    
3.27583    
3.52005    
2.74982    
2.06699    
3.23588    
3.26143    
4.00753    
3.21009    
2.04735    
2.50901    
3.21431    
2.28282    
3.76081    
3.02798    
2.52999    
3.22699    
3.00736    
2.76415    
3.26822    
3.24909    
2.28709    
3.26613    
2.47166    
2.77543    
2.27169    
1.56089    
4.19094    
2.28299    
3.25548    
3.25659    
3.96902    
2.72044    
2.51143    
3.73426    
2.77301    
2.26135    
2.76954    
3.49062    
3.49840    
3.73462    
2.52881    
2.28544    
2.04622    
2.07221    
3.71026    
2.53201    
3.00836    
2.52900    
3.25937    
2.30700    
3.46718    
2.99681    
3.74100    
2.01436    
3.98206    
2.81593    
3.46208    
1.80561    
2.99316    
1.84870    
2.75664    
3.73345    
2.26101    
3.47529    
2.04257    
2.77083    
1.78662    
3.95205    
2.75891    
2.55474    
2.25502    
4.18128    
3.21193    
1.56542    
3.25958    
2.05601    
3.25568    
3.48053    
3.25107    
3.04814    
2.25425    
3.24191    
3.07354    
3.95899    
3.01284    
3.03100    
3.98952    
3.43458    
1.81893    
4.19820    
2.51761    
3.27064    
3.26177    
2.52037    
2.52375    
2.04118    
2.99773    
2.54210    
3.28578    
2.75315    
2.27579    
2.77980    
2.28374    
2.28975    
2.04013    
2.05393    
3.66159    
2.53045    
2.74852    
1.58826    
3.73894    
2.26917    
2.99028    
2.73108    
3.93596    
3.71178    
2.26809    
3.23451    
4.24084    
3.72556    
3.73414    
3.25133    
3.23027    
2.50656    
2.25253    
2.56657    
4.17408    
1.78927    
2.03292    
2.72617    
3.24302    
3.50764    
3.27276    
3.95564    
3.26841    
2.29807    
2.08323    
2.74028    
3.45995    
2.99610    
3.24267    
2.78792    
2.06219    
3.46706    
3.24994    
3.24067    
2.80815    
3.21021    
3.00493    
3.72320    
2.99164    
2.78286    
2.77642    
3.73579    
2.25126    
3.96694    
2.96581    
2.54387    
2.97438    
3.22944    
3.25564    
4.20992    
2.26815    
3.01260    
2.53437    
3.92209    
3.48084    
3.49508    
2.52977    
3.27611    
3.24877    
2.95588    
3.00134    
3.22985    
2.30284    
3.74740    
2.74933    
3.51541    
3.01613    
3.21553    
2.74368    
3.51542    
2.73204    
2.28334    
3.23545    
2.74362    
2.30266    
2.97956    
2.76718    
3.25176    
2.74827    
2.70825    
3.22717    
2.78760    
2.78134    
2.04934    
2.99897    
3.46431    
3.02197    
2.51989    
2.25445    
2.53163    
2.77595    
3.73066    
3.02988    
1.32753    
3.01294    
3.21775    
3.74812    
3.02545    
3.47791    
2.54588    
2.76490    
3.46586    
2.49312    
3.99332    
2.54453    
2.52626    
2.98957    
2.50564    
3.25116    
2.76903    
3.93614    
3.73515    
2.03621    
2.32792    
3.49790    
2.98618    
2.53314    
4.23346    
2.00950    
2.29832    
2.76918    
2.77562    
3.23561    
2.75894    
2.51719    
3.54562    
2.00315    
2.99834    
3.26668    
2.56264    
3.45216    
3.49248    
2.75260    
2.77738    
2.54031    
2.73069    
3.20359    
3.68202    
3.45737    
3.23256    
2.76045    
1.80019    
2.03023    
3.48490    
3.72757    
3.24927    
2.77102    
2.53092    
2.27731    
2.51657    
3.03022    
3.23732    
3.02280    
3.74931    
2.76719    
3.24051    
2.29423    
3.47775    
2.72490    
3.00845    
3.21486    
2.75654    
3.51454    
2.74009    
2.28361    
2.73994    
2.78107    
2.27389    
2.96930    
3.47794    
2.29924    
3.47065    
1.53442    
3.01548    
3.77350    
4.20792    
3.21526    
3.51414    
2.99139    
3.48717    
2.54739    
3.25405    
4.20036    
2.79536    
2.30912    
2.75110    
3.01242    
1.78898    
3.23171    
2.78938    
2.76486    
4.24872    
2.00944    
4.45058    
4.22903    
2.24845    
3.97885    
3.24672    
3.93734    
2.30445    
2.78669    
3.71665    
2.26602    
3.22151    
3.49712    
3.70775    
2.70407    
2.06122    
3.25864    
3.48681    
4.19149    
1.57185    
3.02794    
1.51856    
3.95540    
3.95354    
1.83198    
2.80068    
1.84021    
2.75334    
3.24221    
3.94980    
2.71783    
2.52081    
2.28244    
2.56877    
2.76177    
3.49237    
2.78791    
2.51988    
2.52123    
1.83492    
2.50910    
2.26749    
3.46875    
3.00642    
2.02863    
3.52261    
3.25526    
3.47948    
2.30649    
2.78632    
3.02621    
3.48608    
1.99261    
2.31654    
2.51647    
2.76789    
2.99987    
2.50113    
3.22047    
4.24359    
1.74870    
2.81260    
2.29090    
1.98533    
3.69313    
2.31661    
3.27778    
2.54698    
3.00510    
3.25188    
3.72089    
2.99366    
2.99977    
3.73386    
3.48987    
2.98943    
2.56128    
3.00168    
3.03096    
3.94582    
3.25480    
3.27580    
2.28009    
2.78919    
2.80031    
2.53744    
3.75334    
2.52301    
2.03361    
2.74900    
2.54477    
2.74470    
2.24647    
3.69104    
2.97924    
2.52503    
3.26879    
3.97500    
2.52457    
3.50137    
2.31383    
2.99771    
3.47442    
2.73322    
2.71925    
2.74634    
3.96690    
2.98050    
2.96989    
2.04838    
3.04071    
3.00469    
2.71418    
3.47352    
2.74786    
3.03028    
2.99701    
3.20873    
4.43341    
2.52980    
3.70839    
2.27479    
1.97749    
2.53685    
2.80473    
3.44466    
3.51850    
2.99552    
2.99994    
3.24373    
1.99398    
2.97989    
3.73456    
2.52402    
2.51083    
4.43910    
3.96818    
2.97875    
2.51449    
2.29455    
3.25056    
4.22365    
2.49403    
2.76263    
2.49545    
2.24120    
3.01053    
2.04287    
2.98328    
3.21605    
2.53110    
2.54295    
3.04195    
2.31989    
3.01390    
2.77594    
4.63731    
4.21256    
3.71890    
3.72913    
3.00747    
2.96909    
3.02977    
3.50704    
3.00737    
2.52928    
2.99473    
2.74548    
3.47889    
2.76328    
3.25359    
2.27263    
2.29679    
3.73189    
2.81489    
2.77376    
2.77814    
2.80396    
2.73550    
2.52340    
2.55025    
3.27780    
2.02635    
3.24226    
2.78197    
3.22918    
3.23285    
2.99786    
2.53337    
2.74013    
3.02918    
3.21039    
2.27022    
2.99982    
3.50627    
3.49140    
2.26677    
3.24426    
1.79507    
2.54136    
3.25270    
2.29790    
3.23522    
2.27973    
1.35783    
2.29470    
2.78346    
3.21883    
2.77294    
3.23853    
3.50275    
2.33917    
3.24266    
2.97066    
3.43990    
3.22049    
3.14846    
3.74540    
2.97253    
3.48501    
3.00518    
3.94280    
3.46468    
2.53483    
3.93895    
3.49327    
2.28031    
2.76018    
3.70972    
2.77044    
2.77660    
2.52266    
2.32206    
4.21376    
3.23581    
2.76641    
3.24640    
2.75102    
2.52523    
2.24278    
3.94502    
2.27695    
1.33094    
3.69853    
3.22360    
2.54622    
3.22749    
3.26591    
3.50055    
3.22961    
3.47823    
3.03413    
2.51647    
3.23366    
2.53797    
1.83918    
3.95027    
2.55713    
3.21673    
3.20815    
2.28777    
3.71946    
3.97672    
2.77969    
4.44724    
3.00909    
3.72305    
3.49381    
3.23611    
2.50098    
2.73949    
3.01462    
2.75458    
3.24119    
3.51843    
3.96484    
4.20271    
3.98847    
2.75122    
3.70764    
3.51458    
3.20051    
3.71103    
1.80314    
3.00925    
2.28608    
3.01604    
4.48375    
3.46164    
2.27330    
3.01056    
3.68873    
3.73835    
2.97914    
4.19327    
3.66983    
3.21629    
3.75107    
3.24262    
3.46753    
3.20360    
2.53166    
1.99754    
3.24235    
3.49436    
2.27902    
2.48405    
2.99899    
2.52045    
2.48797    
3.51146    
2.96898    
2.78755    
3.00315    
3.19767    
3.47514    
3.01391    
2.72264    
2.73851    
3.73249    
2.98488    
2.76501    
3.01490    
3.01015    
2.76826    
3.55117    
3.02583    
3.48925    
3.48219    
2.78496    
2.73942    
2.99203    
3.72367    
2.06993    
3.00052    
2.50528    
2.75822    
2.03512    
2.28648    
3.04438    
3.72989    
3.49109    
3.48942    
4.40376    
2.78177    
3.45696    
3.00468    
3.25787    
2.73597    
2.08012    
2.27633    
2.04443    
2.29480    
2.74777    
3.26371    
3.96155    
3.22034    
2.74431    
2.22131    
2.75049    
3.00445    
2.97853    
3.77486    
2.03127    
3.72462    
3.50803    
2.76231    
3.93855    
2.53212    
2.51557    
2.51755    
2.50247    
2.53356    
4.48404    
1.77303    
3.02452    
2.29087    
3.27572    
2.99950    
3.50092    
2.56192    
3.01648    
2.77216    
3.50003    
3.02348    
2.52272    
3.25628    
3.72422    
2.52075    
3.76281    
2.29893    
2.77638    
3.23272    
3.71635    
2.75391    
2.99796    
3.00030    
2.50339    
3.01425    
2.51154    
2.97918    
2.98566    
3.76988    
2.56079    
3.74148    
3.94114    
3.27955    
2.99024    
2.02055    
2.99724    
3.25480    
2.55237    
3.97916    
2.53319    
2.70877    
3.97435    
3.01615    
2.30115    
3.23946    
1.52068    
2.26461    
3.01350    
2.77771    
2.27767    
2.78440    
1.82664    
2.49776    
3.24973    
2.74610    
3.00090    
3.45240    
2.99309    
2.51415    
2.52021    
3.69623    
2.78107    
1.79233    
2.81574    
3.00142    
2.04286    
3.73299    
3.97806    
3.23760    
3.26888    
2.76141    
3.73878    
3.51511    
3.26776    
3.27553    
2.51980    
3.23510    
3.20846    
3.00470    
2.50941    
3.46068    
3.02380    
2.30720    
3.23931    
3.01341    
3.74979    
2.93899    
3.51302    
2.54474    
2.29984    
3.22382    
2.74101    
3.96417    
2.29931    
3.24485    
3.22136    
2.77605    
3.22400    
3.26164    
2.27537    
2.73613    
2.51747    
3.46341    
3.22940    
2.55362    
3.01009    
3.23319    
2.54619    
2.49122    
3.22356    
3.24708    
4.18665    
2.31180    
2.98496    
2.74081    
3.01268    
3.02775    
2.28817    
3.23129    
3.48732    
3.00601    
2.51487    
3.73206    
2.78224    
3.68911    
2.75527    
2.03528    
2.04401    
3.23629    
2.53097    
1.77616    
2.76450    
3.45681    
3.28090    
2.73003    
2.50164    
2.27360    
3.49384    
4.46659    
2.56255    
2.55918    
2.07901    
2.78542    
3.24553    
3.46597    
3.46768    
3.49278    
2.76312    
3.02255    
3.25939    
2.78160    
2.76742    
3.95517    
3.74286    
2.50124    
2.77746    
3.03099    
2.77230    
2.76700    
2.73312    
3.25334    
3.01684    
3.73126    
3.21507    
3.25387    
3.71136    
2.77146    
3.23868    
2.71267    
2.97117    
3.72888    
3.97651    
2.74039    
2.99838    
2.25965    
2.75742    
2.76068    
2.79338    
2.75095    
2.75864    
2.77983    
2.73868    
3.96532    
2.96560    
2.74208    
3.02578    
3.93676    
3.19387    
3.02256    
4.21239    
1.75132    
3.76013    
2.77767    
2.78273    
1.82316    
3.24958    
3.01373    
3.93362    
3.71365    
2.28783    
3.47953    
3.24702    
3.23537    
2.75052    
3.23146    
3.24154    
3.03135    
3.49490    
2.25018    
3.71230    
2.34116    
3.45499    
3.00496    
4.21724    
3.68329    
3.26930    
3.22923    
2.50982    
3.98657    
4.43413    
2.97289    
2.03006    
3.27768    
3.23568    
3.69997    
3.44293    
2.55566    
3.43532    
2.30666    
3.01595    
2.04096    
2.55035    
2.99663    
2.98896    
2.73741    
2.51768    
2.28770    
2.73709    
2.75622    
3.25555    
2.97781    
2.28395    
3.47555    
2.74468    
3.97182    
3.03499    
2.03337    
4.18212    
3.48152    
3.95104    
3.26117    
3.46245    
4.45079    
3.02049    
2.95239    
2.54440    
2.49916    
4.21579    
3.69636    
3.04685    
2.03314    
3.01062    
4.47500    
3.71408    
2.99487    
3.48206    
3.46957    
3.24428    
2.74470    
2.75396    
3.96993    
2.99000    
3.45591    
2.96560    
2.71275    
2.79346    
3.44672    
3.43918    
2.75925    
3.00473    
2.78059    
3.26653    
3.48822    
1.83690    
3.02158    
3.93974    
2.78377    
2.99836    
2.99083    
2.49800    
3.22392    
2.98854    
2.74301    
3.28359    
2.96831    
2.98845    
3.74450    
3.68365    
2.25948    
1.55440    
2.28070    
2.52875    
3.22752    
3.99089    
3.48222    
2.31093    
3.97605    
3.23316    
2.79567    
2.49187    
3.25753    
2.52339    
3.46564    
2.50534    
2.51610    
3.96966    
3.43250    
2.74106    
2.26331    
2.49951    
2.75763    
3.00287    
2.97558    
3.22892    
3.97755    
3.02787    
2.48146    
3.22879    
3.48227    
3.50432    
3.02570    
2.50634    
1.78795    
3.24574    
3.47806    
2.52433    
3.73454    
2.98898    
3.24094    
2.98570    
3.20774    
2.02052    
3.02007    
2.26568    
1.78210    
2.76377    
3.47504    
3.98923    
2.99514    
3.73518    
3.00738    
2.27095    
3.73525    
3.22869    
2.81333    
3.74453    
2.97669    
3.01508    
3.47303    
3.72255    
3.24637    
2.27833    
3.46251    
2.01890    
2.75706    
2.98758    
2.75900    
3.21116    
2.28070    
2.97996    
3.48547    
4.19102    
2.05678    
2.50997    
2.52000    
3.02228    
3.26515    
3.24016    
2.79934    
3.01569    
2.79272    
2.97203    
2.54430    
3.27610    
3.43909    
2.02717    
3.48571    
3.48397    
3.74097    
4.18830    
4.20178    
3.73859    
3.23743    
2.51652    
3.47339    
1.83368    
2.03951    
4.19380    
3.00634    
1.60676    
2.72339    
2.95681    
3.48685    
3.72795    
2.28653    
3.71546    
3.00751    
3.46682    
2.28421    
2.53874    
3.99249    
2.77090    
2.52921    
4.22757    
2.74214    
3.74532    
2.73275    
3.26473    
2.51494    
3.20454    
2.75839    
3.22481    
4.22274    
3.24135    
3.49580    
2.27274    
2.52674    
1.78430    
2.73295    
3.23263    
1.29237    
2.74758    
2.50071    
2.28581    
3.04402    
2.49643    
3.48863    
2.99198    
2.52630    
3.73559    
2.51510    
3.24148    
3.68182    
3.24655    
3.02822    
2.75719    
3.24910    
3.02616    
3.25816    
3.51715    
2.74299    
2.77664    
3.69211    
3.26591    
2.99367    
3.53356    
2.51659    
3.24250    
1.62238    
3.49855    
3.22938    
2.73921    
3.00909    
3.23382    
2.29183    
3.00546    
3.00534    
1.57325    
1.80460    
3.26209    
2.28701    
3.45592    
2.28062    
3.23933    
3.48212    
2.48227    
2.74178    
2.31172    
3.48552    
3.21801    
2.99491    
3.02125    
2.77399    
3.72939    
2.75671    
3.25255    
2.79864    
3.02953    
3.19970    
3.25385    
2.51032    
3.01598    
2.53307    
3.30369    
2.01818    
2.03953    
3.47701    
3.97195    
3.03599    
2.76071    
4.20709    
2.99892    
2.27956    
2.76940    
3.21479    
3.27590    
2.11063    
3.97291    
3.03841    
2.74559    
3.23852    
2.51669    
3.04203    
2.52914    
3.24964    
2.49157    
2.70662    
2.54973    
2.78727    
1.81570    
3.27271    
3.47245    
2.99627    
2.02123    
3.03945    
3.23661    
2.74309    
2.23632    
3.25205    
3.73785    
2.25534    
3.00701    
2.29492    
2.97791    
2.79493    
2.24499    
3.73407    
3.19770    
1.10013    
2.55760    
3.01607    
2.99118    
2.27187    
2.52169    
2.01177    
2.54877    
3.02169    
2.73759    
3.26514    
2.79730    
3.97744    
2.49652    
3.04110    
2.53633    
3.44670    
4.19241    
2.54024    
3.01692    
2.97283    
2.52444    
2.51409    
2.50890    
3.26330    
2.04381    
2.01680    
3.03586    
2.98667    
2.50823    
3.74992    
3.71836    
2.56482    
2.51674    
2.06243    
2.23376    
2.80609    
2.52893    
4.67223    
3.23660    
2.54623    
2.06524    
2.74570    
2.79128    
2.94151    
2.51797    
3.23377    
1.81794    
2.71454    
3.00040    
1.79055    
2.50396    
2.49680    
2.53158    
2.98744    
2.30920    
2.29477    
2.98694    
3.71131    
2.52054    
2.26330    
2.02843    
2.74282    
2.76101    
2.96975    
2.55214    
3.26295    
3.96416    
3.47591    
3.28338    
1.04896    
3.44103    
1.75099    
2.79049    
2.25073    
3.03157    
2.51167    
2.76847    
2.99653    
2.25979    
2.97606    
3.01684    
2.26636    
3.24704    
4.68103    
2.99249    
3.49239    
2.30767    
3.21889    
2.78343    
3.28347    
3.02972    
3.01700    
3.46353    
4.18453    
3.27612    
2.05428    
3.49949    
3.71401    
2.31523    
3.24703    
3.48777    
3.51199    
3.24966    
3.94614    
3.22626    
3.67951    
3.25672    
3.48259    
3.42795    
3.48351    
3.95314    
2.75908    
3.25905    
2.48871    
2.76733    
2.79571    
3.49049    
2.99373    
2.74807    
3.23903    
2.77687    
3.24414    
3.26423    
3.29291    
3.02736    
3.72409    
2.76642    
3.03084    
2.26531    
3.25731    
3.20547    
2.27394    
3.01785    
2.78701    
2.50576    
3.00332    
2.51571    
2.74336    
2.27682    
2.51903    
2.30448    
2.76256    
3.22359    
3.95302    
2.75171    
2.78166    
3.05402    
2.53460    
2.82255    
2.06331    
2.99742    
2.75670    
4.00442    
3.00047    
2.51926    
2.79654    
2.99381    
3.01839    
2.99939    
3.72918    
1.80557    
2.75431    
3.51833    
2.27043    
3.19962    
2.52649    
3.47303    
3.24295    
2.75609    
2.77635    
2.75148    
4.43527    
2.28179    
3.98000    
3.97577    
2.04555    
2.77905    
2.01970    
2.74731    
3.46575    
1.80032    
2.50528    
3.49691    
3.49958    
3.45801    
2.82076    
2.97324    
3.19863    
2.77803    
4.24039    
2.97653    
3.48308    
3.46138    
2.51702    
3.28695    
4.19098    
2.50850    
2.27366    
2.79181    
3.49496    
3.47797    
3.77945    
2.74677    
2.51950    
2.73439    
3.95328    
2.79306    
3.72022    
3.21170    
2.29875    
3.00731    
2.28497    
3.73773    
3.71539    
3.73816    
3.70039    
3.92948    
3.02717    
2.99441    
2.99570    
2.31192    
2.79177    
2.55263    
2.46914    
2.30180    
3.02937    
3.45604    
3.49079    
2.36056    
3.48163    
3.24386    
3.24148    
2.50007    
3.49242    
2.74557    
2.00052    
2.75349    
2.50235    
3.44423    
2.98617    
3.25954    
3.49645    
3.18114    
3.01373    
2.00169    
3.01732    
3.49414    
2.99432    
3.26003    
2.26338    
2.77769    
2.97000    
2.31297    
3.22886    
3.24966    
2.75681    
3.47782    
3.25538    
3.22793    
3.27073    
2.77436    
3.01473    
2.49918    
2.78017    
3.00866    
4.48945    
3.03892    
2.08183    
3.46426    
2.30252    
2.26974    
3.28494    
2.97478    
2.54450    
3.22232    
3.23419    
2.49337    
2.33427    
2.72734    
3.01350    
2.98397    
2.98276    
3.27595    
3.98674    
3.75236    
3.72249    
3.00725    
3.48999    
2.02674    
3.02169    
2.25455    
3.26594    
2.99120    
2.28898    
2.99847    
2.52099    
3.21245    
2.54663    
2.53989    
2.24944    
3.75589    
3.24403    
3.75032    
3.23752    
3.94695    
3.02904    
2.72558    
3.00706    
3.04270    
3.48586    
1.98553    
3.23303    
2.06627    
1.79101    
2.56685    
3.42679    
3.72243    
3.00356    
2.56317    
2.01628    
2.28204    
2.29786    
2.50052    
2.56254    
2.29557    
3.73465    
3.00637    
2.78137    
3.48507    
3.23976    
2.77975    
4.44091    
4.18348    
2.78539    
2.74222    
3.44711    
3.75477    
2.53066    
2.50298    
2.50828    
2.74333    
3.25252    
2.51541    
2.06133    
3.21870    
3.00053    
2.74303    
2.75738    
3.70885    
2.77203    
2.54188    
3.23083    
2.78584    
2.75083    
4.71267    
3.24501    
2.99586    
3.24692    
2.53397    
2.51784    
2.51303    
3.48503    
3.23421    
3.49041    
3.22509    
2.97282    
1.81812    
2.01894    
2.48362    
2.06661    
3.24188    
2.73851    
3.46977    
2.76417    
2.26844    
3.48852    
3.00420    
2.74078    
2.53566    
3.48811    
3.46928    
1.82688    
3.46979    
3.51809    
3.01744    
3.27793    
3.47118    
2.78598    
2.53213    
3.97608    
2.76380    
3.92010    
3.49603    
1.57990    
3.01897    
2.50956    
3.25516    
3.48571    
3.71954    
2.51727    
2.50430    
3.73647    
3.75591    
2.04048    
2.75458    
2.76200    
3.96966    
2.99142    
3.49472    
2.77228    
2.50619    
2.79364    
3.00453    
2.49426    
3.93759    
3.18974    
2.73936    
2.77833    
3.25267    
3.96112    
3.25596    
3.99253    
3.44738    
3.46958    
2.70521    
1.56214    
2.56276    
3.02191    
3.22790    
3.00286    
4.16920    
3.02392    
2.77098    
2.29322    
3.25036    
3.68122    
3.50043    
3.46151    
3.45670    
2.04029    
2.98910    
2.81229    
2.75235    
2.77766    
3.47700    
3.24042    
2.98573    
3.45767    
3.00777    
3.28423    
3.73542    
3.73839    
3.02194    
1.83342    
4.43455    
2.77452    
2.25576    
2.72745    
3.24446    
2.46592    
4.00227    
3.03639    
2.55263    
2.26469    
2.31256    
2.76831    
2.05272    
3.03542    
3.25150    
4.21169    
2.97980    
3.72567    
3.23700    
2.51625    
3.92076    
2.75902    
2.75659    
2.74781    
2.99715    
3.28681    
3.71884    
3.28408    
3.96129    
1.83128    
2.29763    
3.02727    
3.26424    
3.01377    
3.25426    
3.02252    
3.24650    
2.97357    
2.04799    
2.80443    
4.22865    
3.00623    
3.45857    
2.76956    
3.48899    
2.76871    
2.54551    
2.55440    
3.45780    
1.79141    
3.23785    
2.28672    
2.27718    
3.28607    
2.27971    
3.21980    
2.75624    
2.51675    
2.77669    
3.52715    
2.76548    
2.53677    
3.22393    
2.06976    
3.71097    
3.22861    
2.99821    
1.53557    
4.44276    
3.47595    
2.04017    
2.05675    
2.02809    
3.46701    
2.27643    
3.19695    
2.25668    
3.00970    
2.51673    
3.51256    
2.28174    
2.25748    
3.01487    
2.99529    
2.29983    
2.75014    
2.52082    
2.27134    
2.56031    
3.25242    
3.51005    
3.25400    
2.55178    
3.44232    
4.17719    
2.53434    
2.07315    
3.74072    
3.25380    
2.54938    
2.45234    
3.71186    
1.82505    
4.20959    
3.03940    
3.95768    
2.32679    
2.74718    
2.28319    
3.28022    
3.96431    
2.55804    
2.03338    
3.25300    
2.99019    
3.25879    
3.01000    
1.74718    
3.48975    
2.98397    
2.55919    
3.75968    
3.98310    
2.76342    
3.70594    
2.95825    
3.78134    
3.22022    
2.97216    
2.50360    
2.74164    
3.97270    
3.27671    
3.71297    
2.97273    
3.25718    
3.24048    
2.96490    
3.24133    
2.77823    
2.25477    
2.74505    
2.48878    
2.04741    
2.26912    
3.01554    
2.30788    
3.93704    
3.21779    
1.79255    
2.77536    
2.77699    
1.83212    
2.52544    
3.74013    
3.01880    
2.76943    
2.77037    
3.71887    
3.01145    
2.77001    
3.22217    
2.98857    
3.25388    
3.03259    
3.23046    
2.30946    
1.78276    
3.71355    
2.99353    
3.01870    
1.98425    
4.19832    
3.75385    
3.02266    
2.51220    
2.27412    
2.28890    
4.19857    
3.74744    
3.01527    
3.46981    
3.22309    
3.00410    
2.78423    
2.30393    
3.21194    
3.96425    
3.25214    
3.00646    
3.97693    
3.70803    
4.20987    
3.02012    
2.75414    
2.99721    
3.47308    
2.77815    
2.52385    
2.54644    
2.72592    
2.78305    
3.02572    
3.00898    
3.47845    
3.00600    
4.45142    
2.30351    
1.55445    
3.48463    
3.95986    
3.52433    
3.27324    
3.47556    
2.57304    
3.21638    
3.20655    
2.31995    
2.99120    
3.49814    
2.99651    
3.24321    
3.18367    
3.01913    
2.76348    
2.96609    
2.25763    
3.50572    
3.74763    
2.26629    
2.52991    
2.53121    
3.46686    
3.45355    
2.51604    
4.20797    
2.44656    
2.95296    
2.98698    
3.97681    
2.31010    
3.26403    
3.23042    
2.76772    
4.18100    
3.24833    
2.51819    
3.70253    
3.47982    
3.00280    
3.23912    
3.26067    
4.16007    
2.04627    
2.99108    
2.98485    
2.76323    
3.22302    
2.99424    
2.54871    
2.27948    
3.47451    
2.77844    
2.78275    
3.52620    
2.04797    
2.54190    
3.02673    
2.75721    
3.24784    
2.98402    
3.23405    
3.27786    
3.24033    
2.58187    
2.73924    
2.76603    
3.48275    
3.00219    
2.80240    
1.80314    
3.22707    
2.99126    
3.47001    
2.01972    
3.02903    
2.31008    
3.95596    
2.29944    
2.75055    
2.75384    
2.04081    
3.49584    
3.72388    
3.01968    
4.21671    
2.49593    
3.50614    
3.91611    
3.02443    
2.98549    
3.24245    
2.77030    
3.20891    
2.75398    
2.24097    
3.49670    
2.97079    
3.49262    
2.99203    
2.25847    
2.98700    
2.76268    
3.75432    
3.71179    
3.70705    
3.00516    
4.43844    
2.00609    
2.97072    
2.98753    
3.27787    
4.24550    
3.47076    
2.75969    
2.75354    
3.69511    
2.80115    
2.75390    
2.76136    
3.94100    
2.98009    
3.26942    
3.23480    
1.77360    
3.70144    
3.02465    
3.95336    
2.53049    
2.54549    
2.98831    
3.00304    
1.34350    
3.25637    
2.24764    
3.93372    
2.77530    
3.73761    
3.69593    
2.73569    
2.79600    
2.30125    
2.99905    
2.05383    
2.98765    
3.21851    
3.71201    
1.83056    
3.24075    
3.71592    
3.20636    
3.26840    
1.58420    
2.50231    
3.47176    
3.51652    
2.53466    
2.51194    
2.73623    
2.31545    
2.01061    
1.54241    
3.50472    
3.20704    
2.25335    
3.05113    
2.77686    
2.74389    
3.72639    
3.20591    
2.28502    
3.22770    
4.00501    
2.98708    
2.73965    
1.76092    
3.77624    
2.29819    
2.48788    
3.74408    
2.04865    
3.22979    
2.73381    
2.73565    
2.49860    
2.51843    
3.22874    
4.19096    
3.72723    
2.51638    
3.28029    
4.95524    
2.52643    
3.22634    
2.31461    
3.71763    
2.51925    
2.29550    
2.53498    
3.00667    
3.47898    
3.26676    
3.28797    
2.95981    
3.28736    
3.22374    
2.53551    
2.79582    
1.80409    
3.26823    
2.50616    
3.92805    
2.73385    
2.80297    
4.44252    
2.50153    
3.03040    
3.00363    
2.75596    
2.27411    
3.00631    
2.53851    
2.75122    
2.06863    
3.00771    
1.81772    
2.77439    
2.78995    
2.06522    
3.70844    
2.75165    
1.86092    
3.49132    
2.55160    
3.48016    
3.26423    
3.72668    
2.53837    
3.05450    
2.53151    
3.72763    
3.22644    
3.47987    
1.79656    
2.75077    
2.31879    
2.23964    
2.76923    
2.29031    
3.76331    
2.99397    
3.70803    
2.07872    
3.47766    
2.47986    
3.48686    
2.77636    
2.80296    
3.24566    
3.74560    
3.46750    
2.99127    
2.53263    
2.96708    
2.76810    
2.26646    
3.49402    
2.79323    
3.23675    
2.97245    
2.50938    
2.98169    
3.54659    
2.09552    
2.75962    
3.01978    
2.01437    
2.76335    
3.47620    
4.43028    
3.21504    
2.75126    
2.93873    
1.83451    
2.26100    
3.48860    
3.26718    
3.70805    
2.75603    
3.20987    
2.99518    
2.26536    
2.53935    
3.49969    
2.77114    
3.23118    
3.22745    
2.32780    
2.53227    
3.26102    
3.51322    
4.96261    
2.97683    
4.17876    
3.96281    
3.00139    
2.79738    
3.24142    
3.70129    
3.25254    
3.50060    
3.50286    
3.00538    
3.46232    
3.23895    
2.74727    
2.25659    
3.24544    
3.44993    
1.79746    
2.30406    
3.20845    
3.74245    
3.50191    
2.77108    
3.48072    
2.05492    
1.82101    
3.22922    
2.30289    
2.51979    
3.01036    
2.03650    
2.51635    
2.79755    
2.03865    
3.03060    
2.53402    
3.46148    
3.71970    
1.53812    
3.05633    
3.50935    
3.47921    
3.73736    
3.74462    
4.22082    
4.20111    
2.77128    
3.71203    
3.97337    
3.46888    
2.72667    
1.76525    
2.53919    
2.52151    
3.49752    
1.82556    
2.76008    
3.00106    
4.47546    
2.73598    
3.24522    
3.97681    
2.53249    
3.24601    
2.51912    
3.26653    
2.31103    
3.21369    
2.77442    
3.26741    
2.98955    
2.79839    
2.27045    
2.25820    
2.74647    
2.29404    
2.55580    
2.99930    
2.55122    
3.25010    
2.55057    
2.48606    
2.78013    
3.22903    
3.48911    
3.00467    
2.53201    
3.69782    
3.23742    
3.00216    
2.04577    
3.02949    
2.53134    
3.74345    
2.53320    
2.04289    
3.97348    
2.75793    
2.76741    
2.32466    
3.73934    
4.92096    
3.21524    
2.79140    
3.22894    
2.72215    
2.77631    
3.04192    
2.77519    
2.52453    
3.05038    
2.78045    
3.48132    
2.74973    
2.98061    
1.80337    
2.76953    
2.28090    
2.80145    
1.81032    
2.03458    
2.99716    
3.00089    
3.27412    
3.28771    
3.48205    
2.50293    
3.49930    
3.51174    
2.51824    
3.00232    
2.29430    
2.97455    
2.50205    
3.97235    
3.04470    
4.21605    
2.77679    
3.25164    
3.51246    
3.21200    
2.02327    
3.70113    
3.20612    
1.57504    
2.75722    
3.28280    
1.78702    
2.74558    
2.26804    
3.00147    
2.27036    
2.72785    
3.23028    
3.46706    
2.28605    
3.46166    
3.24164    
3.27309    
2.28981    
3.25081    
2.29540    
3.23786    
2.05842    
2.73693    
1.34252    
2.51454    
3.24980    
3.70936    
4.00510    
2.52014    
2.23780    
3.24164    
3.22358    
3.01561    
2.75279    
2.77593    
2.28278    
2.48550    
3.02020    
1.79993    
3.96498    
2.51235    
3.47389    
3.02153    
2.27189    
3.26346    
3.43800    
2.26844    
2.25431    
2.76934    
3.22669    
3.22606    
2.03806    
3.26658    
3.24972    
1.56224    
3.52223    
1.75102    
2.28993    
3.46122    
3.48101    
3.22962    
3.46446    
2.98945    
1.09439    
2.51989    
3.00693    
3.26084    
3.03610    
3.70821    
2.99251    
3.43406    
2.97141    
3.73792    
2.75445    
2.29058    
2.51962    
2.78439    
3.29177    
3.26848    
2.04308    
2.26513    
2.75132    
2.51303    
2.52830    
2.96477    
1.79311    
3.96228    
2.76767    
3.23162    
2.73456    
3.47396    
3.71384    
2.73663    
2.77262    
3.99069    
3.27424    
2.50979    
3.00064    
2.25688    
2.77039    
4.66354    
2.28082    
2.99254    
2.55341    
3.66686    
2.71787    
3.26533    
3.00313    
2.80425    
3.73619    
2.54128    
4.22308    
2.76244    
2.76311    
3.21931    
3.68273    
3.50368    
3.70153    
3.91769    
3.96755    
2.73895    
3.49422    
2.74111    
3.96611    
2.95695    
2.28705    
3.22315    
1.78233    
2.72843    
2.05846    
3.00765    
2.73387    
3.21442    
3.04325    
3.49650    
1.80502    
2.03966    
2.98352    
3.47585    
3.76050    
3.73215    
2.05233    
3.00858    
2.24138    
3.47345    
3.02055    
2.28765    
3.00969    
2.96638    
3.44758    
3.26441    
3.03117    
4.73319    
2.99545    
2.97885    
2.28885    
3.96706    
2.74987    
3.06120    
2.70657    
3.97434    
4.19306    
2.99167    
2.77217    
2.29887    
2.78061    
2.31774    
3.00227    
3.02183    
2.78817    
2.54817    
2.30850    
2.54624    
2.76969    
2.75837    
3.52065    
1.53447    
3.45891    
2.74811    
2.26133    
3.48161    
2.31254    
2.76440    
3.24854    
3.49767    
3.19668    
3.01762    
3.51405    
2.73534    
2.51077    
2.77626    
2.53217    
2.76027    
3.53230    
3.23601    
3.48261    
3.01129    
2.50070    
2.23249    
1.32845    
3.79425    
2.98256    
2.74768    
2.74510    
2.72680    
2.55046    
2.99836    
3.48168    
3.51409    
3.01555    
2.99741    
2.25251    
3.21241    
2.78262    
2.51625    
3.02003    
2.55302    
2.74541    
3.47356    
3.71013    
3.99041    
2.78274    
3.97822    
3.22123    
2.55059    
2.51412    
2.52473    
3.26188    
2.52752    
2.29513    
2.49943    
2.75406    
3.47594    
2.55549    
3.44390    
2.26633    
2.78311    
2.54505    
3.23167    
2.28570    
3.02118    
3.24211    
2.54751    
3.92952    
3.94665    
3.99236    
3.51003    
2.53340    
2.24344    
3.19876    
4.21068    
3.01912    
2.51471    
3.27323    
2.55721    
3.50752    
2.75996    
2.53850    
2.99996    
2.95338    
1.81395    
2.78002    
2.53726    
3.46285    
1.81585    
3.02878    
3.22577    
2.08225    
2.26598    
3.01412    
3.01098    
3.48348    
1.82270    
2.79147    
3.05961    
2.54744    
2.97505    
3.25536    
3.48119    
2.50886    
3.21059    
2.50805    
2.27792    
3.01354    
4.19382    
3.25784    
1.52367    
2.29375    
3.47735    
2.24680    
2.96700    
2.76952    
2.96285    
3.47086    
2.78195    
2.56056    
3.04272    
2.98759    
3.01567    
3.25000    
3.45053    
3.24701    
3.02817    
3.02756    
3.49931    
2.77059    
3.25425    
4.19412    
3.01118    
2.77633    
2.74554    
3.23275    
3.26154    
2.26589    
2.96539    
2.53459    
4.47063    
3.71960    
3.94169    
2.72176    
3.01217    
2.73378    
2.52483    
1.77156    
3.46250    
2.98433    
1.58298    
3.03709    
3.21702    
2.29595    
3.52823    
3.50224    
3.46512    
2.25974    
2.99895    
3.28616    
2.72767    
2.54793    
3.72771    
2.79956    
2.07165    
3.26577    
2.30990    
3.01084    
3.23824    
2.50950    
2.98055    
0.83652    
2.75549    
3.69571    
3.00480    
3.22316    
3.22171    
4.21769    
1.31998    
2.28998    
2.26098    
2.98616    
3.74020    
2.74311    
2.30379    
3.23955    
3.92835    
3.04859    
3.20565    
3.51253    
3.26011    
3.94396    
2.26897    
2.53316    
2.04066    
3.23154    
2.50403    
3.27465    
2.99686    
3.46923    
2.47216    
3.48220    
3.21758    
3.49145    
3.20327    
2.97715    
3.04066    
2.56336    
3.23410    
2.75317    
2.28230    
2.97733    
2.50993    
3.72472    
3.22418    
3.96903    
2.76119    
2.50580    
2.51139    
3.26103    
2.80063    
1.81158    
3.50763    
2.54652    
2.57033    
3.71591    
3.24102    
2.06704    
3.00986    
2.97778    
3.01758    
3.46521    
3.50467    
3.03022    
1.78198    
3.50851    
3.49691    
3.52666    
2.55843    
3.75416    
2.97789    
2.99277    
2.76708    
2.75026    
3.71259    
3.00548    
2.72354    
2.99374    
3.92599    
3.23715    
2.29393    
3.24721    
3.92828    
2.49813    
2.99510    
4.18803    
2.52030    
3.72723    
2.79035    
2.75747    
1.57433    
2.70712    
2.75988    
2.52255    
3.24043    
3.49157    
3.19316    
4.18704    
3.73432    
3.03486    
3.24703    
2.98101    
4.44608    
3.48774    
2.99375    
2.97468    
3.00878    
2.76609    
2.26897    
2.98784    
3.45273    
2.29717    
2.80222    
2.49517    
3.95077    
1.99572    
3.23552    
3.45596    
3.18348    
2.25982    
3.48863    
2.80547    
2.75120    
1.32650    
2.01728    
2.76321    
3.52289    
3.00347    
3.52245    
3.71694    
2.98605    
2.78093    
3.00898    
4.45114    
3.46231    
3.23721    
2.55070    
2.29433    
2.74550    
2.49496    
2.03166    
3.46224    
2.75668    
2.05496    
4.69214    
2.29508    
2.55163    
3.74397    
2.96369    
1.76941    
2.53428    
2.30477    
3.71651    
1.81916    
2.52115    
2.78921    
2.28652    
4.68745    
2.55262    
3.27420    
3.25684    
2.98748    
2.52422    
3.72786    
3.01504    
3.47336    
2.31028    
3.74396    
2.52404    
3.71146    
2.06044    
2.01832    
4.17275    
2.99312    
3.73816    
3.00715    
2.75276    
3.01249    
3.23266    
2.98895    
3.72586    
3.20430    
3.26478    
2.28804    
2.28584    
2.28145    
3.76058    
3.26142    
4.20425    
3.02290    
2.54857    
3.23013    
3.95195    
3.71229    
2.02902    
3.20396    
3.50983    
3.46184    
2.97730    
2.51826    
3.25185    
2.76274    
2.56713    
2.77207    
3.00462    
2.04548    
2.72400    
4.24886    
3.24679    
3.21554    
2.28685    
3.49594    
3.73650    
3.46249    
3.21668    
2.55764    
2.52058    
2.76884    
2.52357    
3.24420    
3.00760    
2.06450    
3.02152    
2.26409    
3.23274    
2.26720    
2.74044    
2.50841    
3.93690    
3.43085    
3.24874    
3.02972    
3.99098    
3.97444    
2.77966    
3.98657    
2.81802    
2.53723    
3.00204    
2.74813    
2.77055    
1.80105    
2.78445    
2.03201    
2.51578    
3.50112    
2.77230    
3.53628    
3.03802    
3.01074    
3.47349    
2.75894    
3.17860    
3.00022    
2.06801    
2.26741    
3.22170    
2.51331    
2.78130    
3.46237    
3.98298    
2.25869    
3.49411    
2.51624    
3.46776    
4.19706    
3.27583    
4.00027    
2.25320    
2.24309    
2.49595    
2.54698    
2.26396    
3.71894    
2.99088    
2.24976    
3.70239    
2.75469    
2.04037    
2.75399    
2.04874    
3.48981    
2.47864    
3.25559    
2.76319    
2.05735    
2.52468    
1.58335    
2.50250    
3.46472    
3.20637    
3.00712    
3.22563    
2.31771    
3.96754    
2.26442    
3.70802    
2.03021    
3.24606    
3.73003    
2.72681    
2.53312    
3.26347    
3.43870    
3.96769    
3.75413    
3.22887    
2.74706    
3.48853    
3.51402    
3.26653    
4.19579    
3.96368    
2.75589    
2.99083    
2.30138    
2.26909    
2.74208    
3.01580    
3.50562    
2.04557    
2.55167    
3.26277    
3.05411    
3.19825    
2.54003    
3.20971    
3.21308    
2.03219    
2.54518    
3.26189    
3.25929    
2.32463    
3.25343    
3.50112    
2.51388    
2.52982    
3.74577    
3.69211    
3.02877    
2.99804    
2.77584    
2.29813    
1.54715    
1.33163    
3.22115    
3.48321    
1.79221    
2.26472    
3.01410    
3.23429    
3.24760    
3.25865    
3.95083    
2.46972    
2.02492    
2.30556    
2.55075    
3.51476    
2.50876    
3.22829    
1.79182    
2.75149    
3.77325    
2.27531    
4.22677    
2.04619    
3.26129    
3.25426    
2.28047    
3.01928    
3.21274    
2.74828    
3.19335    
2.97419    
3.02294    
2.78186    
3.96097    
2.52605    
3.51075    
2.50854    
2.05661    
2.04855    
3.49995    
2.27978    
3.23599    
2.05218    
2.77500    
2.50761    
2.50861    
2.81586    
3.46919    
3.23934    
2.79049    
3.43834    
2.99058    
3.19965    
3.48721    
2.99518    
2.53099    
2.75532    
2.77667    
1.82446    
3.01159    
2.75565    
4.47874    
2.50856    
1.81286    
2.04831    
3.48048    
2.27600    
2.07568    
2.51909    
2.29233    
3.24077    
2.02284    
1.79806    
2.75608    
1.79739    
3.46100    
2.95493    
4.38778    
2.75385    
3.25405    
2.96068    
2.76619    
2.76567    
2.78659    
4.01106    
2.77283    
3.48944    
2.78655    
2.49928    
3.49246    
2.48101    
2.53778    
3.00090    
3.21184    
2.81783    
3.02800    
3.02718    
3.21931    
3.46336    
2.78161    
2.51760    
2.96957    
2.76071    
2.53840    
2.07591    
3.28529    
2.77742    
3.49011    
2.55015    
2.27366    
2.80146    
2.74815    
2.77589    
3.72376    
3.24663    
2.76340    
2.79660    
2.49269    
3.03244    
2.48100    
2.57083    
2.56222    
3.46772    
4.23308    
2.77575    
2.99794    
2.74712    
2.75560    
2.77625    
3.73862    
3.26146    
2.75727    
3.03501    
2.76349    
2.99711    
3.01064    
2.98658    
4.42788    
3.02577    
3.28968    
2.72925    
3.94179    
3.23555    
2.48745    
3.25797    
2.06701    
3.49842    
3.26341    
2.98084    
2.30413    
3.75159    
3.22400    
3.74879    
3.25992    
2.77851    
3.24157    
2.98288    
2.77723    
2.98416    
3.48998    
2.27384    
2.52506    
3.04254    
1.78035    
3.26738    
2.50361    
2.73337    
2.74401    
2.98406    
2.97979    
3.23473    
3.24925    
2.29257    
2.32677    
2.99793    
2.51437    
3.02372    
2.53919    
2.31954    
2.99951    
3.27058    
4.21383    
2.28712    
4.66550    
2.98756    
3.48218    
3.20348    
3.25494    
3.71343    
2.98691    
2.52111    
3.94689    
3.22868    
3.00126    
3.94721    
3.23517    
2.01970    
2.52349    
2.75958    
2.55300    
2.27232    
3.73331    
2.74347    
3.96268    
2.50191    
3.69468    
3.25033    
3.46288    
3.24480    
2.53035    
3.49218    
3.00369    
2.77353    
2.53570    
3.25778    
2.31216    
2.76309    
2.75134    
3.29307    
2.28969    
3.00524    
3.73541    
2.04321    
3.03454    
1.31429    
2.77997    
3.27589    
3.24686    
2.28964    
2.73534    
3.23486    
3.50828    
2.27354    
2.49866    
2.28992    
2.98313    
3.47174    
2.04972    
3.92793    
2.76116    
3.49340    
3.01697    
2.97712    
3.01106    
3.25458    
3.44949    
3.51303    
3.01640    
3.00768    
3.22090    
2.50799    
3.94532    
3.71377    
3.23660    
2.93640    
3.25246    
3.23716    
3.49388    
3.97439    
3.48123    
2.80884    
2.96622    
3.01958    
2.72384    
3.20749    
3.01145    
3.01929    
2.04793    
3.01329    
3.49344    
3.73450    
2.27292    
3.01250    
2.99929    
3.49617    
2.99417    
3.49781    
3.03631    
2.53895    
2.76576    
3.27183    
2.52132    
3.01093    
2.09122    
3.46232    
3.01719    
3.74492    
2.73788    
2.02451    
3.96071    
3.44505    
3.27987    
2.53951    
3.69749    
4.44786    
2.55162    
2.03871    
3.02153    
2.74596    
2.28230    
3.43098    
2.08413    
2.27928    
3.46982    
3.01063    
3.96662    
3.72241    
1.51554    
3.71806    
2.27360    
3.50566    
2.73281    
2.76324    
3.67039    
3.26985    
2.77270    
2.76753    
3.95513    
2.97468    
2.56490    
4.19387    
3.46323    
3.70529    
2.21205    
2.98094    
3.50845    
3.48126    
3.97762    
2.77195    
3.28227    
2.25381    
2.28045    
4.16534    
3.26225    
1.82877    
2.02637    
3.46227    
2.53065    
2.72798    
3.44563    
2.74826    
3.02347    
3.24332    
2.28183    
2.98715    
2.79020    
2.98631    
2.75142    
3.06205    
3.92045    
3.74559    
3.48385    
2.26721    
3.47727    
4.00524    
3.76809    
3.94989    
2.99177    
3.75091    
3.70183    
2.32114    
3.51828    
2.30338    
3.25071    
2.55489    
2.75818    
2.74278    
3.49415    
3.00969    
2.98825    
3.00082    
2.74513    
4.00197    
3.01397    
3.70807    
4.16485    
3.98463    
3.00722    
3.00649    
2.01155    
2.75291    
3.48024    
3.50794    
2.27200    
2.50505    
2.27169    
3.24888    
2.78806    
3.95227    
4.43434    
3.00714    
1.27969    
3.50996    
2.31820    
3.24608    
3.00655    
2.72814    
2.78201    
2.28816    
1.33600    
2.80739    
3.45343    
3.46080    
2.03820    
2.75070    
3.75157    
2.78634    
2.76901    
3.00410    
3.24926    
2.49736    
3.26499    
3.25370    
3.74761    
2.52027    
3.74623    
2.05507    
2.99299    
4.19845    
3.96647    
2.28351    
3.47981    
2.04261    
3.28043    
2.53588    
3.21360    
3.01542    
2.97742    
2.77024    
2.03544    
2.75235    
3.75333    
3.44813    
2.22858    
3.70496    
3.03091    
2.51336    
2.50104    
3.71946    
3.22547    
3.71588    
3.25643    
3.02348    
2.54501    
1.31270    
3.70877    
3.47804    
3.95673    
2.51314    
2.51097    
3.05115    
2.72855    
3.25191    
2.48790    
3.77071    
2.99759    
3.68703    
2.71275    
1.32196    
2.96729    
3.26758    
2.79099    
3.47867    
3.51055    
2.76173    
3.22575    
3.45886    
3.48666    
2.75760    
3.70447    
3.49627    
2.51334    
3.01411    
3.76307    
2.29006    
3.77014    
3.20977    
2.75402    
2.50880    
2.54602    
3.50266    
2.74465    
2.54659    
3.22565    
2.27284    
3.47602    
2.96691    
3.51020    
3.26397    
2.98735    
1.80019    
3.03394    
2.76905    
2.46794    
2.27813    
3.22566    
2.72494    
2.97001    
3.95071    
3.00466    
2.74184    
3.51851    
3.21778    
2.21349    
2.77599    
3.98213    
3.20671    
2.76042    
2.99286    
3.74484    
2.27750    
2.06641    
2.00735    
3.49852    
2.27547    
2.48861    
3.22645    
3.03827    
2.28823    
3.97178    
3.48630    
3.25006    
3.26476    
2.48642    
3.72310    
2.98155    
3.24916    
2.73620    
2.75098    
2.52349    
2.52503    
2.95932    
3.43092    
3.03548    
2.99784    
2.80264    
3.49118    
2.75917    
2.76582    
2.25497    
3.00097    
2.97405    
4.19187    
2.51929    
3.28397    
3.20669    
2.05409    
2.74938    
3.46583    
2.53245    
3.47872    
3.02642    
3.44700    
2.51815    
3.50522    
3.00483    
2.98391    
2.03928    
2.06779    
2.52877    
2.50181    
2.48945    
3.28985    
2.54121    
2.81624    
2.29263    
1.55952    
3.70895    
3.00818    
2.77127    
3.47468    
3.04696    
3.23927    
2.72682    
2.27576    
3.26268    
3.00672    
2.49578    
2.75793    
3.76855    
2.52256    
2.49937    
1.76931    
3.25763    
2.99891    
3.01131    
2.75217    
3.45345    
4.23543    
3.00249    
3.97303    
4.38772    
4.17882    
3.24774    
3.05321    
3.49925    
2.75921    
3.25192    
3.48964    
2.97361    
3.23563    
2.97747    
2.98650    
3.02050    
3.02166    
3.97071    
3.50246    
3.22471    
3.01175    
2.74600    
3.49095    
2.77177    
2.26776    
3.48411    
1.81005    
3.51905    
3.24086    
2.24822    
3.95468    
3.46796    
3.23474    
2.78752    
3.96576    
3.06396    
2.57314    
3.46876    
3.01188    
3.74228    
2.70490    
3.73762    
2.77263    
4.21488    
3.00342    
3.24497    
3.48687    
2.74223    
3.00555    
2.04638    
3.49559    
2.27743    
2.47225    
3.01145    
3.00133    
3.00502    
3.01930    
2.26322    
2.04609    
2.51136    
2.99820    
3.01092    
3.23473    
2.74960    
3.23570    
1.79099    
2.02339    
2.30156    
3.01205    
2.25471    
1.78169    
3.28488    
2.54690    
2.51384    
3.48037    
2.50048    
3.74631    
2.98282    
3.25381    
2.98057    
3.43437    
2.51322    
2.54289    
2.31646    
2.74807    
2.51229    
2.30177    
3.44600    
3.21911    
1.99165    
2.74748    
3.72420    
2.73850    
5.14817    
3.23099    
2.76416    
2.73115    
2.32324    
2.08635    
2.98270    
2.53816    
3.02586    
2.74622    
2.97328    
3.25671    
2.49641    
2.97604    
3.25745    
3.48301    
2.99959    
3.24660    
3.74852    
2.29176    
2.96916    
3.51587    
3.45956    
2.49742    
3.91053    
2.99552    
3.96726    
2.02483    
3.20839    
3.00375    
3.97160    
3.25951    
2.76072    
3.45901    
2.32122    
2.76153    
2.99848    
3.23429    
3.48613    
2.52804    
2.50829    
2.77480    
2.05521    
3.74247    
2.76751    
3.24725    
3.70350    
3.50088    
3.73364    
3.27053    
2.25598    
2.99018    
3.00099    
2.54565    
2.49475    
2.54324    
3.01507    
3.70841    
2.30190    
3.73270    
2.79587    
3.98349    
3.46550    
3.00730    
3.22554    
2.74988    
2.81319    
1.29196    
2.31127    
3.01230    
3.49104    
1.78212    
3.00706    
4.93859    
2.99164    
1.82622    
2.00990    
3.72962    
4.23202    
3.99157    
2.28662    
4.19127    
2.72478    
2.98993    
3.02720    
2.53603    
2.98316    
3.66784    
3.24020    
3.26088    
2.78741    
3.25938    
2.72618    
2.75984    
3.47537    
2.76711    
2.98899    
4.21717    
2.29052    
3.24875    
3.26435    
3.42912    
3.75075    
2.75990    
3.51068    
1.75352    
3.24180    
3.74042    
2.26825    
3.22070    
2.78511    
4.20953    
3.25824    
2.78543    
2.79761    
4.45959    
2.50586    
3.48234    
2.78179    
2.76020    
2.24802    
3.06674    
2.51449    
3.92598    
2.28403    
2.04633    
1.29338    
1.32553    
2.78017    
3.23004    
2.99479    
3.20970    
4.21265    
3.22064    
3.44298    
3.22756    
2.29927    
1.77191    
3.48958    
2.97175    
2.71169    
3.46994    
3.45648    
2.99159    
3.48938    
2.97525    
3.45110    
2.75059    
2.53237    
3.22250    
3.98304    
2.52891    
3.21137    
3.48037    
3.23176    
2.02327    
3.02418    
2.50835    
3.95624    
3.24931    
2.75290    
2.81167    
3.21911    
2.08299    
1.79999    
1.83578    
3.93925    
2.75985    
3.00526    
2.51481    
3.00624    
3.43575    
2.76714    
3.28513    
2.78135    
3.50252    
2.54020    
2.76351    
3.00838    
2.78451    
3.71934    
2.53521    
3.24534    
2.49882    
3.24384    
2.74442    
3.77867    
3.00335    
2.75005    
2.78449    
2.48082    
2.52013    
3.02737    
3.23472    
2.51574    
3.24516    
3.24921    
1.56045    
2.73766    
3.03874    
3.25834    
2.26508    
3.97807    
3.23878    
2.31927    
3.01399    
2.51637    
3.73791    
2.77994    
4.20204    
4.43324    
4.20767    
2.73597    
2.01998    
3.25009    
2.26987    
3.26063    
2.52105    
2.77788    
2.74856    
3.00107    
2.28984    
4.39676    
2.55753    
4.90557    
2.99628    
2.98668    
2.53844    
3.23292    
2.76079    
2.98177    
3.74587    
3.25313    
3.02232    
2.48460    
3.23363    
3.03673    
2.98066    
2.72811    
2.30038    
3.27034    
3.26791    
2.72403    
3.00030    
2.99813    
2.75356    
3.96994    
3.24367    
3.70301    
4.22343    
1.78949    
3.72746    
4.21664    
2.81243    
3.01538    
2.26564    
3.53696    
2.77678    
3.25002    
3.52094    
2.98488    
2.76032    
3.98368    
2.51605    
2.97406    
2.30007    
2.74801    
2.76718    
3.73910    
2.75964    
2.78201    
2.73213    
3.75047    
3.70232    
2.76920    
2.98297    
3.26692    
2.30051    
3.24697    
3.74605    
3.45772    
3.47744    
2.99243    
3.04420    
3.23843    
3.25906    
3.01548    
2.72778    
2.51562    
2.78962    
3.72242    
3.27754    
3.22540    
3.70271    
2.73327    
2.27306    
3.50388    
3.00629    
3.27359    
2.74976    
3.95748    
1.76970    
2.75329    
3.24847    
3.69297    
3.02748    
3.03486    
3.00921    
2.03126    
3.19463    
3.44604    
3.50134    
3.20343    
1.80481    
1.82023    
3.49978    
3.24678    
3.20945    
3.00564    
3.48739    
3.21837    
2.74291    
2.52590    
3.73727    
3.02509    
2.04901    
2.74316    
2.49855    
2.53683    
3.24924    
3.01066    
2.03719    
2.76684    
2.95866    
3.72181    
4.22833    
1.28077    
2.68004    
2.04959    
3.47997    
2.95672    
3.20649    
1.55473    
2.72889    
2.76177    
2.98533    
3.48975    
3.00095    
3.67919    
2.72302    
2.29953    
2.94973    
2.99562    
