3.96256    
3.87592    
1.98586    
2.88354    
2.46515    
4.80626    
1.96824    
1.53399    
3.89711    
4.84673    
2.05547    
4.91638    
1.00697    
3.93868    
5.28585    
2.43895    
1.96364    
2.93585    
-0.45299    
-1.41990    
5.83538    
3.94992    
1.90259    
2.50510    
-0.88952    
2.10432    
0.93930    
0.15167    
1.88995    
4.03662    
-0.87089    
3.93867    
-0.01239    
2.96865    
2.06688    
4.47298    
1.03386    
3.85606    
0.48123    
2.13229    
0.48022    
2.55155    
2.50178    
3.03836    
1.07344    
3.93823    
4.85661    
1.02513    
2.96379    
1.48783    
2.45962    
4.08075    
1.45593    
2.95087    
2.04614    
-2.82492    
4.90117    
1.96638    
3.33560    
0.93389    
3.03510    
4.42351    
1.98455    
-1.89638    
0.12907    
4.11545    
2.94684    
3.06758    
-0.01630    
1.97353    
-0.44248    
2.94807    
1.08907    
3.97418    
4.44002    
1.61375    
2.44326    
2.95451    
2.87033    
2.82461    
2.81366    
0.09956    
4.53640    
1.91778    
0.97095    
2.50764    
4.83725    
2.76403    
2.03114    
0.53449    
4.80606    
3.96559    
1.96344    
6.36371    
1.94848    
3.08154    
3.93115    
5.01222    
2.83674    
3.83744    
2.11966    
2.92453    
3.00559    
4.02201    
2.92783    
0.98160    
3.42592    
2.41177    
3.45338    
0.87570    
1.06759    
2.96659    
2.06240    
4.86971    
0.93546    
1.01364    
2.31233    
1.51413    
3.51187    
5.48431    
0.54231    
2.08461    
3.80485    
3.98358    
2.93165    
0.09169    
1.20423    
3.02941    
4.86646    
4.72629    
2.40067    
3.92285    
3.28786    
4.07364    
4.88597    
3.36208    
4.87799    
2.04741    
2.85980    
1.95829    
3.35431    
4.33787    
2.91361    
0.12106    
1.04861    
2.84970    
2.91394    
2.85686    
1.00409    
2.03602    
3.52028    
1.02222    
3.40672    
3.00297    
1.51784    
3.85760    
0.99884    
2.20248    
2.50608    
0.09942    
-0.92661    
2.94906    
0.35067    
3.85165    
2.49721    
3.95479    
4.43864    
2.90084    
0.07553    
2.92935    
4.45519    
-0.77579    
5.97803    
3.02456    
2.07445    
3.01084    
3.98162    
5.44975    
2.95422    
4.91514    
1.40543    
1.58134    
3.82335    
2.49897    
3.00304    
4.87675    
3.77522    
2.15333    
-0.46890    
4.45769    
1.91586    
0.56130    
5.68692    
5.00762    
6.86536    
1.99261    
1.96873    
-0.37733    
2.27451    
3.52032    
4.08946    
5.97637    
2.03432    
3.01222    
2.94901    
4.30559    
1.47372    
3.91090    
3.86819    
0.95132    
0.52072    
-1.04294    
3.98777    
0.68161    
2.39851    
2.01181    
3.86916    
4.31206    
2.94777    
3.87285    
1.95328    
4.35068    
2.09839    
6.29978    
2.52110    
2.89917    
1.99997    
-0.37257    
3.38718    
4.95063    
2.11337    
4.41057    
2.49841    
2.09497    
5.95651    
5.14359    
1.10079    
1.97229    
0.10075    
1.37657    
1.05855    
2.90901    
1.51009    
1.04963    
0.69587    
6.41630    
1.03154    
2.92177    
3.00473    
2.51575    
3.99015    
3.47283    
4.41999    
3.05236    
2.89130    
2.96406    
1.89441    
1.02258    
3.97402    
4.78960    
5.85440    
1.90769    
0.01897    
2.02263    
5.77925    
2.86431    
3.90491    
2.42155    
2.96786    
3.01570    
2.45540    
3.88312    
4.98701    
5.08881    
0.98046    
-0.11048    
1.83955    
2.84338    
2.34776    
3.92641    
-0.87123    
3.51874    
2.98093    
2.68237    
2.88559    
0.54983    
3.26912    
2.89703    
1.46624    
3.34860    
2.36322    
1.49745    
4.88311    
1.56683    
2.87585    
-0.96346    
2.00678    
2.35369    
1.54929    
3.42131    
1.89935    
3.07697    
3.93340    
3.00016    
2.01884    
2.37204    
4.39511    
1.45443    
3.88847    
5.85773    
1.79729    
1.58388    
2.75600    
-0.73626    
3.91677    
-1.91803    
-3.67286    
4.87714    
1.17167    
3.99917    
3.05474    
2.98270    
1.42179    
0.13512    
1.83819    
2.92057    
2.94132    
2.93566    
-0.06618    
-0.77865    
1.79862    
3.77331    
1.44086    
3.82509    
3.49422    
2.65529    
2.99556    
1.15103    
4.92503    
1.50753    
6.44791    
0.60623    
0.99776    
3.46264    
5.90076    
3.95427    
2.39728    
2.09549    
4.86814    
2.61441    
3.00235    
5.02974    
4.46483    
0.59413    
4.42981    
2.48099    
1.87156    
2.88557    
0.99059    
3.03537    
1.91868    
0.66005    
2.96209    
2.89960    
3.88794    
2.94316    
2.53355    
2.01003    
1.44962    
3.07435    
2.84819    
3.35720    
1.96921    
3.92266    
4.08523    
-0.80373    
2.94610    
0.45273    
2.02818    
1.93647    
-0.85524    
3.91598    
4.82475    
4.49638    
2.13134    
1.97224    
5.33866    
3.95379    
3.03818    
3.83451    
2.98260    
3.07337    
3.94396    
2.15548    
3.89569    
1.48926    
1.98454    
1.88899    
4.83572    
2.89322    
4.08989    
2.93434    
1.99216    
0.95497    
3.83518    
2.96340    
0.97245    
4.48671    
1.45341    
3.90760    
0.11336    
2.85213    
3.39392    
4.89083    
1.95615    
0.95957    
4.89380    
6.89753    
1.94365    
4.29482    
4.83092    
2.96954    
1.92998    
2.87186    
0.98358    
0.89125    
1.42305    
1.98869    
1.96910    
1.48732    
0.90450    
2.98436    
-2.87654    
3.85318    
2.06469    
1.58326    
2.99775    
2.91700    
1.56683    
5.96750    
3.02354    
0.99106    
2.38236    
3.87274    
1.10032    
1.01469    
3.90577    
4.92219    
2.54234    
0.61728    
0.98726    
-0.86722    
4.26938    
4.80442    
2.93850    
3.11437    
2.88847    
2.82041    
3.45288    
4.32918    
3.88063    
2.94188    
6.39436    
3.95452    
0.84757    
2.00149    
1.00819    
2.92355    
4.92483    
2.89304    
5.87769    
2.92037    
2.53109    
2.87077    
3.98532    
0.08721    
0.11816    
1.51192    
1.00331    
4.00598    
-0.00139    
2.05320    
1.98079    
4.95151    
2.03849    
-0.39992    
1.00908    
6.00840    
1.04813    
2.31941    
2.05551    
2.00674    
1.77452    
5.79670    
2.55495    
4.41426    
2.04798    
3.01534    
2.81314    
1.96385    
4.25106    
3.36353    
1.36420    
4.04989    
4.39244    
1.05386    
1.90441    
3.80204    
3.07718    
1.94785    
4.37858    
1.10371    
4.73906    
4.53451    
2.06619    
3.51840    
3.97273    
2.15310    
-0.01737    
2.81702    
0.92684    
3.88742    
0.51196    
3.96178    
0.97432    
2.86061    
3.93785    
5.25871    
0.94404    
3.01528    
2.42062    
2.35946    
3.44695    
1.79358    
3.38602    
2.39483    
3.94032    
2.05281    
-1.82502    
3.83591    
4.00456    
3.00423    
3.50063    
2.01553    
3.92580    
1.95300    
3.94307    
4.29003    
3.84790    
2.97239    
1.63542    
6.89075    
1.94647    
1.50153    
2.59224    
3.03957    
2.48466    
1.09378    
3.99678    
0.95662    
2.45421    
1.02417    
4.87267    
2.52462    
4.43635    
2.95593    
3.52489    
2.62621    
2.03215    
2.85335    
-1.98644    
4.40299    
1.91138    
1.98970    
3.95156    
0.59768    
2.96245    
4.95675    
2.94607    
1.43694    
3.96397    
4.02653    
2.39607    
5.25788    
2.94376    
2.96143    
2.04780    
1.99125    
4.31893    
5.01663    
5.00755    
4.88442    
2.38199    
4.89617    
5.36469    
2.99190    
4.01598    
4.92702    
1.41024    
6.84906    
4.43350    
3.44345    
3.78887    
2.91104    
2.87433    
-0.02406    
1.39737    
3.92717    
0.92721    
0.56701    
3.96966    
2.46356    
4.00009    
1.03906    
1.60085    
0.90890    
2.91954    
5.98180    
3.43207    
2.93588    
1.00992    
-0.38333    
0.89891    
4.85285    
-0.46337    
2.11359    
1.06371    
4.96662    
0.54703    
3.91605    
3.93065    
2.91320    
3.06424    
4.09198    
4.44683    
1.06535    
3.41664    
4.93493    
2.05319    
1.94969    
3.01299    
5.33994    
2.84361    
2.02519    
3.86610    
0.54304    
4.91958    
1.07067    
3.80248    
3.45124    
2.02919    
3.05180    
1.42522    
3.86449    
1.90647    
6.10685    
2.93984    
4.05546    
3.96975    
3.90716    
3.81277    
5.42382    
2.33112    
0.99003    
3.74632    
2.39822    
-0.79233    
1.94656    
2.39613    
3.95612    
3.86018    
3.54025    
1.92638    
4.78106    
1.88909    
2.52739    
1.39643    
2.97424    
-1.71077    
1.01829    
4.38696    
2.95913    
0.97183    
0.01013    
1.45486    
4.10239    
4.44093    
4.96145    
1.98550    
2.04643    
2.43117    
3.97584    
1.96392    
2.86186    
3.84460    
1.98945    
2.97252    
4.83529    
2.83954    
4.50071    
3.91771    
2.97847    
2.92456    
2.95936    
4.39353    
3.88310    
2.91705    
0.48063    
1.97757    
4.76924    
2.85888    
3.03378    
-0.95315    
2.09106    
1.17719    
0.95716    
3.48596    
4.79165    
-0.10067    
2.95569    
3.88823    
0.07147    
2.91872    
2.44051    
3.33416    
2.02523    
2.92177    
3.85071    
2.48551    
4.84910    
2.98189    
2.90017    
0.71331    
1.94626    
4.35314    
3.82261    
1.85205    
2.06643    
-0.88637    
3.47510    
1.84311    
3.95963    
2.30313    
3.86193    
1.12560    
1.97957    
3.84631    
0.55465    
4.89145    
5.88860    
2.01201    
5.42008    
3.87619    
2.11157    
3.51168    
4.47274    
2.97067    
3.77626    
1.87308    
5.42960    
2.47300    
3.98320    
2.06289    
3.03380    
4.97324    
-0.85466    
3.43982    
3.40013    
4.45331    
2.48947    
1.01711    
2.96883    
4.49103    
3.79927    
1.47233    
2.91652    
0.00631    
1.98225    
2.43413    
2.91439    
3.99949    
4.47875    
2.56545    
-0.42356    
-1.80057    
1.11332    
2.92869    
0.02630    
0.56058    
0.55941    
4.46818    
3.39166    
1.98842    
3.36826    
2.88234    
2.04565    
0.03218    
1.86920    
2.05094    
0.42803    
4.00332    
0.49892    
3.88987    
2.92760    
2.84209    
0.98414    
3.51289    
5.33154    
6.38066    
0.97700    
3.36468    
3.85535    
2.03095    
1.03536    
2.03791    
2.94401    
3.91781    
2.97818    
2.00755    
5.01915    
0.62396    
3.39477    
0.91119    
0.96168    
2.37221    
0.54129    
3.85124    
-0.01058    
1.08986    
0.99998    
3.96261    
0.46537    
-0.98657    
7.80106    
5.30173    
0.57595    
3.92183    
1.53852    
3.99686    
1.11848    
3.75084    
2.10462    
4.81938    
3.89951    
0.97944    
3.96785    
1.48626    
2.96703    
3.40459    
2.52508    
4.83612    
3.42939    
3.01926    
2.81226    
0.95313    
4.44946    
1.54790    
1.04210    
4.48271    
2.01798    
2.03125    
4.39013    
4.00097    
3.36091    
2.45074    
3.04797    
0.49859    
2.48587    
3.00715    
3.91064    
5.87556    
1.94770    
3.87351    
4.79732    
-0.12784    
0.14706    
0.11143    
4.91812    
1.03247    
1.07541    
0.03366    
2.85677    
1.88659    
2.92990    
3.93983    
5.42847    
-1.40508    
1.95241    
2.92241    
4.01951    
3.47354    
3.90876    
1.92382    
1.88791    
3.44109    
3.61934    
0.07014    
1.52046    
3.02623    
0.98152    
0.48399    
4.01946    
2.90667    
3.43737    
1.97203    
3.91967    
3.91717    
4.43280    
3.40634    
5.91779    
1.44463    
0.07712    
1.01895    
3.03162    
0.53928    
4.36903    
-2.76753    
2.56465    
4.49739    
0.92531    
4.93084    
3.94727    
0.87054    
-2.97465    
2.90067    
2.95166    
1.48880    
3.93519    
3.42076    
0.05588    
-0.50431    
3.03481    
3.88552    
0.53487    
2.49957    
4.87871    
2.41634    
2.43412    
4.98303    
4.82495    
1.95516    
1.11151    
1.87356    
5.83685    
1.00228    
0.03092    
0.99382    
-2.80159    
1.41514    
3.76076    
1.93174    
4.03052    
2.40650    
1.91120    
1.92693    
3.91542    
2.99049    
3.83666    
1.55297    
0.09094    
2.55451    
1.04407    
2.00377    
0.98283    
2.89914    
1.01837    
1.00431    
2.94890    
1.99403    
1.84607    
4.84020    
2.86636    
1.95104    
2.88097    
-0.88564    
2.93255    
2.88413    
3.76992    
2.95724    
3.48867    
5.36352    
4.37909    
4.77676    
3.05378    
-1.80753    
5.37253    
-1.00900    
4.46726    
2.84570    
3.94883    
3.95397    
1.96195    
0.13357    
-0.47353    
3.91257    
3.88550    
1.89851    
1.99490    
4.92719    
3.99933    
2.52433    
5.37837    
3.91770    
1.95599    
2.93327    
5.48396    
1.88502    
4.37420    
2.09979    
2.84598    
3.07306    
2.44494    
0.57764    
1.11986    
4.04552    
2.09328    
2.92328    
1.89602    
1.98950    
2.97901    
0.11987    
3.50985    
3.00982    
4.84763    
1.08139    
5.92032    
0.17987    
1.93074    
4.99791    
1.12240    
0.08290    
-0.01652    
1.59031    
3.95079    
1.88627    
0.45514    
0.54072    
2.97875    
0.51024    
4.80991    
1.42133    
3.93115    
3.99398    
2.49146    
3.81709    
7.39710    
0.99107    
1.96617    
2.02571    
2.99229    
4.89812    
0.00177    
4.37976    
3.92447    
4.86204    
2.51626    
1.93020    
2.92990    
1.01493    
2.04047    
0.84872    
2.54924    
4.87658    
2.49795    
2.95957    
2.99659    
3.30540    
0.94601    
4.86621    
4.44063    
-0.08477    
2.98753    
5.90882    
1.47802    
3.46802    
1.99796    
1.13855    
1.44206    
1.93730    
4.47143    
1.97733    
-0.37275    
1.06527    
3.82320    
0.02702    
4.23257    
1.98430    
-0.03936    
2.94719    
1.41500    
1.46577    
0.06940    
5.35071    
2.96686    
1.85045    
4.50845    
4.43397    
-0.44132    
6.68778    
-0.41229    
-0.89660    
4.35018    
1.93792    
3.85999    
0.08918    
2.05456    
4.95284    
3.92628    
1.58957    
-0.92562    
5.97199    
1.90212    
2.90713    
5.37257    
3.40882    
3.38946    
1.42730    
2.46831    
2.98526    
2.98656    
4.92836    
1.95739    
0.90112    
3.92695    
4.89573    
3.17669    
2.50721    
3.45353    
1.98889    
2.10841    
0.00144    
3.45099    
4.95266    
0.13717    
1.51897    
2.48383    
2.83070    
4.77847    
3.48490    
4.95577    
2.02309    
0.95754    
-1.78727    
-1.05289    
2.97426    
3.86879    
4.52296    
-0.92031    
2.01799    
2.90870    
2.52410    
3.34155    
2.92479    
4.80193    
3.47209    
1.93954    
1.55105    
1.03365    
1.40856    
4.92091    
1.61388    
1.94066    
2.88811    
5.35604    
0.14033    
-1.79628    
2.87796    
2.96557    
-0.02183    
3.42955    
1.95787    
3.42550    
2.93226    
4.39926    
1.02036    
3.97384    
0.94085    
3.93415    
4.24985    
0.98162    
4.85701    
1.99497    
2.38407    
1.97860    
5.82304    
5.40923    
3.34747    
3.83712    
3.39255    
1.51533    
-1.00272    
1.90784    
0.02825    
1.07398    
3.93347    
1.97512    
0.10414    
-1.36424    
2.99964    
2.03350    
-0.86422    
2.91480    
2.39858    
2.09821    
2.30493    
4.02820    
1.50042    
3.29035    
2.49998    
2.51980    
2.03953    
1.98956    
-4.37993    
2.93157    
3.32096    
2.99676    
4.36801    
2.89413    
2.12057    
0.16890    
1.90845    
3.38970    
1.02428    
1.05617    
2.02768    
6.00735    
3.46238    
1.95931    
2.82478    
2.96047    
2.98471    
2.33675    
3.00444    
4.46332    
1.96457    
4.86300    
0.87160    
2.98643    
1.03794    
1.99025    
2.83948    
5.44355    
4.09712    
3.45184    
2.64547    
3.87063    
4.43841    
0.06401    
-2.30766    
4.95576    
1.48894    
4.85364    
-1.76503    
4.44915    
1.95040    
4.87180    
2.61443    
1.56000    
1.97388    
0.17064    
1.47512    
5.34253    
3.90424    
2.62905    
4.25386    
1.51263    
4.43385    
3.02094    
1.37705    
2.47910    
0.96408    
2.38196    
1.89864    
3.06956    
1.93914    
1.97651    
4.02464    
2.08946    
0.00718    
2.98769    
3.83434    
4.94996    
2.09074    
3.79790    
1.08143    
0.00379    
2.83518    
3.81144    
2.05936    
3.83873    
0.12473    
2.90968    
5.39481    
1.55938    
6.33962    
3.95542    
1.98559    
1.97356    
2.42730    
3.90692    
4.86666    
1.04488    
3.49757    
2.82752    
0.45569    
1.07424    
3.93036    
3.10995    
1.53850    
1.50133    
5.79693    
4.45774    
3.97857    
5.35478    
3.53558    
2.96727    
0.21730    
3.32744    
5.47241    
4.80414    
0.35613    
0.61020    
1.40226    
4.50961    
1.95044    
2.94043    
2.04790    
2.95687    
3.91109    
3.39258    
-0.03457    
2.45048    
4.86688    
2.85690    
2.92979    
3.50536    
2.02658    
3.48198    
-0.89738    
2.89976    
0.53918    
3.87097    
2.04125    
1.92639    
3.99007    
1.03019    
3.37870    
2.79894    
3.08238    
2.95081    
-0.35308    
1.88603    
1.99312    
1.95972    
0.01502    
1.43670    
4.42638    
0.15928    
-1.34173    
2.97086    
3.93476    
4.92270    
3.92026    
1.01982    
2.71113    
4.78764    
4.37003    
3.86512    
2.40531    
1.93657    
0.60883    
2.84822    
4.85651    
3.95180    
3.84094    
-0.03021    
-0.87802    
1.08975    
3.87265    
3.73753    
0.90922    
2.06314    
5.83835    
0.09045    
-0.86318    
2.07076    
-0.87526    
4.47248    
2.99443    
4.38649    
3.86221    
4.89816    
4.94349    
-0.83076    
3.01945    
-0.76405    
1.05114    
4.96194    
1.51492    
4.00589    
2.86487    
1.96292    
2.50652    
5.91987    
-0.79752    
2.90030    
2.06029    
3.30597    
4.09761    
0.87838    
1.08205    
5.02521    
4.93826    
3.85145    
3.36126    
0.09451    
2.84179    
2.89931    
3.85595    
2.04669    
2.02087    
1.93015    
2.08139    
3.92698    
3.21374    
2.35445    
1.57204    
3.00451    
2.00905    
2.79059    
0.96439    
3.94932    
2.05820    
1.44184    
1.98702    
1.10897    
2.35518    
2.91269    
3.83115    
6.49572    
2.52185    
3.91412    
1.09615    
3.43397    
1.04254    
2.82736    
2.92142    
1.04969    
1.96000    
4.86170    
3.48052    
1.92755    
3.37888    
2.86954    
2.45804    
2.91492    
0.15708    
0.49571    
1.97111    
4.34145    
4.93243    
2.45591    
0.10407    
3.86997    
2.96005    
5.96343    
2.47264    
0.60446    
4.74724    
1.43385    
2.96808    
0.99619    
2.88463    
3.01071    
-0.06971    
3.42305    
0.01481    
1.97120    
2.38245    
0.68102    
2.94430    
1.93712    
4.82961    
3.28627    
-0.03544    
1.94559    
1.95097    
2.95312    
0.01924    
4.87321    
2.85177    
0.06776    
3.00358    
0.90073    
-1.05807    
1.95572    
5.75689    
1.97117    
1.49310    
-2.35067    
0.06072    
2.94003    
2.97716    
1.63264    
3.87397    
2.97644    
3.00299    
1.02128    
4.95453    
2.38908    
5.47263    
2.88449    
5.39518    
3.04688    
-1.84317    
0.86059    
5.03905    
3.89826    
1.07228    
1.50166    
1.90959    
4.89473    
-2.43412    
3.93514    
1.88621    
3.93634    
1.49166    
2.04343    
3.86450    
1.95746    
1.10030    
4.93603    
3.83099    
3.76506    
2.90995    
0.51951    
0.89844    
0.96426    
2.94220    
3.48160    
4.89246    
3.01769    
4.88345    
2.47613    
2.94703    
1.85469    
3.51259    
2.54838    
-0.88694    
2.41282    
3.92852    
1.63718    
3.89271    
2.06763    
2.95773    
2.00397    
2.95252    
2.90186    
3.98116    
1.54477    
1.21104    
0.56930    
0.02045    
4.92194    
4.85083    
2.49660    
0.99766    
4.45059    
2.97454    
3.94153    
4.34939    
2.29689    
3.34496    
2.96396    
1.89582    
3.44409    
2.86492    
2.97517    
2.02980    
1.96366    
3.43421    
3.52212    
-1.45455    
1.40474    
4.00474    
4.90040    
1.07287    
3.84506    
-0.46383    
2.94859    
4.94147    
4.01488    
2.42650    
0.11852    
2.94340    
3.97099    
3.36177    
2.34157    
3.86322    
2.90388    
2.99805    
3.89381    
3.41480    
2.43934    
4.13279    
2.92695    
3.39317    
6.01151    
3.55316    
0.98055    
1.58400    
4.35386    
1.08645    
5.79251    
2.98776    
4.79297    
3.42994    
2.96462    
2.87894    
2.50876    
1.50267    
-0.86879    
0.94745    
1.52622    
4.02675    
4.82378    
1.14592    
4.03988    
5.43082    
5.41462    
2.30655    
3.81604    
3.88805    
2.05120    
3.92805    
2.85044    
3.98376    
1.92500    
-0.81339    
4.97357    
3.94809    
4.59306    
0.59193    
3.91180    
4.40647    
4.69216    
0.08059    
2.94462    
-0.77303    
2.47922    
5.43525    
3.07825    
3.07126    
4.42801    
1.89446    
1.39897    
0.96134    
3.03169    
3.85133    
2.43006    
4.38250    
2.38718    
0.61392    
2.47643    
2.14058    
1.51508    
-1.99397    
2.99367    
0.59033    
2.95875    
0.55308    
3.47152    
3.37535    
2.04498    
3.98106    
1.94319    
1.03783    
1.09273    
1.95311    
0.59346    
3.43214    
3.85462    
3.00161    
2.99196    
4.98129    
2.98672    
1.46452    
4.02975    
0.94650    
2.00240    
-1.07869    
1.91186    
0.47775    
5.38704    
2.03635    
4.59127    
5.41414    
2.95230    
1.94651    
3.81240    
1.50823    
0.95875    
0.04268    
2.03751    
2.02955    
0.88825    
2.88385    
2.47540    
3.96514    
1.85315    
1.60469    
3.89861    
2.06415    
2.95162    
1.96977    
3.84023    
4.96186    
1.87872    
1.12535    
0.36221    
1.43470    
1.98212    
2.40961    
-1.37018    
2.02302    
3.85497    
3.34172    
-1.89728    
2.79005    
3.89063    
2.03784    
2.95321    
1.06594    
5.82469    
0.55213    
3.80890    
2.98636    
4.45612    
3.97070    
2.03030    
3.44285    
-1.91284    
4.81866    
0.09858    
3.41556    
4.95672    
2.01840    
4.76357    
3.41854    
2.90581    
0.53339    
1.01425    
5.93241    
2.36799    
1.57047    
1.02038    
3.91983    
0.99083    
4.83495    
2.06679    
1.45777    
2.10680    
-0.45706    
2.99213    
-1.92254    
4.34013    
1.93565    
4.76670    
1.94329    
0.01151    
-1.78953    
1.95101    
3.92514    
5.41186    
3.74861    
-1.41706    
1.07295    
2.10997    
3.44675    
3.32048    
2.96170    
2.04409    
2.92666    
4.45712    
1.87692    
0.40192    
2.94083    
3.08197    
2.77439    
1.07691    
4.01562    
2.98103    
4.83009    
0.99879    
1.96608    
-0.79157    
-0.38682    
1.12892    
2.97231    
5.01024    
-0.79747    
1.89699    
3.39275    
1.87551    
0.53222    
3.93177    
1.92956    
1.04126    
2.96505    
5.90994    
2.50597    
3.42683    
2.92347    
3.38451    
1.95535    
3.84180    
0.51524    
3.50330    
2.09238    
3.40063    
4.32756    
0.08739    
0.07903    
1.03826    
0.62481    
2.38267    
4.49373    
2.06509    
3.99752    
2.81057    
3.91472    
1.51571    
0.15996    
3.04257    
4.46048    
5.25811    
0.87735    
1.00185    
2.99604    
3.91722    
2.87693    
3.42136    
3.40085    
1.04900    
1.96257    
2.41335    
6.39391    
1.85859    
4.93489    
2.88559    
3.42936    
4.90945    
5.06290    
3.35579    
2.97839    
3.78917    
2.60041    
-0.47394    
3.45587    
2.97067    
-0.83967    
7.00002    
4.35505    
3.03157    
-0.95533    
2.02691    
1.95855    
0.89339    
2.98459    
0.03249    
5.91457    
4.94703    
2.53285    
-2.00497    
1.05360    
4.98835    
3.93800    
-1.01666    
1.47118    
3.97987    
2.02213    
3.50825    
0.05137    
2.00512    
4.51282    
3.94304    
1.04631    
1.98658    
0.02513    
2.09990    
-1.34750    
4.57522    
4.48404    
4.92538    
3.85633    
3.39427    
0.92931    
1.98214    
1.88035    
0.46138    
4.89553    
1.05920    
4.43850    
2.84260    
2.42315    
3.44036    
1.49443    
3.36089    
3.01070    
1.51767    
1.95681    
0.10497    
3.98643    
2.94493    
0.49921    
1.00731    
-0.85920    
-3.38325    
2.79191    
4.02157    
4.41438    
3.36285    
2.72991    
5.43389    
1.96116    
2.93992    
3.06050    
1.93320    
3.87554    
1.88202    
2.01372    
5.75774    
2.13110    
4.85876    
0.13655    
5.52933    
3.88280    
2.08378    
2.98237    
-1.85682    
6.77503    
3.01378    
1.05454    
3.89025    
1.03000    
1.67708    
2.86203    
3.31886    
-1.84199    
4.00094    
3.98935    
3.12908    
0.10541    
2.98053    
3.91398    
2.07525    
2.46051    
1.45843    
3.01062    
2.95073    
2.81682    
5.78787    
0.99755    
0.13224    
3.79441    
3.01288    
4.58202    
4.01818    
3.95122    
1.95723    
2.94348    
5.37138    
1.09870    
2.77757    
2.02707    
-1.47348    
2.00306    
2.02864    
7.89406    
3.87849    
-0.83822    
3.88046    
2.99668    
3.88442    
2.96480    
-2.33959    
3.40153    
4.01129    
3.44282    
3.82866    
1.10897    
1.02454    
2.91021    
1.90115    
0.04245    
0.09954    
4.40008    
4.46968    
1.94514    
2.00870    
3.49626    
1.45352    
-0.38143    
2.87682    
3.91502    
2.96702    
2.00479    
2.34360    
3.70697    
1.06150    
-1.32382    
2.98353    
5.05890    
-0.80474    
3.41756    
3.90098    
1.40969    
0.12493    
2.31318    
0.49903    
-1.08993    
3.91826    
5.46282    
0.89241    
1.91121    
2.05333    
4.38771    
1.96482    
-0.79296    
2.40015    
2.96951    
3.44134    
3.43982    
3.96528    
1.84543    
2.81336    
1.99323    
4.55642    
2.91739    
5.83607    
2.95610    
3.80476    
3.93855    
2.92395    
2.49987    
0.02431    
-0.95997    
3.45499    
4.36195    
1.99047    
3.95361    
2.95246    
5.84050    
0.04318    
0.05360    
1.38430    
3.87132    
2.99909    
4.86668    
2.43784    
3.05438    
1.57759    
4.97534    
2.51755    
3.42966    
2.90000    
5.49765    
1.48663    
3.57654    
1.46717    
2.89377    
1.93121    
2.97843    
1.07532    
3.95448    
2.01479    
1.97410    
1.49181    
3.48484    
0.97198    
1.11507    
-0.04146    
0.54279    
1.99961    
5.43459    
4.85984    
4.90714    
5.36440    
4.90699    
2.54740    
2.91430    
3.83548    
1.89986    
3.92620    
2.51925    
3.03319    
1.96273    
4.41907    
2.09828    
0.07864    
2.92056    
-0.34422    
3.02319    
0.90188    
4.89169    
2.08825    
1.56398    
5.45843    
3.00709    
3.80972    
1.05304    
2.00124    
2.01223    
0.43029    
1.99529    
4.86879    
3.36525    
3.94959    
4.93777    
1.06873    
4.88988    
3.02146    
2.03412    
4.92553    
2.45050    
0.60872    
2.00082    
0.93674    
2.93550    
1.97908    
3.36486    
1.97073    
1.00022    
4.05501    
3.47352    
2.89503    
2.90553    
3.78402    
2.03940    
-1.04091    
1.12529    
3.97050    
0.09178    
3.37452    
-0.46517    
4.92738    
1.88076    
2.94655    
3.45021    
4.03945    
1.99902    
2.94458    
0.09388    
3.40603    
-0.04162    
3.86479    
3.46347    
0.87750    
1.01948    
0.64005    
1.11290    
-0.10737    
1.93011    
2.89384    
2.12364    
0.01772    
1.57975    
-1.74972    
6.01527    
2.97199    
4.35416    
4.43765    
2.40895    
-0.04266    
0.44077    
0.89306    
4.36919    
2.04906    
1.45504    
3.00697    
4.88439    
2.81641    
3.01016    
1.99759    
1.40201    
1.01305    
-2.35366    
0.05668    
3.03134    
3.96134    
-1.34595    
1.02868    
0.49415    
4.80584    
3.44462    
0.93747    
4.93782    
3.89020    
-1.96607    
1.53639    
3.99401    
3.88667    
4.05314    
2.98163    
3.02962    
4.42358    
0.95315    
3.33844    
1.92887    
5.02636    
4.01535    
2.05654    
1.08288    
2.42628    
2.39327    
4.99682    
1.03619    
2.97867    
4.51334    
3.34085    
2.96128    
2.01730    
3.29699    
3.49382    
4.43752    
0.37932    
4.01335    
3.37860    
1.08517    
1.52299    
3.92832    
3.48674    
1.94508    
0.43327    
-0.82306    
0.96841    
4.90563    
0.11716    
4.89039    
3.42232    
3.95237    
1.00671    
5.78548    
1.10081    
0.03861    
2.29232    
2.44651    
2.45263    
5.93712    
4.00225    
1.00825    
0.98406    
3.96075    
1.92681    
3.42848    
3.97707    
1.90857    
3.95463    
3.97549    
1.47266    
3.92925    
1.42106    
4.28504    
2.53576    
0.05287    
0.05446    
0.97257    
3.81784    
5.94632    
1.15369    
3.97899    
3.95860    
-1.83347    
2.93951    
3.04079    
4.91517    
2.91085    
1.41607    
3.89318    
3.86976    
0.91890    
3.95098    
6.29435    
3.70627    
1.72386    
4.43105    
2.96716    
1.09178    
4.86013    
4.48121    
4.77831    
-0.82838    
1.99440    
5.88926    
4.43189    
1.48936    
3.87014    
3.38873    
1.89320    
2.92551    
-0.78385    
2.89244    
0.03183    
2.59660    
-0.89124    
-2.28565    
1.92216    
1.93355    
3.45655    
1.39621    
0.93866    
3.81991    
2.58874    
2.40836    
2.49158    
0.46893    
2.99361    
0.57998    
3.99049    
2.53426    
1.11837    
3.52508    
1.07788    
5.00325    
4.86606    
2.98499    
4.80272    
3.85784    
3.98188    
0.15373    
2.08473    
0.56898    
2.01080    
2.85754    
4.93423    
3.89623    
1.01909    
2.07989    
4.97174    
3.37408    
1.96206    
1.99164    
0.06496    
4.91535    
0.10480    
4.34701    
3.85595    
2.90793    
0.99434    
4.28267    
2.44183    
1.89836    
3.32950    
4.76446    
-0.89007    
3.02583    
1.07496    
-0.35108    
5.79517    
1.07355    
2.88959    
3.94125    
4.91177    
2.00520    
1.00930    
2.94644    
1.06524    
3.94922    
3.83656    
1.97815    
1.91161    
3.90406    
4.84337    
2.47906    
2.94898    
0.00534    
2.12375    
1.00902    
3.80539    
3.87228    
2.42472    
2.92749    
1.96700    
4.06273    
3.91976    
3.96739    
4.26276    
3.39641    
4.87142    
2.91860    
1.61489    
-0.48253    
2.41672    
1.42326    
5.82654    
3.40326    
1.90617    
2.99452    
1.90861    
1.91990    
2.04708    
2.80030    
0.95125    
4.86197    
0.88269    
1.12116    
3.93139    
3.89213    
1.99748    
3.89800    
2.04366    
3.91704    
3.85814    
1.59713    
1.89193    
0.86603    
2.92680    
3.42236    
1.45653    
2.96638    
2.08539    
4.14049    
2.04816    
2.97331    
2.06085    
3.03691    
1.47246    
5.80837    
4.91064    
-0.01045    
-0.32571    
3.91352    
4.00585    
1.94362    
1.99585    
1.99220    
2.42788    
4.50803    
0.94161    
4.79696    
3.52051    
2.98253    
3.47860    
2.48641    
4.02229    
4.02846    
1.90612    
1.01004    
4.98246    
-0.02701    
1.90311    
-0.69131    
0.93005    
0.99044    
1.85054    
2.03348    
2.43682    
4.42568    
-0.06832    
3.92009    
-0.00687    
0.05021    
0.61699    
-0.83202    
1.55183    
5.92397    
3.33806    
4.80716    
4.40790    
2.86790    
3.46402    
2.99665    
1.95237    
3.01136    
0.01570    
3.49693    
0.00630    
2.91770    
2.00478    
2.89915    
2.06851    
6.79018    
1.04830    
2.51884    
5.92664    
3.96300    
2.99546    
3.09614    
6.77845    
4.07412    
0.96467    
3.46827    
2.02138    
4.00191    
3.32828    
2.86969    
1.88800    
3.94534    
6.45593    
2.55355    
3.79214    
3.43805    
2.50912    
2.91425    
2.90776    
4.34191    
0.46774    
2.50101    
2.01450    
3.03006    
1.93745    
1.04055    
2.46530    
0.10308    
1.89369    
2.02405    
4.92687    
2.09799    
1.98779    
1.03176    
1.84264    
3.83916    
0.02300    
2.98140    
1.06415    
2.84193    
2.48296    
1.80117    
3.37143    
3.37333    
3.76137    
4.89638    
1.89705    
-0.87169    
4.82963    
0.99365    
0.10099    
3.96740    
3.95078    
2.98081    
3.50538    
3.92705    
2.95163    
-0.76430    
3.88964    
2.47043    
3.10924    
3.12415    
0.11633    
3.94779    
3.06162    
3.06561    
1.92170    
1.86605    
2.98430    
3.99337    
3.95748    
-0.03717    
2.91799    
0.48968    
3.93920    
1.96519    
4.91788    
2.95500    
1.55857    
3.04605    
2.01353    
4.37726    
3.51716    
1.47166    
5.24855    
2.96769    
3.91220    
2.13357    
2.93543    
3.48355    
3.90380    
3.84856    
3.76729    
3.83296    
2.85814    
0.93300    
2.93499    
1.63324    
2.01566    
3.90089    
1.59365    
2.06692    
5.45939    
4.85940    
4.96346    
1.55324    
-0.01021    
3.92914    
1.85875    
-0.46269    
2.50422    
2.88494    
2.50742    
2.07495    
3.48620    
3.05625    
2.94097    
3.93725    
1.96000    
0.11882    
1.97567    
1.89718    
1.88275    
0.05160    
0.39684    
2.11344    
1.94992    
1.96167    
1.43377    
2.42687    
4.46477    
-0.81958    
1.43361    
2.02105    
-0.91226    
-0.00723    
2.35867    
0.14712    
1.96763    
2.00845    
2.33058    
5.36294    
1.07608    
4.02136    
1.50811    
1.93716    
1.51352    
2.97032    
1.98512    
3.35334    
0.03132    
4.84814    
3.00595    
3.98645    
3.87551    
3.92537    
3.43591    
0.98070    
2.38115    
3.87557    
0.61132    
4.37287    
0.19942    
5.44452    
3.00037    
3.36960    
1.94623    
0.91452    
2.00094    
3.83033    
1.66197    
3.95038    
2.45194    
4.85614    
4.39701    
3.93583    
3.87994    
1.41453    
0.94827    
4.29366    
4.79164    
1.98990    
2.93666    
3.84660    
2.96530    
3.02442    
3.92161    
3.31315    
3.86409    
5.00055    
2.05118    
1.96981    
1.04394    
2.38325    
2.89745    
2.51035    
2.87909    
3.90268    
2.53315    
1.93275    
4.87498    
3.84084    
2.48293    
5.85847    
2.01519    
1.48258    
5.03716    
0.96150    
3.05768    
1.00158    
0.04181    
-1.78829    
0.03714    
2.93985    
4.71492    
4.65953    
4.90224    
1.07895    
4.92132    
3.97769    
2.98542    
-0.48817    
-1.00064    
0.91779    
2.94675    
2.95474    
2.15735    
3.85097    
1.06087    
3.92947    
2.88680    
2.43530    
4.86211    
3.98777    
4.97730    
3.45297    
3.95863    
1.08600    
3.44677    
5.00368    
2.77555    
1.90042    
3.84557    
5.00223    
1.05175    
2.35694    
1.99257    
3.97284    
2.94246    
3.04664    
4.39171    
3.90027    
0.94579    
4.02695    
2.09564    
2.94812    
1.80751    
4.89326    
4.39896    
3.92532    
5.91635    
3.95732    
4.43056    
1.04715    
3.87454    
4.97004    
-0.87262    
1.44674    
2.01588    
2.08065    
2.91536    
3.98688    
4.49958    
2.45315    
5.87861    
2.95090    
4.05175    
3.99535    
1.90368    
2.98305    
3.37522    
2.01220    
-0.92132    
3.40184    
2.00142    
2.10219    
4.40311    
0.07760    
3.41063    
2.54640    
2.98182    
3.90773    
4.47192    
1.94106    
0.99013    
3.33492    
1.09473    
3.91365    
3.92663    
2.93566    
5.89545    
3.89437    
4.43689    
6.49773    
4.85076    
1.90626    
3.46840    
2.43501    
1.93705    
5.77503    
0.52787    
2.00788    
0.59865    
-0.90504    
1.06361    
2.91492    
3.49799    
5.35025    
2.32664    
4.24916    
3.88911    
2.47462    
4.48760    
1.96626    
4.74200    
3.90657    
0.07976    
3.93367    
4.77255    
4.48057    
2.66708    
4.89749    
3.75448    
3.47529    
0.89342    
1.97989    
3.98089    
4.41745    
2.05304    
1.10281    
2.87613    
2.85654    
0.97758    
2.99983    
4.92359    
2.00355    
-1.83593    
3.06071    
2.93213    
3.37540    
4.43461    
3.56199    
1.08725    
2.88344    
1.55252    
3.86318    
1.85882    
3.92434    
2.82374    
2.02441    
3.83621    
3.82469    
3.90286    
2.96345    
4.88718    
3.43463    
3.91656    
4.87788    
3.82994    
2.01995    
1.93453    
4.84269    
6.42636    
1.93287    
5.51726    
-0.30944    
1.05810    
4.45743    
0.99653    
0.47303    
-0.90098    
2.06311    
2.94897    
1.44340    
0.57820    
2.08160    
4.43932    
1.97014    
1.92321    
0.94404    
2.02920    
-0.03996    
2.33314    
1.90424    
0.04918    
2.83711    
2.84828    
3.38008    
2.44785    
3.86855    
0.92481    
3.87405    
5.91965    
2.36912    
5.87782    
2.09880    
2.01804    
4.89678    
1.57786    
2.45509    
1.87324    
5.90973    
0.01726    
3.92973    
3.41877    
3.89955    
3.89495    
0.91307    
1.15887    
2.07136    
3.89252    
2.27850    
1.89250    
3.37546    
3.00532    
1.47757    
7.81268    
0.05086    
3.01930    
1.93106    
2.49663    
4.84714    
4.04873    
1.56057    
1.88264    
3.12569    
2.38211    
2.99463    
5.03350    
2.97321    
2.91092    
1.90860    
-0.95550    
2.07225    
1.56094    
1.96519    
3.50190    
2.40287    
1.00227    
0.97655    
2.94860    
3.46295    
3.87569    
1.43266    
1.41211    
2.88046    
0.86733    
-0.06267    
3.08400    
2.54760    
2.45280    
2.54257    
2.11636    
3.46741    
1.01018    
0.97957    
0.20051    
3.86967    
2.97069    
3.90928    
1.88403    
1.57547    
3.51382    
3.92748    
2.97136    
2.83929    
2.93796    
2.60355    
3.38303    
1.98809    
0.99991    
4.00340    
0.03565    
3.89787    
0.96762    
3.91919    
3.98457    
2.86173    
1.88385    
0.12136    
4.43704    
2.33894    
3.25666    
2.81262    
0.15038    
2.95519    
0.86728    
3.93705    
3.93581    
-0.78230    
2.51143    
6.81540    
2.91757    
2.79565    
3.41970    
0.96876    
3.06089    
2.91985    
1.74358    
1.53999    
2.10128    
4.99282    
0.10708    
3.34367    
2.10124    
2.41751    
1.46681    
2.93398    
2.44228    
3.83665    
-0.05726    
-0.08618    
3.82125    
1.04677    
1.91437    
1.90663    
4.42755    
3.41565    
2.53568    
2.45560    
3.02731    
0.09402    
4.03481    
5.37268    
5.04043    
3.41251    
1.41759    
3.03566    
1.91029    
0.10073    
5.82077    
2.40534    
3.93892    
2.90184    
3.02153    
4.79525    
2.45038    
2.86952    
5.05505    
0.50544    
3.02768    
3.96659    
0.04702    
4.98313    
4.91078    
4.77775    
4.44017    
5.87147    
4.06790    
2.97653    
1.13004    
1.43889    
2.90616    
2.00028    
3.95253    
4.00982    
4.08308    
2.50199    
-0.13146    
4.95096    
0.98754    
3.32175    
3.93871    
5.76233    
2.90620    
1.99267    
5.43458    
2.54389    
3.88395    
2.91057    
5.75708    
2.03845    
2.90078    
3.95238    
4.99453    
3.73514    
1.47202    
3.96970    
4.45027    
3.83602    
3.90259    
2.06578    
3.78257    
2.01436    
1.97737    
3.85898    
5.26351    
2.79061    
0.58766    
3.89473    
2.00047    
0.05064    
0.04160    
1.04151    
3.45289    
2.50669    
3.88742    
5.26186    
0.97916    
1.53831    
3.09065    
4.45467    
2.52676    
2.02000    
3.79271    
3.40321    
3.03036    
5.94686    
4.93852    
2.01964    
1.44913    
-0.01479    
5.03931    
0.92409    
1.54572    
2.88417    
-0.96926    
-1.86154    
3.90218    
2.88628    
1.89268    
-0.02581    
1.96781    
4.84469    
3.94396    
1.13343    
3.95704    
4.37734    
-0.90503    
2.97279    
4.44351    
2.21464    
1.53566    
2.02967    
1.46354    
2.44550    
0.97266    
1.95707    
1.45344    
0.94841    
2.85870    
3.56605    
2.95307    
1.89098    
1.83458    
0.98661    
1.03672    
2.07503    
0.04521    
2.96463    
4.42353    
3.37744    
1.11374    
3.40930    
1.90157    
1.89911    
1.01821    
1.50055    
3.96302    
2.95078    
0.25921    
2.79672    
4.44883    
2.88512    
2.11292    
3.06320    
6.43907    
1.35744    
4.00463    
4.96553    
3.97204    
3.55861    
2.98969    
3.89208    
3.35779    
5.96862    
1.95934    
2.94662    
1.95289    
2.03630    
3.96605    
1.02539    
2.95687    
1.05761    
-0.41928    
2.91340    
1.93568    
6.88122    
4.45652    
1.56421    
3.86830    
1.41242    
0.63762    
3.37488    
2.02569    
0.95638    
1.13962    
3.01226    
2.90299    
0.85059    
2.98989    
1.99419    
1.58367    
4.46705    
3.89823    
4.86631    
1.96021    
5.79259    
1.93526    
1.01751    
0.87140    
5.94157    
5.36809    
-0.98920    
1.54551    
4.88375    
4.96246    
1.88587    
0.52945    
-0.95549    
2.96994    
3.44095    
3.41734    
0.06929    
2.99773    
2.97305    
1.94760    
4.43563    
3.01719    
2.93527    
3.98230    
5.93890    
-0.41640    
2.86689    
0.06773    
2.00473    
5.39537    
-0.81779    
-0.46139    
-0.95869    
3.99695    
2.92793    
3.91206    
2.46399    
1.44058    
3.00026    
0.99362    
4.07136    
0.02522    
3.01723    
5.36973    
3.02378    
1.93567    
4.94915    
0.96031    
1.89130    
2.07083    
-0.57095    
2.03725    
3.83261    
2.87085    
2.95434    
3.87781    
3.91598    
2.89238    
6.54811    
2.90728    
2.91951    
3.36688    
4.04247    
4.49035    
1.06028    
4.81719    
2.01292    
2.92120    
4.92626    
2.97786    
2.48265    
2.86471    
3.92948    
1.12596    
0.37916    
2.12793    
1.46901    
3.01897    
2.89024    
2.53644    
-1.34358    
-1.32914    
3.49331    
4.79256    
2.49240    
1.01705    
2.96971    
3.83881    
3.01874    
2.02394    
4.87046    
2.06312    
3.93970    
1.02709    
2.91854    
1.43434    
0.01234    
0.07760    
3.25220    
0.47876    
4.92083    
0.96246    
2.56000    
2.83942    
2.43747    
-1.48922    
2.82829    
1.49545    
-0.80177    
4.27521    
4.34064    
3.39176    
1.99616    
1.04929    
1.98076    
3.47360    
3.79264    
2.97076    
3.94967    
2.87598    
2.51160    
3.81662    
-0.38672    
4.91820    
2.86765    
3.48128    
1.11120    
3.92985    
5.37315    
3.86562    
2.01479    
3.07369    
-2.82260    
1.96095    
3.03383    
4.90627    
3.90480    
0.04851    
0.06685    
0.03370    
4.02869    
2.97468    
4.35211    
1.96305    
3.34779    
3.92347    
2.48248    
4.80852    
-0.74901    
5.82577    
3.82528    
0.97620    
4.09870    
3.88261    
2.87259    
5.91504    
3.85742    
4.88426    
2.75107    
3.35713    
2.00483    
3.85376    
-0.46208    
3.06699    
3.46258    
4.38602    
3.01988    
0.57468    
0.47289    
2.99537    
3.02736    
0.59671    
2.88859    
4.78132    
2.91892    
4.83865    
2.11631    
1.06954    
-3.86009    
1.02590    
1.10715    
1.95864    
3.91952    
1.00008    
2.47924    
2.04866    
3.35552    
1.93521    
-1.86517    
3.85356    
2.95577    
3.37895    
5.86329    
2.07467    
-0.82154    
4.73665    
2.92700    
2.12179    
1.98118    
2.34417    
3.42519    
3.91096    
2.92554    
5.44198    
2.99327    
1.03949    
1.97207    
1.97367    
3.90597    
2.07187    
2.93102    
3.85272    
5.39871    
3.99379    
1.96164    
4.42729    
4.01225    
3.36096    
1.52713    
4.97601    
1.98490    
-0.07053    
1.13255    
4.92771    
3.34964    
0.06026    
1.56286    
2.97392    
1.89820    
2.05226    
0.59165    
2.43035    
0.51268    
-2.92952    
6.43177    
5.47599    
4.96653    
3.84081    
2.90425    
3.95952    
3.29722    
0.40694    
4.94607    
2.36025    
4.00107    
3.88801    
1.12020    
3.06355    
2.84797    
1.03661    
2.93803    
2.00369    
-0.35397    
4.52298    
2.91688    
0.00202    
3.39277    
1.98344    
1.88563    
4.32396    
1.03187    
2.46288    
2.95107    
5.85214    
0.92166    
3.44588    
2.00225    
3.87504    
1.92857    
2.93053    
4.05268    
1.93987    
1.09391    
3.41819    
2.93072    
0.88507    
2.07315    
2.90892    
3.41428    
4.00718    
1.47869    
2.66779    
2.48960    
3.93663    
5.86171    
2.86522    
3.88164    
2.92309    
2.49355    
3.31648    
2.36942    
4.55188    
2.01526    
3.98607    
1.09871    
1.54460    
4.43041    
3.92263    
0.13821    
3.09033    
1.41164    
4.77688    
4.85492    
0.47151    
-0.04547    
2.01706    
1.26953    
3.42064    
2.94301    
5.27581    
4.79636    
1.87857    
1.93618    
2.89838    
4.87339    
1.02980    
3.97921    
0.92271    
2.98909    
0.56523    
2.95004    
1.94755    
2.39412    
2.43879    
0.13804    
0.57515    
0.50954    
4.78137    
1.97974    
1.04967    
0.16527    
2.94972    
0.91684    
2.44202    
5.01058    
-0.86469    
2.92948    
-0.89218    
3.02825    
0.97542    
0.98182    
3.85446    
1.89963    
3.99251    
3.99802    
3.89361    
2.47971    
3.48099    
3.97348    
1.97665    
3.41461    
3.89830    
3.97432    
3.43457    
2.91104    
3.86132    
-0.01921    
1.65596    
3.94071    
1.00631    
4.83051    
2.87668    
4.93192    
1.09651    
4.04745    
2.99270    
1.89011    
3.42686    
3.03442    
1.50415    
-1.93127    
2.84746    
2.99473    
3.81578    
1.55380    
4.03231    
2.89335    
2.98820    
1.94093    
1.06431    
3.98644    
2.53253    
2.11081    
3.86698    
3.94558    
-0.92023    
3.92370    
6.87831    
2.82741    
0.95028    
5.35238    
3.91175    
4.93941    
0.12485    
3.43294    
4.46041    
1.93908    
2.40511    
2.95379    
2.91731    
1.98321    
2.12344    
3.04122    
2.94183    
3.38197    
2.03381    
3.99615    
2.44062    
3.87589    
6.84771    
-1.89986    
2.93841    
3.83867    
3.94324    
1.90303    
-0.39671    
0.99290    
4.46157    
3.51102    
-2.25839    
3.40832    
4.40429    
4.01280    
1.96603    
2.09016    
3.81384    
1.94391    
2.90936    
5.79832    
5.40072    
3.80714    
2.84624    
2.06305    
2.32232    
-2.36872    
2.97089    
4.40765    
3.91256    
3.96372    
1.02429    
2.03241    
3.41587    
3.01858    
2.40918    
2.97536    
3.98902    
4.44250    
4.79919    
2.39756    
5.87018    
1.12599    
2.84688    
1.96202    
-2.79234    
3.82551    
0.06390    
8.37001    
4.99606    
2.55209    
3.03336    
1.02277    
1.03537    
4.95881    
3.36253    
5.00281    
-0.42832    
-0.83753    
2.39702    
0.03099    
2.08152    
1.91559    
-1.90458    
2.94389    
2.00003    
3.03144    
3.37432    
3.85413    
3.45860    
1.90503    
4.48120    
2.08927    
4.79374    
2.90770    
3.92278    
2.98645    
3.04109    
3.03328    
4.95031    
2.45142    
0.12451    
4.05329    
3.86566    
1.42170    
1.88212    
1.95676    
-0.08969    
-0.82097    
5.82850    
3.85621    
1.12158    
1.91351    
2.01163    
1.49813    
2.59512    
4.36537    
2.03959    
2.06745    
2.32005    
5.43791    
-0.89910    
-0.54836    
3.80471    
4.36800    
2.00803    
1.45168    
2.48715    
2.96174    
4.86784    
2.46401    
3.33489    
0.65623    
1.95127    
1.50406    
4.75617    
3.90734    
3.03385    
4.76351    
0.86966    
2.10830    
4.39736    
0.98284    
1.88541    
4.93656    
3.87324    
1.03463    
0.14713    
4.93700    
3.05105    
2.44343    
-0.74114    
2.94132    
3.85354    
2.12607    
0.58267    
2.43625    
2.00358    
4.44416    
5.82270    
2.46406    
2.91121    
2.01510    
6.02660    
-0.94206    
4.36709    
-0.09227    
2.88847    
2.93563    
2.99934    
-0.01240    
3.96950    
1.89807    
4.37265    
-1.82370    
5.00137    
3.88290    
-1.03984    
1.48037    
4.89564    
3.11708    
7.00009    
4.87169    
3.49105    
-0.91319    
4.93835    
2.03552    
1.80806    
2.94888    
1.01360    
4.72285    
3.01967    
1.99693    
1.96632    
0.18169    
2.96627    
-0.05913    
1.12627    
1.41650    
2.50195    
2.96462    
2.05600    
-1.00590    
2.97666    
3.97070    
3.97659    
3.88640    
2.40828    
3.85728    
2.95417    
4.91613    
-0.46572    
1.01623    
3.49155    
4.88009    
1.39406    
3.91275    
5.89808    
2.02935    
2.04604    
1.08595    
1.85461    
0.06372    
3.09136    
0.08663    
2.87621    
1.94390    
2.98325    
3.91104    
1.49541    
3.48955    
-0.78776    
3.47659    
0.98294    
3.93492    
0.16226    
2.91367    
2.98498    
2.99904    
-1.02649    
1.46048    
1.91852    
4.38841    
-0.96591    
0.94964    
0.06748    
-0.54972    
2.95166    
4.93100    
1.99833    
-1.70051    
0.01792    
2.90094    
2.09027    
3.83223    
3.83115    
0.54315    
1.91348    
2.11750    
4.38486    
4.93487    
6.42200    
1.10526    
3.82840    
1.08547    
0.99014    
4.32507    
2.01572    
2.88266    
2.98442    
3.38296    
2.98543    
4.96733    
3.88060    
3.04431    
-1.32828    
1.89885    
5.40667    
-1.88989    
2.90995    
3.97772    
2.85794    
3.46918    
1.96935    
3.03781    
-0.43858    
3.90125    
0.98199    
4.86611    
4.79582    
2.96420    
0.50880    
3.91795    
1.96281    
5.08119    
1.91538    
1.08555    
0.92725    
3.46085    
5.39031    
3.41267    
1.91240    
2.94128    
0.07396    
1.99249    
3.42953    
1.85914    
3.38062    
3.76902    
2.40667    
1.98104    
2.41084    
3.10172    
3.92450    
2.52571    
-1.91837    
3.92214    
0.91075    
4.73254    
3.05257    
1.63835    
1.10201    
4.90998    
1.95597    
3.92811    
2.90451    
4.92018    
-0.00220    
2.91663    
0.46529    
1.05534    
3.88843    
0.96085    
1.97200    
1.54336    
1.46974    
2.84161    
3.46218    
2.93850    
1.99558    
-0.88944    
3.86291    
3.88739    
2.98235    
2.38775    
4.33510    
2.96818    
3.00646    
2.97331    
2.05421    
3.95678    
1.05092    
0.93643    
-2.94115    
5.84339    
3.97461    
4.38439    
1.47825    
2.05430    
-0.91627    
3.01513    
2.27806    
3.79494    
2.91149    
2.89719    
0.19120    
1.95078    
5.05148    
6.95815    
-0.39253    
1.96568    
1.05844    
1.47147    
2.91801    
-0.58116    
3.43914    
3.36293    
4.86034    
3.99899    
-0.86290    
2.82168    
3.89826    
3.96144    
2.42292    
3.93619    
2.07117    
3.42776    
3.06454    
2.16166    
3.90804    
-1.89104    
3.99280    
1.56921    
4.88514    
3.87115    
4.95268    
1.98333    
2.98655    
2.94017    
0.47240    
3.96256    
1.84690    
-0.06861    
3.88561    
1.06366    
6.27250    
3.94850    
-0.95162    
3.89082    
3.91208    
4.88336    
3.95898    
3.93654    
2.08233    
3.89941    
1.03771    
1.56684    
1.98785    
4.88353    
-1.30724    
3.49779    
1.95139    
-0.34913    
-1.40279    
-0.93050    
4.80825    
0.49156    
5.02110    
2.81718    
1.17875    
3.48432    
0.96735    
4.89409    
3.85590    
3.89744    
2.95072    
4.03913    
3.90659    
1.45842    
0.09221    
2.92926    
-0.33470    
2.97476    
3.88317    
0.38988    
2.94157    
0.06277    
1.06526    
1.11175    
3.89506    
0.95977    
0.14041    
3.89063    
0.98250    
3.77925    
2.62017    
4.59454    
3.89504    
3.10172    
2.93381    
0.99371    
1.97689    
2.49453    
3.06523    
1.99784    
1.00448    
1.12405    
1.99457    
4.43586    
3.98915    
4.92743    
4.45614    
2.51207    
3.42326    
2.99277    
2.91013    
3.71039    
1.97156    
1.05729    
0.58369    
2.49580    
3.98307    
4.44218    
-0.06261    
0.43798    
5.30850    
3.06599    
3.09338    
1.99864    
-0.02238    
0.57872    
6.76001    
0.98961    
0.58212    
3.98412    
2.47979    
1.47025    
4.78848    
2.91950    
2.85876    
4.04753    
1.03849    
3.96773    
1.40932    
3.91392    
1.05179    
2.00779    
1.02368    
5.88115    
2.85148    
1.45359    
4.96130    
0.96271    
1.11427    
1.88873    
2.13203    
2.01309    
1.00683    
1.48393    
4.86611    
1.40199    
0.21305    
-2.34694    
5.29673    
3.00095    
2.44058    
0.05412    
2.03171    
0.98783    
3.88177    
-0.80830    
3.91282    
0.15211    
5.84216    
1.56295    
1.89668    
4.04957    
2.94839    
2.86637    
1.94829    
3.91265    
2.50082    
5.01582    
2.99888    
2.50916    
3.53334    
4.29991    
1.48070    
4.84759    
2.88759    
4.37125    
1.96484    
1.94009    
1.96881    
3.75278    
1.02240    
1.98449    
0.42290    
3.36963    
3.46299    
3.96585    
4.36645    
3.03773    
2.00778    
3.82738    
2.53231    
1.95762    
0.00840    
0.10189    
2.06305    
1.31803    
2.94503    
1.89559    
4.42226    
5.79705    
3.44589    
4.95034    
0.46347    
2.87299    
1.99631    
0.96581    
-1.94128    
2.87607    
2.92115    
3.99524    
0.91510    
3.93062    
3.87979    
7.85413    
4.85327    
-1.84779    
1.98411    
2.83740    
1.46221    
1.96218    
2.47651    
2.96667    
1.44668    
2.03826    
2.02603    
3.16216    
4.36063    
3.48368    
4.02628    
2.04224    
2.44391    
3.94734    
4.83157    
0.55637    
3.04462    
4.47256    
3.98000    
1.06168    
4.41397    
3.06269    
2.89944    
2.37729    
2.91181    
4.81398    
1.80919    
1.00630    
0.18967    
0.93835    
2.94675    
4.92675    
-0.83688    
1.98170    
1.06743    
0.64579    
0.03885    
0.96514    
3.95065    
1.00526    
1.58172    
0.02754    
0.99793    
1.51206    
2.90894    
3.95141    
2.85890    
0.02014    
2.77150    
0.66128    
2.44503    
2.98088    
3.00346    
0.51391    
3.36589    
1.11759    
1.93619    
0.94703    
2.96848    
2.98172    
4.94057    
2.33585    
2.96921    
3.47658    
2.87461    
-0.99802    
3.93678    
3.80119    
1.48178    
3.77893    
2.56965    
4.05248    
3.98589    
2.02080    
5.33108    
1.92361    
4.47966    
3.89096    
2.45501    
3.89129    
-0.03668    
2.00854    
2.90278    
3.42925    
3.10142    
4.87454    
2.52273    
1.84177    
3.90479    
2.45581    
3.87808    
1.04341    
2.93369    
1.01540    
2.91404    
4.03351    
2.97663    
2.84640    
5.02176    
0.99523    
3.48506    
2.37244    
4.87488    
0.98535    
3.03720    
4.85890    
3.00811    
5.95651    
1.01970    
0.10413    
5.37299    
0.90701    
1.08463    
4.00647    
0.89632    
1.02977    
0.03769    
3.05036    
5.28302    
4.32169    
4.51386    
1.02897    
2.97257    
1.41502    
3.37205    
3.95685    
3.41004    
0.06019    
3.97795    
2.80749    
2.96083    
0.08461    
2.95578    
2.41924    
4.96386    
2.02313    
0.51972    
1.96384    
5.07658    
2.92165    
2.08534    
2.96377    
3.89751    
2.89747    
5.49041    
2.55022    
0.72138    
3.98229    
3.86228    
2.95555    
2.99372    
4.46298    
2.03596    
4.74741    
2.45827    
4.88428    
4.89897    
1.94897    
0.94020    
4.08628    
1.94615    
3.83809    
1.93042    
2.91397    
5.36159    
3.78300    
0.96916    
5.00585    
2.99220    
3.87527    
1.98560    
1.08284    
5.39477    
2.52613    
4.31421    
3.94435    
4.23485    
2.47506    
1.05604    
3.08905    
2.07955    
1.92182    
3.88754    
1.03957    
1.10681    
3.00871    
1.08768    
3.94974    
6.52628    
1.08856    
5.99274    
2.92097    
2.90654    
2.86492    
1.09672    
1.85456    
4.35570    
5.48044    
2.88971    
2.01588    
3.44618    
1.80584    
3.93177    
3.92671    
4.82498    
0.98278    
3.76665    
1.97033    
2.02131    
2.01416    
2.02613    
2.06405    
3.44242    
1.44468    
5.99489    
1.00933    
0.97379    
3.47234    
0.99838    
1.04372    
3.41852    
2.84548    
1.46884    
2.96916    
1.94884    
2.88344    
0.90928    
3.80778    
3.81336    
1.33961    
2.92110    
4.89410    
3.43923    
3.85954    
0.59858    
0.03952    
2.95526    
2.96940    
0.97485    
-0.34426    
2.45539    
3.06709    
2.48065    
3.28741    
3.89545    
2.02351    
1.98125    
2.11275    
2.87956    
2.54084    
1.94303    
0.15340    
0.93581    
4.93332    
1.99596    
3.93238    
1.96216    
0.04397    
1.97196    
3.87437    
1.92355    
3.95793    
4.92122    
4.94852    
3.10410    
1.97516    
3.44000    
4.91643    
4.93003    
3.88948    
3.69314    
2.89467    
0.94189    
4.41228    
2.05917    
2.90047    
2.72780    
1.07079    
3.98232    
2.08552    
2.02563    
3.57222    
2.92480    
0.07465    
2.05737    
0.08560    
-0.87124    
2.02209    
3.93523    
2.51143    
2.86973    
4.02006    
-0.83404    
1.89990    
2.04639    
2.95336    
3.98216    
2.92639    
1.90387    
3.78040    
0.51722    
4.33556    
1.99979    
2.85115    
1.48273    
-0.35878    
1.48054    
4.33545    
1.00730    
3.51306    
2.50726    
5.79483    
1.89829    
3.29832    
2.91537    
0.52189    
3.86849    
3.99621    
3.89174    
3.87629    
-0.35088    
2.92377    
0.67722    
-0.10861    
2.36344    
0.55040    
-0.36604    
0.07757    
1.06871    
3.88157    
2.35621    
0.95489    
3.88061    
0.61957    
3.39269    
1.98737    
4.96239    
3.05451    
3.81697    
3.02200    
4.93234    
1.94489    
0.05403    
3.42714    
3.45917    
1.58289    
1.97524    
6.78945    
1.92731    
2.44609    
1.83558    
1.86880    
1.01908    
2.45759    
2.40720    
4.04059    
4.93563    
5.43204    
2.94419    
4.45430    
-0.39694    
1.94580    
3.93030    
-0.46820    
0.86849    
-1.43290    
0.54073    
4.86515    
3.54000    
2.03541    
1.05564    
2.04216    
0.00156    
4.91636    
2.91804    
4.88840    
3.90504    
1.94721    
0.67973    
0.01516    
3.39618    
2.87581    
4.88352    
4.33297    
0.08702    
0.89888    
1.94050    
0.62109    
2.95930    
2.98790    
1.97196    
3.99771    
0.01771    
3.06517    
3.02321    
0.56840    
3.87505    
1.47101    
2.00485    
3.11004    
1.47133    
3.98575    
3.79128    
3.00962    
0.12779    
5.90864    
2.01931    
2.48837    
2.97179    
0.16803    
5.85667    
3.97832    
0.05443    
5.79998    
0.88270    
2.93082    
3.91460    
3.42077    
3.91168    
2.01595    
4.01806    
5.31241    
2.88627    
4.06097    
4.00121    
5.39916    
3.90363    
6.77728    
3.13135    
1.07752    
4.77617    
4.94263    
3.78571    
1.99639    
-0.91198    
3.05289    
1.52378    
2.55407    
2.01931    
1.93991    
3.43660    
2.97341    
2.36021    
4.05470    
4.95905    
3.89521    
1.93736    
2.92198    
1.01322    
3.02469    
3.51816    
1.02186    
2.90189    
3.08402    
2.88154    
3.93271    
3.94644    
3.91995    
4.92740    
1.02615    
2.45389    
3.04357    
1.06922    
2.06966    
4.95575    
1.01436    
3.82165    
2.19006    
0.99960    
3.88407    
-0.32153    
6.42979    
2.93920    
2.44892    
3.87779    
2.86488    
3.50629    
4.49543    
1.84256    
1.06202    
2.46914    
4.83329    
4.45857    
-0.84932    
3.94412    
0.96738    
3.84693    
-0.35454    
2.44425    
0.93332    
1.95126    
3.42748    
0.55983    
1.47376    
3.88339    
3.07694    
2.40309    
-0.93986    
2.46572    
1.84614    
6.76601    
4.83667    
3.96367    
2.51889    
3.83951    
2.90746    
0.96838    
1.50546    
1.04249    
2.55330    
1.85433    
3.87028    
4.87098    
1.89422    
3.96020    
3.80094    
1.08210    
2.95769    
1.52887    
3.02864    
3.97567    
4.98619    
0.99086    
1.04080    
2.92340    
2.46091    
4.40404    
1.62568    
2.38600    
4.46365    
4.42641    
3.79572    
3.00056    
0.95013    
1.99351    
1.97477    
3.83191    
0.55850    
1.95940    
3.02687    
2.89999    
5.08233    
2.03961    
2.94833    
3.36340    
0.09375    
1.06897    
3.46413    
3.89243    
2.08617    
1.54893    
3.79469    
1.08406    
4.86810    
5.99673    
3.02030    
2.46078    
0.22171    
5.47084    
3.95053    
4.93556    
2.97000    
1.97836    
1.80964    
2.95677    
3.53365    
2.94472    
2.47580    
2.03013    
1.06876    
4.34572    
1.01596    
1.88842    
3.45591    
2.52614    
1.92067    
2.92478    
2.97942    
3.01032    
1.85709    
0.94869    
5.87214    
0.62987    
3.97425    
6.92051    
-1.44950    
2.01870    
1.05216    
3.34594    
1.08985    
3.76434    
-0.00213    
1.10272    
3.94416    
1.92710    
2.40415    
-0.35547    
3.33215    
1.05964    
-2.28024    
1.95617    
0.06979    
2.42272    
1.00050    
5.37980    
5.82703    
5.30718    
3.99668    
4.34056    
1.87146    
3.87043    
2.45735    
3.52721    
3.91244    
1.86916    
4.34026    
0.99332    
1.94275    
2.04419    
1.01294    
2.90606    
1.54319    
3.01059    
0.21073    
0.97930    
3.95836    
1.89185    
2.30319    
4.85049    
2.07689    
0.97097    
4.28064    
4.33271    
1.47954    
2.41645    
1.47637    
2.81057    
3.44167    
3.93854    
3.79629    
-1.63153    
0.64950    
1.82975    
0.53681    
0.95778    
4.07912    
3.86114    
2.13496    
-0.89903    
1.91973    
-0.83541    
1.08484    
0.98326    
5.26643    
2.85021    
3.85677    
2.46000    
0.93727    
3.39948    
1.45055    
0.94442    
1.61665    
2.90171    
1.91474    
-0.82201    
3.43757    
2.94709    
4.39460    
-0.95079    
2.25440    
1.91513    
3.94548    
2.93319    
1.79477    
1.94433    
3.42569    
3.91547    
5.91966    
4.45161    
2.80017    
5.52105    
2.99379    
5.79320    
1.06103    
3.39151    
5.85714    
4.90778    
5.89082    
3.44408    
2.54027    
3.29511    
4.90609    
3.01287    
3.88005    
1.96362    
1.99636    
0.09653    
2.98326    
4.39087    
0.06197    
4.43159    
3.94680    
2.94252    
2.91367    
4.41153    
4.35103    
3.38662    
1.84568    
0.92897    
2.93670    
1.99868    
2.88320    
4.31239    
2.50493    
2.53123    
2.95147    
1.99805    
-0.76302    
2.96546    
2.59347    
-0.02507    
3.03585    
-0.98322    
4.77565    
3.82395    
2.30475    
1.96305    
3.93296    
2.51085    
1.91447    
4.93811    
0.98563    
3.92801    
2.05907    
1.88113    
4.87415    
4.88055    
3.47852    
3.00160    
2.49162    
-1.40839    
2.49936    
2.02503    
1.99533    
4.89522    
2.88812    
2.44373    
1.04432    
2.10475    
2.14879    
0.08783    
4.95751    
1.99945    
1.10731    
5.26406    
1.99705    
2.87715    
4.40654    
2.04843    
3.07961    
1.94129    
4.93963    
4.95524    
2.94163    
0.06468    
0.08953    
4.32289    
1.98185    
1.94190    
3.97245    
2.50339    
1.95498    
2.92750    
2.45948    
1.06064    
3.86586    
-1.51941    
2.28575    
3.86180    
3.97987    
2.75200    
1.05623    
0.95750    
3.85349    
-0.13135    
-0.83790    
2.34670    
4.90523    
1.42965    
3.37216    
3.80323    
1.91846    
3.99660    
1.03928    
3.90575    
0.10483    
3.43806    
4.93177    
0.42143    
1.97113    
0.58243    
5.01176    
2.06435    
3.30874    
2.84581    
5.38810    
2.45363    
2.03980    
4.96837    
3.94718    
4.86090    
2.96628    
1.02173    
4.29957    
2.98345    
1.02057    
