0.04146    
1.42446    
-0.21483    
1.19570    
0.48265    
0.00415    
1.23598    
0.52155    
0.74341    
-0.46686    
1.49799    
0.51842    
0.55664    
0.73640    
0.00834    
0.53510    
-0.22011    
1.71181    
1.52569    
-0.01737    
0.50641    
-0.18394    
1.48641    
0.78119    
2.68098    
0.53617    
0.50226    
-0.00651    
0.08011    
0.49045    
-1.64709    
-0.67792    
0.75125    
1.47066    
0.00610    
0.72287    
0.02896    
0.24245    
0.97030    
0.46778    
0.51295    
-1.17961    
1.21830    
-0.23237    
-0.24344    
-0.98175    
0.27645    
0.02860    
1.19457    
-0.25996    
1.71432    
1.02801    
0.79048    
1.26933    
1.44878    
0.24357    
0.79033    
2.39235    
2.67763    
-0.69141    
-0.23480    
-0.23583    
0.73192    
-0.96130    
0.76263    
0.78808    
-0.04848    
0.75840    
-0.22732    
-0.45187    
0.00977    
1.48204    
0.99581    
1.91465    
-0.72389    
1.47966    
0.97696    
0.03238    
-0.41600    
0.99157    
0.03840    
0.20234    
0.94472    
0.78777    
0.31019    
0.52364    
1.25819    
-0.48395    
0.73705    
0.01191    
-0.96715    
0.55192    
0.28673    
-0.01144    
-0.22147    
1.94801    
-0.18959    
1.47868    
1.96423    
-1.21103    
0.25953    
0.23569    
0.27768    
-1.44555    
0.28958    
0.97253    
-0.73933    
0.00386    
-0.22960    
-0.69146    
-0.88715    
0.51927    
-0.71066    
-0.44741    
-0.43041    
0.97660    
-0.45024    
0.51994    
1.22938    
0.74628    
-0.96654    
1.22455    
0.46252    
0.23004    
0.53525    
-0.50263    
-0.02728    
0.24830    
1.48775    
-0.25222    
1.47833    
-0.19174    
0.69905    
0.53234    
0.46312    
0.27703    
0.94677    
-0.48508    
1.70568    
0.99776    
-1.12043    
0.00237    
0.69579    
0.73191    
0.01765    
0.50648    
0.76105    
1.23153    
0.28493    
0.49538    
0.00618    
0.51565    
0.01076    
0.26481    
0.47945    
0.76921    
-0.22788    
0.70966    
1.72650    
1.67570    
0.73967    
0.23054    
-0.46698    
0.26609    
0.25953    
-0.67237    
0.00232    
0.77953    
0.21588    
0.52678    
1.43856    
0.99024    
0.75580    
0.08526    
0.21767    
1.22400    
1.70822    
0.52053    
-0.24269    
0.54639    
0.56353    
0.04359    
0.20900    
1.91476    
1.70693    
0.23476    
0.79838    
0.47132    
-0.47441    
1.44789    
0.99328    
-0.26058    
1.02016    
0.01943    
0.72800    
1.70606    
0.72113    
0.96407    
0.25585    
1.74779    
0.27197    
0.48274    
0.56328    
1.20161    
0.78097    
0.53467    
1.00419    
2.00186    
0.97643    
-0.94482    
0.28542    
1.51447    
1.20341    
0.93107    
0.81397    
0.52225    
0.48712    
0.75777    
0.50459    
0.71563    
1.21035    
0.25165    
0.26194    
0.95372    
1.49738    
0.70711    
0.51745    
0.55383    
0.97705    
1.24233    
1.97610    
-0.21728    
0.30246    
1.76179    
-0.96645    
0.28545    
0.34144    
2.46419    
0.47919    
2.43308    
1.29538    
1.70767    
0.72316    
1.21481    
0.26336    
-0.00062    
0.78317    
0.71899    
0.51027    
0.05294    
0.80928    
-0.22726    
0.23960    
-0.68322    
1.72934    
0.24452    
0.69787    
0.00258    
0.02564    
0.71526    
-0.92826    
1.20400    
0.47723    
0.26011    
1.46658    
-0.26302    
0.47151    
0.84096    
0.71412    
0.98387    
0.19864    
0.24381    
-0.47583    
0.26631    
0.27793    
1.24832    
1.22875    
-0.21189    
-0.22486    
1.96622    
0.22282    
0.01488    
1.72968    
-0.20401    
0.67830    
0.05435    
1.49231    
1.71295    
0.02800    
0.92162    
-0.44250    
0.26019    
-0.24781    
-0.49348    
0.93702    
0.51119    
0.76727    
0.04860    
0.94310    
1.69997    
1.22400    
1.48781    
0.75576    
0.92617    
1.26723    
1.47113    
0.26806    
0.49280    
-0.19999    
0.76491    
0.73291    
1.73978    
1.43684    
0.05804    
1.02008    
1.40885    
-1.44653    
0.98145    
0.22229    
1.00157    
-0.94616    
0.76521    
1.69147    
-0.44035    
1.69162    
0.10080    
-0.76784    
1.94433    
0.00192    
1.51498    
0.25889    
0.96447    
0.26962    
0.23781    
2.13377    
0.93259    
0.01559    
1.48028    
0.01316    
0.70802    
0.02066    
1.01066    
0.51172    
0.73109    
1.22079    
1.22550    
0.21232    
0.78228    
-0.21303    
-0.24817    
0.55586    
1.95587    
1.46737    
1.46853    
0.53537    
0.47593    
1.95759    
-0.21763    
0.51440    
0.08899    
0.73910    
-0.26577    
0.51903    
-0.96234    
0.73765    
1.01942    
0.78687    
0.22156    
0.72740    
1.03014    
1.01555    
0.70966    
0.77277    
2.21714    
0.02183    
0.51509    
0.77081    
1.02919    
-0.94381    
1.47103    
0.98364    
0.96909    
1.01555    
-0.20938    
-0.19015    
0.01462    
1.20725    
0.00945    
0.75680    
0.97106    
0.99314    
1.72131    
-0.27242    
-0.23341    
1.74432    
1.01083    
1.21554    
1.66608    
-0.00364    
0.30171    
0.52065    
0.75599    
0.30306    
0.95980    
0.73358    
0.01435    
1.75670    
0.70116    
1.28390    
1.04861    
-0.48542    
0.76624    
0.23069    
0.28294    
0.23148    
-0.46703    
0.70165    
1.00328    
0.50347    
1.30508    
1.00777    
0.04637    
-0.25102    
0.25846    
-1.70814    
0.19633    
0.52782    
1.47286    
-0.04729    
-0.23518    
0.47144    
-0.95777    
0.71808    
1.01540    
0.75547    
1.22618    
0.28053    
-0.44837    
-0.06653    
2.46730    
0.75756    
0.47246    
1.01354    
-0.01976    
1.92284    
1.00472    
0.44546    
0.73698    
0.96608    
1.21948    
0.02228    
-0.98601    
1.01637    
-0.99293    
0.98740    
0.04201    
1.21824    
-0.01056    
-0.20950    
2.71670    
0.05811    
0.75323    
1.24733    
0.49572    
0.71646    
0.99681    
-0.23943    
1.72871    
1.02363    
-0.19204    
0.96895    
1.93083    
1.93782    
0.26590    
-0.23200    
-0.24143    
-0.50205    
1.73984    
0.78197    
1.96192    
0.74092    
0.49318    
0.51341    
1.01365    
1.69341    
0.97004    
-0.44786    
-0.21094    
0.72401    
-0.72012    
0.50758    
-0.20400    
0.53061    
1.18573    
0.29621    
-0.93211    
0.50008    
0.97223    
-0.19076    
0.78776    
0.32021    
-0.00603    
1.43651    
0.73952    
0.24625    
2.47785    
-0.43762    
0.48259    
0.48859    
0.96539    
1.04141    
1.01510    
0.75416    
1.24563    
0.99136    
1.93829    
0.06820    
0.98724    
-0.24034    
0.49561    
1.25259    
1.21421    
-0.39463    
0.25794    
0.73366    
-0.24423    
0.97679    
1.48060    
0.72474    
0.77295    
1.01081    
-0.49698    
0.69299    
0.70503    
1.22907    
1.49966    
0.72410    
-0.51463    
-0.00948    
-0.18519    
0.50660    
0.24187    
-0.20483    
-0.00476    
-1.18307    
0.76375    
0.26364    
0.25212    
1.20117    
1.00459    
0.76779    
0.23163    
1.73115    
1.24348    
0.77824    
0.27816    
0.49318    
-0.00849    
1.44013    
1.00635    
1.25422    
-0.01062    
0.02780    
1.49356    
-0.01298    
1.46963    
0.23104    
0.00334    
1.21804    
1.74406    
1.50596    
0.04589    
1.01070    
-0.00929    
1.99538    
0.26739    
0.96901    
0.29398    
-0.99211    
-0.23385    
-0.67238    
-0.44520    
0.22563    
0.05841    
0.99061    
1.44296    
0.43161    
0.27849    
-0.68724    
1.00516    
1.47739    
0.76523    
-0.49248    
1.71011    
2.01691    
0.53806    
0.04171    
1.70564    
0.71616    
0.27062    
0.02210    
0.54233    
0.55726    
-0.23634    
0.23150    
1.00037    
1.02832    
-1.87083    
1.96450    
1.19414    
1.45142    
0.27737    
0.99822    
0.95636    
-0.46707    
0.28456    
1.00559    
1.45438    
2.47687    
0.52643    
-0.43833    
-0.01337    
-0.69676    
-1.44596    
0.04004    
0.01197    
-0.88445    
-0.21562    
0.23679    
1.01313    
1.45832    
0.69155    
1.66900    
0.97974    
1.18511    
1.25549    
0.75477    
1.65687    
1.24018    
1.20954    
1.25840    
2.19072    
0.27179    
0.27836    
0.01088    
-0.47901    
-0.24232    
1.22826    
1.66734    
2.00014    
0.04474    
-0.24256    
1.23337    
0.73943    
0.73916    
0.78683    
0.49145    
1.70837    
0.54235    
0.01164    
-0.26583    
-0.25562    
-0.25439    
0.02429    
0.77342    
0.29901    
1.24893    
0.22864    
0.96395    
0.26205    
0.99891    
2.66021    
-0.17850    
0.76387    
1.75384    
2.49556    
1.25692    
-0.21869    
1.03823    
0.00850    
1.47490    
-0.43375    
1.26283    
0.76308    
0.71728    
0.51800    
0.06103    
0.74482    
1.45276    
0.98531    
0.99652    
0.50657    
1.05768    
-0.21439    
-1.41274    
1.49779    
0.04082    
2.93405    
0.45919    
1.46527    
1.23153    
1.45993    
0.02901    
-0.23492    
-0.07235    
-1.20435    
0.04624    
0.50140    
0.30543    
-0.93740    
-0.49008    
0.99060    
0.03995    
1.24643    
0.03433    
0.74327    
1.50442    
0.75815    
1.49374    
-0.22899    
0.04307    
1.25046    
0.52209    
1.01520    
-0.69107    
0.25166    
1.72498    
1.72811    
1.00890    
-0.24054    
0.45785    
1.53231    
0.25305    
1.48208    
-0.45319    
-0.49094    
0.03850    
1.26193    
-0.22781    
1.50274    
0.27924    
2.46719    
0.00817    
1.23465    
-1.64890    
0.23482    
0.99846    
0.50436    
0.73766    
0.91747    
-0.48420    
-0.43700    
0.54198    
1.27985    
1.26753    
1.98113    
0.54461    
0.26820    
0.00720    
-0.44802    
0.99514    
1.21764    
0.47885    
0.49115    
-0.20582    
0.18672    
-0.43384    
1.20351    
1.74865    
0.00772    
-0.75014    
1.15519    
-0.71464    
1.49916    
0.71139    
-0.93499    
0.47288    
0.52865    
0.24308    
0.48552    
0.47021    
0.03255    
1.21839    
0.96973    
0.74614    
0.94164    
0.31288    
0.80490    
0.51916    
0.73254    
-0.70145    
0.03943    
0.96742    
0.25077    
0.98828    
0.95884    
0.04329    
0.03319    
0.50555    
2.25034    
-0.42914    
0.55072    
-0.49898    
1.45865    
-0.50554    
0.25775    
-0.71004    
1.22827    
-0.46492    
-0.73871    
0.52486    
0.47268    
0.97822    
2.01241    
1.70606    
0.99908    
-0.20611    
-0.69579    
0.44883    
0.76049    
0.27019    
1.00156    
1.03784    
1.23657    
0.02561    
-1.46053    
-0.51463    
0.50463    
1.24305    
0.22350    
1.47071    
1.20955    
1.20446    
1.48639    
-0.44038    
0.75445    
-0.02653    
0.73464    
-0.77533    
0.72830    
1.00061    
1.26083    
1.02854    
-0.44948    
-0.48643    
0.28274    
1.97085    
-0.92880    
-0.22676    
0.72423    
1.92539    
-0.22561    
1.47143    
-0.23970    
0.75401    
0.49840    
0.24377    
0.45981    
-0.19692    
1.02169    
0.02688    
0.27401    
0.74211    
1.94621    
0.26019    
-0.23206    
-0.55012    
0.98724    
-0.23661    
-0.21192    
1.23356    
1.21723    
-0.21322    
-0.43130    
1.70199    
1.42915    
-0.73118    
0.26953    
0.74993    
-0.90366    
-0.21412    
0.99905    
1.04163    
0.48603    
0.25274    
0.28279    
0.49976    
0.75632    
0.68841    
0.53202    
-0.47225    
0.96348    
0.29411    
1.03880    
0.28393    
1.50498    
-0.25143    
-0.40573    
0.02575    
1.23496    
0.98497    
1.21624    
-0.01817    
0.04082    
1.71658    
-0.02622    
1.25672    
0.71926    
0.26890    
1.22653    
1.03512    
0.06702    
0.27321    
0.45295    
1.23712    
0.02739    
0.77381    
0.72250    
0.30988    
-1.15736    
0.74829    
1.46101    
0.28463    
1.22418    
0.75707    
0.45457    
0.52078    
1.25300    
0.48079    
-0.70149    
1.97408    
0.71781    
0.47052    
0.32002    
1.00650    
0.26505    
0.25955    
1.45987    
1.66428    
1.97588    
-0.24997    
0.22647    
0.99016    
-0.02746    
0.72757    
0.52478    
0.27730    
0.53289    
0.21621    
0.99229    
-0.21905    
1.45826    
0.22375    
0.75106    
0.78176    
1.22965    
1.22902    
1.23997    
0.76895    
0.72843    
0.69851    
0.22070    
-0.94580    
-0.49385    
0.02760    
0.97459    
0.04816    
1.65518    
1.17236    
-0.25034    
-0.17658    
0.69353    
-0.47686    
0.27624    
2.19452    
1.45257    
1.01637    
0.71728    
0.73829    
0.97878    
1.72804    
0.00057    
1.03517    
0.01824    
0.06665    
0.99464    
0.53958    
0.70834    
0.07539    
-0.24150    
0.74806    
0.95677    
1.46938    
2.38934    
0.76138    
0.29640    
-0.00963    
1.24954    
0.67733    
0.00278    
2.36966    
0.98927    
1.89889    
0.73717    
0.97783    
1.42268    
0.00887    
0.78588    
0.26345    
0.03289    
1.49170    
0.96014    
-0.96802    
1.25797    
1.93282    
0.25377    
0.51231    
2.15695    
0.52392    
-0.48001    
1.48239    
1.23372    
1.00633    
0.27153    
1.00881    
1.70946    
2.23335    
0.52321    
1.41791    
0.26284    
1.22229    
1.50141    
-0.22093    
-0.19276    
0.50164    
1.24274    
-0.02630    
0.30298    
0.76723    
-0.44740    
-0.67923    
0.99448    
1.68684    
1.68302    
0.52588    
0.45975    
1.24628    
0.28963    
1.23333    
0.74600    
0.97816    
1.25229    
-0.76095    
0.71041    
0.28447    
-0.94447    
0.74812    
-0.21997    
0.98109    
-0.19115    
-0.00335    
-0.90952    
1.24095    
1.46105    
-0.22900    
0.54982    
0.46319    
0.97975    
0.54975    
0.94350    
1.23119    
1.46885    
2.20745    
0.94817    
0.53419    
0.46997    
0.24847    
0.02802    
1.23013    
0.06766    
0.48059    
0.51655    
0.74323    
0.98552    
2.18474    
0.47506    
0.96668    
0.75134    
1.72261    
1.46869    
-0.70536    
1.69924    
0.78688    
0.06659    
0.02511    
0.02129    
-0.47311    
0.98963    
0.50173    
0.75818    
0.75184    
1.92608    
1.25774    
0.50710    
1.68528    
0.03013    
0.76268    
1.74173    
-0.25761    
0.01275    
0.02946    
1.22732    
0.24978    
0.24941    
0.24100    
-0.14800    
0.98169    
-0.01883    
1.22882    
-0.22067    
0.01957    
2.43631    
0.26703    
1.27182    
0.47616    
0.98496    
1.72486    
0.79156    
0.73010    
0.00710    
0.54721    
1.46593    
1.72568    
1.71183    
0.27693    
1.70949    
1.24340    
1.45718    
0.27214    
0.73123    
-0.93322    
0.46917    
-0.94453    
0.08275    
-1.20138    
0.76964    
1.22268    
0.50169    
1.00115    
-0.95362    
1.43507    
0.98505    
0.51233    
0.97584    
-2.12759    
0.73469    
-0.26852    
0.23350    
0.27332    
1.00100    
0.52799    
-0.23265    
0.01167    
1.21437    
0.77652    
0.77556    
0.97320    
0.50805    
1.45011    
0.98497    
1.42587    
1.78209    
-0.23051    
-0.21932    
0.31172    
-0.74397    
0.97268    
0.70027    
2.21086    
-0.49357    
0.04507    
1.19118    
0.75421    
0.70766    
0.00629    
0.06829    
0.97297    
0.96177    
0.07478    
1.01670    
1.54428    
1.45842    
-0.23031    
0.21294    
0.24040    
0.74467    
1.46100    
0.74952    
-0.47203    
0.76067    
0.27468    
3.40386    
-0.20748    
-0.46380    
0.50841    
0.72671    
1.48158    
-0.26087    
-0.45041    
1.95125    
0.71328    
0.25703    
-0.00258    
1.45097    
0.77578    
0.24926    
1.47108    
0.73285    
0.78668    
0.02743    
1.25659    
0.97080    
1.71142    
0.75044    
-1.17919    
-1.45763    
-0.24815    
0.95106    
0.22799    
0.31325    
1.25004    
0.45818    
1.50053    
0.70973    
-0.24754    
1.66168    
0.97896    
0.25782    
0.27702    
0.31281    
0.00250    
0.73912    
2.20950    
0.04539    
-0.22365    
0.97011    
-0.43165    
0.73889    
0.51306    
0.23754    
-0.72195    
1.24463    
0.25638    
0.98090    
0.02734    
1.46503    
-0.20162    
0.23198    
1.28791    
1.52547    
-0.42275    
0.04026    
1.25825    
0.05864    
0.50835    
0.23578    
-0.25002    
0.76460    
1.46610    
0.70889    
0.03726    
0.07572    
0.97498    
0.51232    
0.00377    
0.74777    
1.01799    
0.75139    
-0.44453    
0.26609    
0.77288    
0.48521    
0.29641    
0.26161    
0.27529    
0.55428    
0.48840    
-0.00618    
2.25079    
0.98463    
1.00591    
0.32500    
0.00156    
1.21237    
0.69398    
1.24445    
0.02783    
0.75113    
0.49822    
1.24910    
0.77644    
0.98501    
0.02441    
1.21003    
-0.20599    
0.74005    
0.93941    
1.50328    
-0.42798    
0.95267    
-1.18149    
-1.41727    
0.51457    
1.52901    
1.50667    
0.52919    
0.96123    
0.95872    
0.74891    
-0.19324    
1.15780    
0.06687    
0.50257    
0.51454    
1.68997    
-0.94003    
0.79343    
1.47315    
0.01196    
2.20213    
0.76598    
0.18837    
1.24306    
-0.71937    
-0.69163    
0.52773    
0.98034    
0.72651    
0.73259    
2.41983    
0.45828    
0.52884    
1.64535    
-0.47741    
0.54702    
-1.15500    
1.95862    
0.01707    
0.04467    
0.95977    
0.96399    
-0.19471    
-0.92917    
1.71486    
1.44614    
0.04634    
1.45836    
1.48039    
0.23516    
0.03565    
0.31778    
-0.47321    
-0.46184    
0.19382    
2.44787    
1.01050    
0.27776    
0.72525    
0.52299    
1.01929    
1.47864    
1.01850    
0.00756    
1.26188    
-0.47361    
1.21953    
0.71248    
-0.20729    
-0.47809    
1.64353    
0.03441    
1.20805    
0.76785    
0.48387    
1.73081    
0.51683    
-0.71085    
1.97646    
0.27932    
-0.21826    
1.42689    
0.53282    
1.94910    
2.44775    
-0.48934    
0.24296    
1.49468    
0.78501    
0.53679    
-0.66343    
1.02954    
0.31790    
0.24844    
1.22563    
0.95618    
0.52815    
1.26446    
-0.25459    
-0.71474    
1.21594    
0.98278    
0.71398    
0.78246    
0.46077    
0.05687    
2.47641    
1.25086    
0.75814    
1.25597    
-0.46958    
0.99487    
-0.47558    
0.75066    
-0.22869    
1.51998    
2.70498    
-0.00688    
0.98763    
-1.46513    
0.50957    
1.45067    
1.48231    
0.74823    
2.21273    
0.52181    
0.72751    
0.29611    
-0.22607    
0.48895    
0.98053    
0.21870    
-0.45977    
1.71411    
0.77009    
0.47996    
-0.22631    
0.50477    
2.18216    
1.44842    
1.04081    
1.27436    
-0.22601    
0.24720    
-0.18986    
0.71554    
1.19053    
0.05133    
0.53203    
0.48170    
0.23956    
1.46472    
0.22950    
0.98086    
1.02841    
0.50392    
0.74217    
-0.25517    
1.67260    
0.71561    
0.96782    
0.03626    
1.01993    
-0.72279    
0.97935    
0.99242    
0.76011    
0.00936    
0.50999    
-0.02427    
0.53270    
0.06233    
0.91217    
0.02328    
0.95405    
0.29819    
0.75249    
-0.20691    
0.50895    
0.74474    
1.02791    
-1.20145    
0.53681    
1.01374    
-0.47726    
0.03714    
2.41159    
1.25958    
-0.20239    
0.28917    
-0.18241    
1.38422    
1.23085    
1.99777    
0.24179    
-0.75142    
-0.01518    
0.82735    
0.09652    
-0.22661    
0.28390    
1.46319    
0.26522    
0.72176    
1.24436    
1.26259    
-0.26569    
-0.19882    
-0.48467    
0.03516    
0.00792    
1.45941    
0.69274    
1.96032    
0.96918    
0.51875    
0.69850    
-0.18037    
0.74728    
1.67208    
0.53282    
0.78498    
-0.23000    
-0.43203    
1.45118    
1.24961    
0.22928    
0.75253    
1.72909    
0.29063    
0.03437    
-0.68970    
1.47669    
1.19784    
1.00249    
0.48679    
0.46857    
0.24784    
1.01651    
1.23340    
1.02178    
1.43969    
1.22573    
0.30381    
1.94344    
1.47018    
1.53114    
-0.19728    
1.30954    
-1.44130    
0.02171    
1.63365    
1.70564    
-0.23150    
0.75041    
0.75218    
-0.48849    
0.27109    
-0.00507    
-0.22638    
0.02348    
0.27201    
1.21006    
-0.22954    
-0.22287    
0.66479    
0.26091    
0.01430    
1.50185    
-0.42418    
1.44626    
-0.19442    
0.99779    
1.05254    
0.66809    
0.28401    
0.02282    
0.69468    
1.45347    
2.18681    
-0.65042    
0.27471    
-0.48913    
0.43431    
0.97862    
1.00585    
3.42455    
0.67066    
-0.45198    
0.22558    
1.73445    
1.46992    
0.74870    
0.77780    
-0.01488    
0.26508    
0.99533    
0.48688    
0.49513    
0.75126    
0.02717    
0.31110    
1.44520    
1.02517    
1.43165    
1.22429    
0.52603    
0.43936    
0.74280    
0.31703    
0.30422    
1.72121    
0.77760    
0.25967    
0.74512    
0.76081    
-0.74652    
-0.21554    
0.24740    
0.27576    
0.74342    
0.31126    
0.27158    
0.23999    
1.00962    
2.70719    
-1.41376    
-0.36142    
0.51003    
-0.20495    
1.04487    
-0.29786    
0.51918    
0.49849    
0.48661    
1.46059    
-0.96468    
0.72145    
1.20476    
-0.97299    
-0.38699    
-0.46614    
2.23978    
0.98646    
0.69299    
1.28130    
0.28737    
1.98764    
0.29425    
0.24579    
2.66266    
1.21207    
1.52381    
-0.24092    
1.46946    
0.29039    
0.47260    
0.51249    
0.27770    
0.47480    
1.74284    
-0.23176    
1.93734    
0.46829    
0.25225    
1.20564    
0.51388    
-0.45594    
-0.70962    
0.51375    
0.75945    
0.49672    
0.49567    
0.74015    
1.27027    
1.48881    
0.53125    
0.27269    
1.17090    
-0.46275    
0.50611    
0.98754    
-0.96686    
0.98333    
0.50931    
0.48086    
-0.67730    
1.72950    
1.03161    
-0.71763    
0.48963    
0.23348    
0.73504    
-0.46322    
0.49041    
2.00943    
-0.20287    
-0.72332    
0.72964    
0.26597    
1.20611    
1.44909    
0.74481    
0.52623    
0.24622    
0.05565    
1.00432    
1.98602    
1.03187    
0.76396    
0.20163    
1.19093    
1.19225    
0.18806    
0.50059    
-0.93882    
-0.45885    
0.75911    
-0.73479    
0.01998    
0.54327    
0.97366    
0.25097    
0.93319    
0.75146    
-0.19818    
1.48298    
1.71120    
1.47176    
-0.71741    
-0.68628    
0.76203    
1.71807    
2.66793    
0.98715    
-0.24966    
1.20863    
0.99348    
0.45284    
1.44587    
1.00140    
-0.53254    
0.05171    
0.49204    
0.23059    
1.43008    
0.53116    
0.03979    
-0.19694    
0.48059    
1.00070    
2.20050    
-0.89701    
0.72408    
1.19797    
1.50000    
-0.43099    
1.20793    
-0.26937    
1.70656    
0.02023    
2.69891    
1.70577    
1.71589    
0.74376    
0.02688    
0.00262    
-0.66057    
-0.75328    
0.73196    
0.51002    
-0.45364    
1.20648    
0.25617    
-0.23970    
0.77279    
-1.22830    
0.71883    
1.00545    
0.57087    
0.97956    
0.24602    
0.30361    
0.74708    
0.67983    
1.22247    
1.21922    
0.71739    
0.52584    
1.95848    
0.28584    
1.00343    
-0.22609    
1.69222    
-0.23977    
-0.71644    
0.53153    
0.45964    
-0.43980    
0.27477    
1.67546    
0.76849    
1.48442    
0.93982    
-0.20527    
0.77960    
-0.26392    
0.99169    
0.98536    
-0.94981    
0.00966    
1.05058    
-0.21239    
0.22318    
0.97837    
0.22160    
0.73905    
0.01242    
-0.90611    
-0.72034    
0.69507    
0.54370    
0.47906    
1.47888    
1.97766    
1.25785    
0.73166    
-0.21174    
1.20777    
1.22956    
0.00623    
0.26017    
0.25921    
1.27693    
0.08013    
1.02601    
1.23733    
1.71315    
0.70378    
0.50635    
-0.94566    
1.01534    
3.13719    
1.02356    
1.21545    
2.21464    
0.94736    
0.27667    
1.01327    
1.96002    
-0.50052    
1.96706    
1.47555    
0.74422    
1.51748    
0.21813    
0.76131    
0.02690    
0.78704    
1.51103    
0.26420    
1.22465    
-0.20991    
1.70146    
0.53752    
0.77402    
1.00561    
1.20836    
-0.12584    
0.00774    
0.02191    
0.97447    
0.50429    
1.79068    
0.77938    
0.77536    
1.04956    
1.23391    
1.72765    
0.48411    
0.70478    
-0.21467    
0.99419    
1.26077    
0.30397    
-0.00499    
0.00658    
1.72426    
1.00606    
2.43854    
0.02151    
1.00012    
0.96718    
0.26443    
0.48884    
0.52421    
1.73924    
0.50119    
-0.40628    
1.74103    
0.50539    
0.94921    
-0.43744    
1.24679    
1.00621    
0.96181    
0.96322    
0.24302    
0.50774    
0.28533    
0.30953    
0.76795    
2.19295    
0.51716    
1.89903    
1.74947    
-0.26470    
0.73529    
0.69466    
0.54683    
0.49191    
1.22702    
2.45248    
-0.73320    
1.72719    
1.49744    
0.51175    
0.99949    
1.22248    
0.97336    
0.68049    
0.26494    
1.45814    
1.73566    
0.97861    
1.67502    
0.90941    
0.54175    
0.52578    
1.45330    
0.73682    
1.23566    
-0.40008    
0.74688    
-0.67727    
-0.46401    
-0.70735    
2.18815    
-0.19717    
-0.76094    
-1.45162    
1.48848    
0.23787    
1.26010    
1.74111    
0.30362    
1.03377    
1.03738    
0.98555    
0.71431    
0.71964    
0.73735    
0.03781    
-0.96562    
0.23928    
-0.00432    
1.20115    
0.30259    
0.08791    
0.03922    
0.97510    
-0.22512    
0.96066    
0.32540    
1.22011    
2.22986    
0.25636    
0.02709    
1.93817    
0.50325    
0.23947    
-0.21965    
0.02371    
2.23988    
0.22949    
0.96122    
0.27559    
0.73269    
0.29182    
-0.17570    
1.24165    
-0.72537    
0.77340    
-0.21636    
1.72880    
0.02500    
0.44846    
0.21793    
0.26834    
0.24035    
0.78993    
0.48870    
2.46215    
1.89700    
0.51769    
1.21790    
2.21746    
-0.27016    
1.20784    
0.00416    
0.04963    
1.49386    
1.21755    
0.47361    
1.70512    
2.20430    
1.49311    
-0.96836    
0.03757    
1.46824    
-1.14840    
0.27464    
0.98636    
0.28556    
0.27483    
0.50191    
0.97786    
1.97116    
-0.48050    
0.98856    
0.51408    
-0.02183    
2.43990    
0.29243    
0.96988    
0.01770    
0.77812    
0.49579    
0.08157    
0.50548    
0.98211    
1.22668    
1.22439    
-0.24392    
0.00954    
2.47351    
0.77603    
0.52197    
0.32986    
-0.01758    
0.79548    
1.21885    
-0.45647    
0.95729    
0.73118    
1.24262    
1.20174    
1.00251    
0.27617    
0.03404    
0.26081    
0.96158    
1.26125    
-0.61316    
0.73996    
0.28801    
0.23324    
-0.22982    
0.52714    
1.44554    
1.22207    
1.23224    
1.25223    
1.24656    
0.75151    
1.01501    
1.69142    
-0.69089    
0.47705    
0.70003    
0.79071    
-0.93771    
-0.40898    
0.98678    
-1.14170    
2.23945    
2.39618    
1.22363    
0.97173    
1.25932    
-0.45334    
1.68722    
0.31136    
1.26585    
0.46434    
1.71992    
2.65559    
1.22701    
-0.18707    
0.96433    
0.01967    
1.48185    
0.50977    
0.67723    
0.01781    
1.23078    
1.66931    
-0.24649    
0.47835    
0.00219    
-0.02316    
0.32724    
1.48260    
-0.00222    
1.21760    
1.03329    
0.22777    
0.54260    
0.30863    
1.72731    
1.23505    
0.54199    
1.72601    
0.25083    
-0.23552    
0.50673    
1.97826    
0.99610    
0.47306    
1.28248    
0.67677    
-0.19609    
0.73043    
0.71589    
0.95214    
1.26065    
0.02013    
1.96444    
0.50740    
0.75433    
0.74876    
0.49712    
0.27572    
1.01714    
1.47298    
0.74706    
0.53719    
1.00184    
0.97640    
0.04030    
-0.02391    
-0.42459    
0.74728    
0.20940    
0.19959    
0.26332    
0.79787    
1.23580    
1.01635    
0.49625    
1.43709    
1.00029    
1.49951    
-0.19453    
0.75885    
0.02527    
1.47923    
-0.97249    
-0.00139    
0.68488    
0.21651    
-0.21738    
1.00261    
-1.20894    
1.00061    
1.48853    
0.26614    
-0.24069    
1.02153    
0.75877    
1.03375    
0.25144    
-0.19648    
-0.00250    
1.68914    
0.26563    
-0.23319    
0.27839    
0.95938    
0.47495    
2.00026    
0.73601    
0.50667    
0.20910    
-0.20454    
0.22680    
0.73365    
-0.24074    
-0.18686    
0.75357    
0.75016    
0.73722    
0.08290    
-0.66958    
-0.47505    
0.27860    
1.67424    
0.96594    
2.18823    
-0.70299    
-0.02259    
0.75810    
1.27928    
-0.23336    
0.02083    
0.02897    
0.95569    
0.52740    
0.51762    
0.53593    
0.51858    
1.69585    
-0.48494    
0.98818    
-0.70670    
-0.20152    
0.23537    
0.72835    
1.28736    
1.72267    
0.31060    
1.39786    
0.00764    
2.45698    
-0.49852    
2.18216    
1.44872    
-0.44783    
0.72663    
-1.21072    
0.54561    
-0.01480    
0.51179    
0.03550    
1.72400    
0.22024    
0.28689    
0.49479    
0.96202    
0.24957    
-0.45194    
1.51106    
-0.21504    
1.01802    
0.22397    
-0.22352    
-0.91788    
1.21118    
2.44558    
-0.75070    
0.56939    
-0.46071    
1.23243    
1.24876    
-0.24681    
0.99096    
-0.18625    
-0.69438    
0.46176    
0.75896    
0.55565    
1.45745    
0.76815    
0.74505    
-0.00918    
0.99952    
0.51949    
0.52392    
1.98154    
0.95626    
0.95301    
0.49124    
0.77718    
2.44444    
0.77807    
-0.44679    
0.00523    
1.18538    
-0.19340    
0.74627    
0.30185    
1.47896    
0.72184    
0.83781    
1.23798    
-0.49088    
0.71518    
0.03631    
-0.44935    
-1.18300    
1.70302    
0.98567    
-0.23492    
0.48322    
0.94221    
0.24746    
1.98024    
1.71803    
0.28544    
-0.64037    
0.98788    
-0.21525    
0.97036    
1.43220    
1.01575    
1.20848    
-1.66081    
-0.47960    
1.25935    
1.67940    
-0.22725    
0.96825    
1.48692    
-0.25564    
0.49587    
-0.00049    
-0.45203    
1.27463    
0.71159    
-0.48942    
1.21737    
1.04313    
0.99291    
0.95929    
0.04867    
0.75442    
0.00616    
-0.01400    
1.46992    
-0.45179    
1.44339    
0.25677    
1.14750    
0.52630    
1.18895    
0.31162    
0.26655    
1.70854    
-0.76173    
-0.23303    
1.45011    
1.67801    
0.75534    
-0.19610    
0.76378    
0.02149    
1.23500    
-0.20268    
0.50737    
0.98480    
-0.44655    
0.51016    
1.99509    
0.26644    
1.21665    
0.22618    
0.25350    
0.27983    
-0.02348    
0.53309    
0.98964    
0.24181    
1.45026    
1.22170    
-0.53100    
0.54075    
1.01099    
-0.45848    
0.97871    
0.24812    
0.50716    
1.49248    
2.70826    
0.28699    
0.77244    
0.74847    
1.00000    
0.27778    
0.52346    
0.68283    
0.23301    
1.67928    
0.52043    
0.53290    
-0.67001    
1.25013    
-0.00782    
-0.42054    
0.52312    
0.25410    
1.47579    
0.75295    
0.53398    
1.19208    
0.19246    
1.25737    
-0.44136    
-0.97540    
0.98920    
0.48595    
1.99051    
1.70049    
1.19638    
1.72379    
1.25573    
0.97961    
0.29307    
0.77244    
0.25096    
0.51915    
0.48530    
1.44255    
1.26527    
0.24636    
0.97357    
0.28666    
0.76857    
0.27452    
0.99308    
0.99854    
0.53988    
-0.94181    
-0.47151    
0.52050    
1.71795    
0.98564    
1.00474    
1.66004    
0.30413    
0.52928    
0.25526    
0.03834    
0.75924    
0.24188    
2.19703    
1.23306    
0.76803    
2.43967    
1.26656    
0.01802    
0.29097    
0.06586    
0.03747    
0.55358    
-0.20110    
1.01523    
0.24966    
0.50868    
0.95364    
0.04020    
1.00655    
0.72928    
0.50959    
0.54631    
0.49973    
0.98869    
1.51463    
0.98932    
0.96256    
-0.44758    
1.22422    
-0.42844    
-0.15173    
0.24207    
-0.23217    
0.72291    
0.49750    
0.99287    
1.02352    
-0.00029    
1.05793    
1.25467    
1.42812    
1.19899    
0.55054    
0.01231    
0.99491    
0.95056    
0.52909    
1.70189    
0.05044    
1.25921    
0.02408    
0.99647    
-0.22559    
0.74366    
0.77256    
1.49475    
1.24435    
0.22577    
2.41926    
-0.68584    
1.03819    
1.71619    
0.95848    
-0.48176    
-0.39683    
0.28453    
2.24887    
0.51674    
0.76177    
0.75336    
1.45030    
0.31484    
-0.99907    
2.66880    
-0.46520    
-0.22054    
1.66373    
0.79022    
1.01869    
1.44775    
0.74429    
-0.47853    
0.53429    
1.47035    
0.77452    
1.68992    
-0.38563    
0.96395    
-0.00778    
1.22096    
0.24528    
0.76408    
-0.21970    
1.69716    
0.26898    
1.20755    
0.65892    
0.97430    
-1.25173    
1.48572    
0.73861    
-0.23406    
-0.93494    
0.30381    
1.24294    
0.25481    
1.96913    
1.01722    
-0.18847    
0.01568    
-0.17791    
1.01339    
1.45850    
0.24558    
0.25139    
0.00990    
0.51631    
-0.19593    
1.73037    
0.03704    
0.71992    
-0.21886    
-0.22398    
2.16575    
-0.89582    
0.51439    
0.00243    
1.71104    
0.26968    
0.45836    
0.47840    
0.06849    
0.95963    
0.49951    
1.72194    
0.51217    
-0.73584    
1.04140    
0.23316    
0.95129    
0.04787    
0.50203    
1.21957    
0.24248    
-0.03006    
0.04153    
0.25115    
-0.76342    
1.00665    
0.02494    
0.73628    
1.46403    
0.24587    
0.73068    
1.26526    
0.76547    
0.26971    
1.17764    
0.26627    
0.21895    
-0.02884    
0.78020    
0.50166    
1.48272    
0.22995    
1.24192    
1.72755    
1.47675    
0.76540    
0.99896    
0.27709    
0.95407    
0.98022    
1.68158    
1.22021    
0.05025    
1.00759    
1.22818    
1.22915    
0.45785    
-0.21220    
0.26932    
-0.91557    
0.71401    
1.25100    
1.24813    
-0.67629    
0.25560    
0.75825    
0.25562    
0.79521    
1.25136    
1.01471    
1.92566    
0.50418    
1.25761    
2.23411    
0.24836    
1.00048    
1.93854    
0.44496    
0.97614    
0.22766    
1.49483    
-0.44388    
0.95703    
-1.17728    
2.48436    
1.71058    
0.72219    
1.21845    
0.77498    
-0.24991    
0.03776    
1.22553    
-0.22818    
0.29648    
0.01747    
0.97450    
-0.65471    
0.73960    
0.03500    
-0.51653    
1.96864    
1.19789    
0.97710    
1.80233    
1.44898    
1.04263    
1.94759    
1.67943    
0.03336    
-0.95815    
1.16750    
-0.21538    
0.71128    
1.22494    
1.21887    
0.05073    
0.77094    
0.00313    
0.76500    
0.01789    
0.51999    
1.21526    
0.26207    
0.02773    
-1.00514    
1.48533    
2.21066    
0.77305    
0.25856    
0.46977    
0.78348    
0.48475    
1.68891    
0.74060    
0.71835    
0.28463    
0.98029    
0.72623    
0.75497    
0.21375    
-0.25727    
1.20360    
0.78622    
1.23757    
0.95166    
-0.65469    
1.05874    
0.78430    
-0.20822    
1.48554    
0.96148    
1.23132    
0.53157    
0.00362    
1.17803    
1.42852    
-0.41644    
1.71756    
1.97476    
-0.97878    
-0.21128    
0.00510    
1.75850    
0.97842    
0.72470    
0.73599    
1.14009    
0.04664    
0.76295    
1.73037    
0.75710    
1.71631    
0.50096    
1.18885    
0.47816    
0.26651    
1.00711    
2.44743    
0.67667    
1.05955    
1.19271    
-0.39559    
1.23940    
1.03623    
0.25860    
0.93284    
-0.22848    
-0.44699    
0.25921    
0.93319    
-0.46495    
0.53380    
0.01656    
-0.63287    
1.73763    
1.51353    
-0.03756    
2.17798    
0.99427    
0.49929    
-1.41026    
1.50913    
-0.71855    
0.08426    
-0.50854    
0.24885    
0.07883    
0.00166    
1.97210    
0.29218    
0.25357    
1.03993    
1.94069    
0.28060    
0.50130    
0.24473    
0.76079    
1.27640    
1.71217    
1.28914    
0.53922    
2.20075    
1.22918    
-0.23086    
0.75445    
-0.52618    
-0.44167    
1.70014    
1.71731    
1.00203    
0.28567    
-0.18377    
-0.20839    
1.25423    
0.02677    
0.02561    
0.96409    
0.24255    
-0.04500    
-0.43731    
0.73975    
1.75540    
0.25859    
0.51687    
1.24277    
0.02739    
-0.21740    
0.74306    
0.48664    
1.64887    
1.01656    
0.77708    
0.28202    
-0.43627    
0.51054    
0.76265    
0.28709    
1.20955    
0.77319    
1.23208    
1.20595    
1.19284    
0.92968    
1.01634    
0.21230    
2.43019    
0.72469    
1.48340    
0.98613    
-0.21423    
1.22888    
0.51904    
0.00798    
1.98348    
1.27554    
0.72275    
-0.20683    
0.96077    
0.70857    
0.69776    
-1.68139    
0.00403    
-0.21298    
0.06484    
1.21379    
0.46826    
0.95768    
1.21910    
0.26044    
1.23211    
1.28227    
0.65221    
1.01096    
0.49687    
0.75774    
0.75835    
-0.20425    
-0.70173    
1.24507    
0.02765    
0.50477    
1.22092    
1.02179    
1.01578    
0.56083    
0.50313    
-0.23308    
0.04203    
1.03719    
1.25816    
0.99037    
-0.17980    
0.98697    
1.24470    
1.71692    
0.94673    
-0.24944    
0.50767    
-0.18274    
-0.20181    
0.25676    
0.79999    
0.83658    
0.49809    
0.58283    
1.69034    
1.04626    
1.06344    
0.69512    
0.75876    
2.88921    
0.94537    
-0.50066    
-0.97246    
1.47769    
1.23695    
0.98281    
1.02114    
-0.44181    
0.24857    
2.18554    
0.04906    
0.98948    
0.78995    
-0.23369    
0.20401    
-1.45136    
1.00970    
0.98343    
-0.00030    
0.54781    
1.50374    
0.00734    
1.72093    
1.50682    
-0.22464    
0.75211    
0.48429    
0.53158    
0.49734    
-1.25988    
0.26214    
0.76849    
0.02685    
0.94017    
1.17257    
0.73342    
0.51315    
0.03342    
0.98309    
0.72183    
0.30205    
0.96437    
0.97846    
0.24966    
0.49454    
0.75354    
0.50935    
0.77907    
0.97342    
1.03497    
0.00271    
0.01134    
-0.24484    
-0.20729    
1.68336    
0.27344    
1.45517    
-0.01664    
0.04627    
0.50780    
-0.94275    
2.46612    
0.49044    
0.94194    
-0.51522    
0.07836    
1.04462    
1.52920    
0.25495    
1.93974    
0.00763    
0.97566    
1.46643    
1.49187    
-0.48082    
0.43167    
0.50572    
0.30881    
0.94985    
-0.95386    
-0.96676    
0.71647    
0.49252    
0.78127    
-0.20482    
0.33667    
0.01281    
0.30195    
1.49615    
0.25353    
-0.26948    
1.73346    
0.72964    
0.97122    
1.24675    
1.95962    
0.77922    
1.71874    
1.75875    
0.97452    
0.70057    
1.02563    
1.90784    
0.70927    
1.21012    
0.76125    
-0.44586    
1.21794    
1.71526    
2.20942    
0.76095    
0.50429    
0.97977    
0.08918    
0.48672    
0.50589    
0.02326    
2.48070    
-0.49203    
-0.21947    
2.20939    
1.50425    
1.01875    
0.24128    
0.95032    
0.74976    
0.99253    
1.51446    
0.26410    
2.18193    
2.18005    
-0.20486    
0.74900    
1.47579    
0.27684    
0.27843    
1.20844    
-0.72375    
-0.42184    
1.01575    
1.42556    
0.79446    
0.96728    
1.69980    
1.71792    
-0.25102    
1.16189    
1.00656    
0.24560    
0.51913    
0.94100    
0.48905    
0.26284    
-0.23038    
0.77020    
0.50475    
0.71355    
0.74805    
0.73910    
-0.47063    
0.52864    
0.28104    
0.50698    
0.97605    
1.48064    
0.74011    
-0.71334    
0.93472    
-0.22021    
0.01908    
-0.21582    
-0.74089    
0.50861    
1.70333    
-0.77297    
0.70910    
0.03716    
0.05661    
0.99412    
0.74177    
0.04005    
0.28924    
0.06246    
2.47257    
0.26194    
1.18872    
1.23642    
0.98677    
-1.20796    
1.69807    
-0.00958    
0.28953    
0.67169    
1.18459    
-0.47656    
0.72387    
0.77144    
0.27381    
0.49431    
0.49941    
0.03271    
0.03297    
0.75270    
2.42093    
2.18105    
0.46516    
1.23884    
0.95778    
0.98184    
0.51735    
-0.49610    
0.73650    
1.69157    
0.72468    
0.49681    
0.75496    
0.25202    
0.52169    
0.49896    
1.49120    
0.72198    
0.71085    
0.50570    
2.69872    
1.51957    
0.27159    
0.00129    
1.00005    
0.21498    
0.20198    
0.71831    
0.27176    
0.98286    
0.32588    
0.97098    
1.24126    
0.04683    
0.95499    
0.03762    
-1.17765    
1.22554    
1.22035    
1.05255    
0.77815    
0.30199    
0.23564    
1.71427    
0.27760    
0.71128    
0.05705    
0.77049    
0.45459    
0.28332    
1.29341    
-0.42085    
0.75038    
1.20043    
0.50839    
0.26832    
-0.48128    
0.96536    
0.21237    
0.78450    
0.49638    
0.29564    
0.51440    
-0.44356    
0.72455    
0.29659    
0.29540    
1.25092    
0.76937    
0.74672    
1.21521    
1.45529    
0.28919    
1.72226    
0.02450    
-0.75872    
0.77335    
0.99046    
0.27923    
-0.71592    
-0.41586    
0.30727    
1.49037    
1.00533    
-0.70101    
0.78213    
1.22571    
-0.72214    
0.47508    
1.46359    
1.46483    
0.02901    
-0.28494    
0.21737    
-0.23166    
-0.26836    
0.55955    
1.96292    
0.22096    
0.96833    
0.48478    
0.50648    
0.53003    
0.79292    
1.21895    
-0.22413    
0.28355    
1.49841    
1.47109    
0.48206    
-0.96703    
0.21366    
0.00858    
0.03272    
-0.99676    
0.67965    
-0.19643    
0.96427    
0.02757    
-0.45910    
0.52949    
0.70574    
1.47367    
1.48722    
0.04625    
1.29210    
0.77875    
0.76592    
0.72627    
0.52638    
1.50315    
0.02330    
0.76622    
0.05688    
1.05059    
2.23593    
1.49526    
1.00981    
0.52500    
0.06725    
1.51825    
2.01279    
0.96688    
1.02179    
2.22079    
1.19645    
0.77720    
0.22952    
0.00773    
0.73146    
1.93371    
0.18386    
1.69237    
0.73898    
0.99598    
-0.01313    
0.01004    
1.01967    
0.99761    
-1.15514    
1.25482    
0.02414    
0.22627    
0.47263    
1.27376    
-0.17665    
1.73071    
0.05019    
0.97865    
0.23835    
0.51121    
0.49004    
-0.20394    
-2.11495    
-0.18833    
0.56314    
0.25487    
1.19809    
0.98452    
0.05516    
0.00192    
0.30233    
0.04955    
1.23557    
-0.00075    
-0.68881    
0.51622    
0.70575    
2.21795    
0.76179    
0.27887    
0.03149    
-0.22740    
0.79235    
0.78949    
1.22737    
0.26131    
0.48860    
0.72224    
0.98677    
0.75887    
0.30413    
1.73061    
0.75376    
1.52052    
0.96813    
1.20577    
-0.26835    
0.22512    
-0.43914    
1.48854    
1.24223    
0.49639    
0.77876    
0.75701    
0.26864    
0.02382    
-0.16804    
0.30968    
1.21266    
0.75594    
-0.23212    
0.93806    
0.47294    
0.93748    
1.19157    
1.42525    
-0.28984    
0.99125    
1.28287    
0.73573    
0.18820    
0.48268    
-0.22767    
0.05333    
1.27609    
0.54514    
0.51101    
1.50881    
0.76912    
0.74437    
-1.91244    
1.21058    
0.04759    
0.23796    
1.19999    
0.97391    
-0.22418    
0.71349    
1.93294    
-0.20588    
0.45792    
-0.43269    
0.01555    
-0.01033    
-1.17205    
0.27483    
1.22967    
1.73151    
2.66131    
0.97791    
-0.90561    
0.25089    
0.76082    
1.70036    
-0.20198    
0.71811    
-0.74413    
1.03306    
0.75870    
-0.19202    
1.71000    
0.69134    
-0.70222    
1.49188    
1.25500    
0.99439    
-0.20056    
-0.42154    
0.45558    
1.24906    
1.47782    
0.56994    
1.94635    
1.73696    
-0.47703    
0.99735    
1.00875    
2.45204    
0.46640    
1.24966    
-0.48112    
0.24815    
-0.45498    
-0.51054    
0.47089    
-0.20843    
1.97240    
0.50284    
0.75942    
0.54163    
1.43935    
0.96213    
1.30516    
0.71751    
0.28644    
-0.93087    
0.73262    
1.19546    
0.96228    
1.43234    
1.23662    
0.75758    
-0.16387    
1.07181    
1.26288    
0.23701    
0.46495    
1.47059    
0.76658    
1.45579    
0.54716    
1.21462    
0.99523    
0.96308    
0.02953    
-0.74416    
0.70792    
0.57108    
3.17838    
0.25276    
0.73881    
0.75713    
-0.49015    
0.33371    
1.47426    
0.98382    
0.94666    
-0.17215    
2.40506    
1.45640    
0.98907    
0.05198    
1.96788    
0.32114    
-0.27793    
-0.23565    
0.48474    
0.00125    
0.21146    
0.31650    
1.23388    
0.28504    
1.73022    
0.74319    
0.31802    
-0.21130    
0.53069    
0.74373    
0.95336    
0.52531    
0.45381    
0.78005    
-0.50572    
0.54288    
-1.16835    
0.51114    
0.25519    
1.46771    
0.77044    
0.55132    
0.47951    
1.73016    
0.69722    
2.17402    
0.07114    
-1.44597    
0.48179    
0.76472    
1.98713    
0.48954    
0.05918    
-0.21450    
-0.21798    
0.25055    
-0.21758    
1.23856    
0.97950    
-0.45955    
0.72382    
2.17018    
1.23515    
0.07080    
0.49790    
1.93958    
0.72008    
-0.92727    
0.72018    
0.97299    
0.76453    
0.27706    
0.22517    
1.50128    
0.28665    
0.03911    
0.00427    
0.26280    
0.94156    
1.00783    
1.47421    
0.51607    
0.31078    
-0.22787    
0.00753    
1.70620    
0.00753    
0.29625    
1.17229    
0.49619    
0.97913    
1.72497    
0.22049    
-0.00368    
1.74411    
0.71703    
-0.18273    
-0.02588    
1.02807    
1.69179    
1.67562    
1.26181    
-0.48754    
1.01224    
0.27513    
-0.24354    
0.76576    
0.00411    
0.70463    
-0.98725    
-0.18869    
0.98373    
1.96351    
-0.72113    
0.72407    
1.21226    
-0.20951    
1.23910    
1.70916    
0.25644    
1.69353    
-1.00263    
0.18434    
0.00313    
-1.38822    
2.00464    
1.01554    
0.52622    
0.74727    
-0.47930    
0.50949    
0.50181    
1.02241    
0.01413    
0.50399    
1.22875    
0.76755    
-0.71821    
0.46840    
-0.94181    
0.25186    
0.98934    
1.05425    
0.51857    
0.25519    
0.52673    
0.29892    
0.97375    
1.76131    
0.77377    
1.44876    
-0.44539    
0.27967    
-0.22183    
0.26382    
1.72029    
-0.74039    
0.06236    
-0.47585    
0.72262    
0.51452    
-0.47918    
0.99845    
0.78849    
0.05384    
0.95818    
-0.24976    
0.54862    
-0.00085    
0.72484    
0.74064    
0.45792    
0.98702    
2.42459    
-0.02052    
0.53822    
1.28060    
1.21289    
2.93880    
-0.20070    
-0.93335    
0.96223    
0.02188    
0.73562    
-0.43799    
0.52420    
1.25343    
1.28457    
1.14861    
1.24015    
1.00326    
0.76209    
1.48205    
1.20194    
0.04526    
0.04576    
1.66691    
1.48281    
1.44215    
0.73823    
0.48240    
-0.01681    
0.69057    
0.50728    
2.22921    
1.03088    
0.75731    
1.44709    
0.51733    
0.50051    
1.24198    
0.03660    
1.70657    
1.71966    
0.49503    
1.21784    
-0.03027    
0.48373    
-1.65430    
0.50444    
0.96632    
1.27425    
2.63982    
-0.24680    
0.49334    
1.42257    
0.01657    
1.47773    
1.25426    
1.45936    
0.70560    
0.91219    
-0.21062    
0.25048    
1.25645    
0.21159    
0.92179    
0.70732    
1.44901    
1.68611    
1.45845    
1.46139    
0.79267    
1.22376    
1.27287    
1.22971    
-0.22399    
1.71397    
-0.67232    
-0.49194    
0.98374    
1.24721    
-0.45681    
0.45416    
0.00704    
0.26709    
1.92863    
1.48127    
0.73379    
-0.92423    
0.47272    
-0.22955    
1.17570    
1.20113    
1.24772    
1.48180    
1.29103    
1.01801    
0.98076    
-0.00996    
0.24170    
0.71250    
1.96429    
0.07047    
1.71197    
1.49989    
-0.42864    
-0.18252    
0.48442    
0.99723    
-1.16565    
0.27073    
1.20355    
1.44031    
0.74923    
0.54527    
-0.00127    
0.26992    
-0.00490    
2.19212    
0.22917    
-0.43154    
0.03649    
1.00845    
0.28604    
-0.48182    
1.46073    
0.24617    
0.25908    
1.22324    
0.45827    
-0.23564    
0.03576    
0.95878    
0.06042    
0.72118    
-0.26302    
1.69384    
-0.20186    
-0.20411    
-0.20812    
0.50884    
0.01087    
0.02669    
0.75200    
0.04002    
0.78610    
1.94807    
0.94582    
0.32513    
0.01207    
0.46511    
0.03150    
-0.40837    
1.48248    
-0.43352    
0.74541    
0.48003    
0.51038    
0.25960    
0.24875    
1.20826    
1.93674    
-0.17674    
2.41535    
0.68940    
-0.00160    
0.04471    
-0.20054    
0.73059    
0.70380    
0.95975    
0.02686    
0.52896    
-0.44618    
0.06127    
0.05269    
-0.67791    
0.77823    
0.97682    
0.79732    
1.19208    
1.96312    
0.27863    
-0.24879    
0.04357    
1.02800    
1.49236    
0.53169    
0.76565    
0.71032    
0.77230    
1.18153    
2.64147    
1.95658    
-0.00650    
0.24234    
0.24243    
0.46237    
0.07098    
-0.45914    
-0.28675    
-0.44137    
-0.67982    
1.48722    
-0.46759    
-1.14990    
0.06182    
1.67315    
0.49892    
1.47395    
1.00903    
1.19730    
0.50891    
-0.21422    
0.24811    
1.26103    
1.25356    
0.48094    
0.51358    
0.99948    
1.47303    
-0.71120    
0.46916    
0.75218    
0.06894    
1.48441    
1.94584    
0.73146    
1.73843    
0.46479    
0.57173    
0.49528    
1.49441    
0.98469    
1.24779    
-0.25396    
0.72991    
1.21977    
0.22818    
-0.68862    
0.96099    
0.02582    
0.25445    
0.50549    
0.76484    
-1.17398    
-0.43859    
1.00071    
1.25442    
-0.47970    
-0.70298    
1.24946    
0.43769    
0.25808    
0.24895    
0.78225    
1.23457    
1.23103    
0.27086    
-1.71887    
-0.18897    
-0.71108    
1.49743    
1.70222    
1.74734    
0.03431    
0.71609    
-0.21105    
-0.01471    
1.93852    
-0.23731    
2.69238    
1.41720    
0.00384    
0.23975    
1.98587    
1.52162    
0.32236    
0.73018    
1.01252    
0.99747    
1.97216    
1.73459    
2.37820    
1.02457    
1.03270    
0.22881    
1.21026    
1.72816    
0.72179    
0.31034    
2.22604    
0.75773    
2.17311    
1.21843    
1.00905    
0.27845    
-0.17576    
2.22351    
0.75316    
-0.46329    
0.77567    
0.02657    
1.72709    
-1.64821    
0.51079    
1.23372    
1.18996    
1.98841    
-0.95101    
0.48742    
1.00978    
0.71211    
0.45997    
-0.02860    
0.48533    
1.21132    
0.74299    
0.28775    
1.22409    
-1.00444    
-0.43558    
-0.45799    
1.41384    
-0.51237    
1.74515    
0.51403    
-0.70412    
1.98314    
1.68721    
0.02003    
2.17215    
0.73514    
1.46993    
0.49853    
0.23395    
1.02677    
-0.67113    
0.79609    
0.52983    
0.79355    
0.04000    
0.70847    
-0.47389    
1.71666    
1.76260    
0.74303    
1.23177    
0.18664    
1.73014    
0.49462    
0.29231    
0.26712    
0.26065    
-0.20780    
1.72029    
-0.25656    
1.67397    
1.41836    
1.04276    
-0.23599    
-0.20583    
0.54010    
0.28521    
1.52557    
-0.00475    
0.47597    
0.77247    
1.02531    
0.03781    
-0.26009    
-0.18579    
0.71930    
1.64939    
0.69090    
1.22697    
0.27150    
-1.63422    
0.02389    
0.26443    
1.18185    
0.74919    
0.78630    
1.92963    
0.51477    
1.00103    
1.45440    
0.79266    
0.52054    
0.49651    
1.24921    
-0.47581    
0.24849    
-0.24655    
0.28576    
-0.26541    
1.68828    
1.19995    
0.06211    
0.21889    
0.54284    
-0.00308    
1.48262    
-0.01136    
-0.71700    
0.53657    
0.74253    
-0.43710    
-0.46632    
1.43247    
-0.47865    
-0.70185    
0.55147    
1.23061    
0.74081    
0.53907    
0.51673    
0.74857    
-0.47494    
-0.44385    
0.75588    
0.74838    
-0.01415    
-0.72730    
0.29869    
-0.21620    
1.23112    
-0.20600    
1.67788    
0.03258    
0.29335    
0.97431    
0.98981    
-0.47400    
0.72939    
0.49608    
3.38027    
0.70960    
-0.74598    
-0.20947    
0.27476    
0.04767    
2.95259    
0.70131    
1.23578    
0.71726    
0.73499    
0.25511    
0.00422    
1.03768    
0.48174    
0.29434    
0.24979    
1.76769    
0.75452    
0.04863    
0.72395    
0.21221    
1.00002    
0.75143    
-0.23466    
0.05477    
0.27903    
2.65347    
0.27772    
1.01812    
0.51781    
0.72989    
0.49047    
-0.71285    
-0.72214    
1.19764    
-0.22593    
1.96311    
1.20021    
-0.52713    
1.98498    
0.70771    
-0.23031    
1.25718    
1.45861    
1.20100    
-0.19859    
0.70561    
1.22584    
0.72209    
0.77092    
-0.73095    
0.06326    
0.48889    
-0.23725    
1.25646    
0.99571    
0.76934    
0.54437    
0.29163    
0.98738    
1.22455    
-0.75287    
0.20188    
0.75574    
0.96771    
-0.51592    
0.25599    
2.24525    
0.74816    
0.02209    
0.99826    
0.48996    
1.25581    
2.45718    
0.49425    
-0.48853    
0.02249    
1.69476    
0.76532    
0.23768    
0.01875    
-0.24276    
0.98935    
0.01847    
0.03672    
0.96318    
0.71751    
1.99061    
0.50347    
1.46400    
0.01560    
0.77449    
1.26292    
0.25183    
1.19211    
-0.01091    
1.96869    
1.93908    
-1.23459    
0.24136    
1.46032    
-0.45058    
-0.17715    
-0.73576    
0.79600    
0.71093    
0.50512    
0.98872    
1.98952    
1.00360    
0.72422    
-0.01067    
0.74663    
0.49326    
-0.00847    
0.69936    
1.94542    
0.50501    
-0.24444    
0.98762    
2.44744    
0.91884    
0.95693    
1.71233    
0.07922    
0.52141    
1.68940    
0.49594    
1.43250    
1.96347    
-0.45207    
0.45239    
1.53727    
0.97196    
1.18991    
0.74127    
0.97908    
0.78365    
0.00941    
0.54173    
-0.00960    
-0.20899    
0.30682    
1.24562    
0.22837    
0.23680    
0.04666    
0.50773    
-0.23349    
1.43899    
0.70368    
1.25952    
0.47111    
1.22971    
0.01749    
1.93049    
0.52218    
-0.45210    
2.18585    
-0.26587    
1.43543    
0.48306    
0.49551    
0.93205    
0.47963    
0.74516    
1.52869    
0.49055    
1.73282    
0.27570    
1.94433    
1.43432    
1.71141    
0.30335    
0.22334    
0.74897    
1.22528    
0.53680    
2.17444    
1.46157    
-0.49507    
0.49730    
1.22637    
0.06493    
0.53271    
0.03051    
2.20628    
1.43938    
0.49181    
1.97246    
-1.42102    
1.04714    
2.19761    
0.00926    
0.49873    
0.91854    
1.54027    
0.02128    
-0.51550    
0.76137    
-0.21561    
0.51908    
0.99800    
1.48763    
1.46341    
1.42349    
-1.23202    
0.07600    
-0.01692    
0.03280    
1.93764    
0.77359    
1.92918    
0.50788    
0.03238    
-0.43533    
0.21994    
0.77283    
0.74760    
1.94506    
1.00624    
1.22622    
-0.16325    
0.47434    
0.79368    
1.21078    
1.19773    
1.46122    
0.29316    
0.50743    
0.05306    
0.03831    
1.25389    
0.72020    
-0.42066    
-0.19420    
1.04191    
0.01748    
1.41097    
0.03248    
0.76202    
1.20910    
-0.16841    
-0.48025    
-0.68047    
0.71949    
1.74239    
0.48212    
0.51147    
0.00527    
0.07225    
1.25458    
0.48120    
1.20952    
-1.71015    
0.23593    
1.48911    
1.24985    
1.66210    
-0.02283    
1.69753    
0.98354    
0.98032    
-0.92924    
0.51051    
0.29040    
1.26142    
0.97853    
1.22266    
0.03032    
0.54170    
0.79194    
0.24664    
0.24548    
1.00440    
-0.93904    
1.67908    
0.23518    
0.72576    
-0.23304    
-0.73582    
-0.23655    
0.03121    
0.99414    
0.30374    
0.92646    
1.04964    
0.90007    
0.27937    
0.74556    
1.41164    
0.72168    
-0.72308    
-0.95083    
0.02596    
0.75138    
1.73231    
1.46715    
-0.23196    
1.42656    
0.76474    
1.27169    
2.20272    
0.71072    
1.23768    
0.51559    
-1.46912    
0.72211    
-0.21458    
0.27264    
-0.95228    
0.48491    
0.50865    
2.41728    
1.48684    
0.20333    
-0.43708    
0.44652    
0.76962    
0.73834    
0.50082    
1.47732    
1.48052    
0.71367    
0.25357    
-0.50836    
-0.00360    
0.46634    
0.74289    
1.44335    
-0.95972    
0.97200    
-0.18950    
-0.46687    
3.18156    
0.73599    
0.29473    
1.69307    
0.05938    
0.96014    
2.20181    
0.48573    
0.55408    
1.41855    
-0.01962    
2.65928    
1.43624    
0.51519    
0.01042    
2.43818    
0.04226    
1.25939    
-0.46481    
-0.04431    
1.00223    
0.22040    
-0.44906    
2.71801    
0.50351    
0.28562    
-0.02839    
1.50146    
0.75276    
-0.73683    
1.48547    
-0.70659    
0.98623    
0.76251    
0.49991    
0.67687    
-0.17240    
0.49307    
1.94927    
-0.02233    
2.20872    
0.51811    
-0.69433    
-0.00281    
0.49216    
0.50811    
0.00782    
-0.93269    
1.01719    
0.02844    
0.72829    
-0.72218    
1.20796    
0.98237    
0.27665    
-0.20002    
0.69103    
1.75321    
0.73881    
0.28615    
0.07270    
0.22419    
-0.44630    
1.67978    
0.75026    
0.26297    
1.25311    
-0.22110    
0.02589    
0.76724    
1.91150    
1.72873    
0.51174    
-0.23720    
1.43013    
0.04326    
1.24252    
0.03878    
0.02362    
1.00295    
-0.01404    
0.23307    
1.26345    
0.75571    
1.21108    
0.26777    
0.06236    
1.23402    
1.23700    
-0.97231    
-0.04949    
0.96615    
-0.68176    
0.73011    
0.94224    
0.76322    
0.55630    
0.78669    
0.98726    
0.73832    
-1.15467    
-0.45208    
1.44588    
1.21939    
-0.28596    
1.25729    
0.46692    
0.02463    
1.22928    
0.77202    
-0.29438    
-0.47142    
-0.21439    
1.01870    
0.75775    
0.21170    
0.72756    
0.49517    
1.52358    
0.51599    
1.67990    
1.25722    
1.17694    
1.74644    
0.46337    
-0.01119    
0.96131    
-0.72623    
0.96441    
0.01067    
0.28144    
0.50899    
0.27683    
0.96643    
0.74912    
-0.27080    
0.76579    
1.23132    
0.46731    
1.21508    
0.70767    
0.29431    
1.00078    
1.71699    
0.98312    
-0.00267    
0.25482    
0.99115    
2.21676    
0.77773    
0.71531    
0.28020    
0.56380    
0.49223    
0.71211    
0.74094    
1.24150    
-0.18588    
1.70212    
0.50559    
0.76925    
0.98277    
1.04230    
0.69907    
-0.67189    
0.26812    
-0.46778    
0.50175    
0.99741    
0.23983    
1.20386    
0.04560    
0.96436    
2.45639    
0.49791    
1.47688    
0.02742    
0.50360    
0.74034    
1.26994    
0.98048    
0.52157    
-0.18326    
-0.92419    
-0.19720    
0.04100    
-0.71629    
-0.02226    
1.66335    
-0.92747    
-0.72489    
0.04439    
-0.22034    
0.24847    
0.97675    
1.53758    
-0.50342    
1.20711    
-0.23364    
-0.23286    
0.21650    
0.79815    
0.72980    
1.26398    
1.49872    
0.78205    
0.97901    
2.44478    
0.73703    
1.21595    
0.05877    
-1.20402    
-0.00512    
0.22269    
1.22292    
0.80969    
0.54008    
0.79534    
2.93671    
1.95586    
1.43686    
1.99236    
2.00212    
1.23162    
1.02043    
-0.01226    
-0.47133    
2.18410    
-0.41367    
0.04117    
0.50385    
0.75654    
-0.24066    
-0.96875    
0.26707    
0.51517    
1.49058    
1.20178    
1.22500    
1.47537    
0.00695    
0.72304    
1.94164    
0.20407    
-0.48110    
0.48204    
0.26412    
0.24333    
2.72631    
1.02341    
1.00837    
1.45136    
0.76847    
0.03177    
0.97786    
1.18444    
-0.18544    
0.50649    
1.91171    
0.76397    
-0.54016    
-0.44522    
1.73940    
0.73102    
1.22505    
0.48470    
-0.45457    
1.24724    
-0.46349    
1.00206    
0.77090    
0.56129    
1.75592    
0.23171    
0.53892    
0.54034    
0.46981    
1.21849    
2.18695    
0.27740    
0.48082    
0.48452    
0.29517    
0.24553    
1.26597    
1.44411    
-0.66318    
1.27182    
-0.77775    
0.52243    
1.20659    
0.21338    
0.48997    
0.96235    
1.42901    
0.32488    
0.26538    
1.45317    
0.96127    
0.02201    
0.27637    
0.72601    
1.21521    
-0.49133    
0.97661    
0.80048    
1.00233    
0.27155    
0.51203    
0.51943    
0.97964    
0.72882    
0.98562    
-0.91850    
0.01495    
0.26129    
1.17649    
0.25505    
-0.49629    
1.47964    
0.02365    
1.71447    
0.50898    
1.19359    
0.49869    
-0.21398    
-0.45927    
1.01423    
-0.22922    
0.53044    
0.28869    
1.65684    
1.20418    
1.27557    
1.93783    
1.50817    
1.43962    
-0.49837    
1.17926    
0.50970    
0.51993    
1.22226    
0.26534    
-0.69251    
1.50810    
0.27098    
0.77283    
0.70650    
1.49171    
0.02328    
0.49696    
-0.28629    
0.01383    
1.95499    
2.42408    
0.53697    
0.24682    
-0.24717    
0.27085    
1.28299    
1.21007    
1.77749    
0.48411    
0.99073    
1.00288    
-0.21595    
0.93106    
1.01824    
0.73392    
0.01713    
0.49040    
1.51395    
1.02004    
-0.02343    
-0.25124    
0.75103    
1.51444    
0.74921    
0.02256    
1.01915    
0.24886    
0.49760    
-0.24775    
2.15311    
0.07366    
-0.19833    
1.24079    
-0.44506    
0.52831    
0.26288    
0.22136    
2.17714    
0.78674    
1.72121    
-0.19893    
-0.46622    
0.69400    
0.98075    
-1.41758    
1.94419    
0.50503    
0.98656    
0.77997    
0.98268    
-0.49215    
1.47839    
0.97037    
-0.74407    
0.04183    
0.24464    
0.23244    
0.71401    
1.19854    
-0.70248    
1.50614    
0.50806    
1.25729    
0.94865    
0.70716    
1.69465    
0.96533    
2.67039    
1.46415    
0.47592    
-1.19937    
1.44702    
0.49533    
1.67014    
1.05179    
0.71293    
0.98026    
-0.22181    
-0.20184    
0.03278    
-0.19503    
0.26466    
0.29589    
0.55392    
1.21887    
0.49478    
0.77069    
1.24847    
0.48444    
1.02673    
0.51965    
0.48106    
1.19029    
1.50910    
1.22434    
1.73883    
1.75406    
1.24311    
0.53792    
1.05117    
1.21991    
0.96189    
0.02594    
-0.91695    
0.52432    
0.01742    
0.69667    
1.21791    
-0.19369    
0.77385    
0.51389    
0.50809    
1.22033    
2.23708    
-0.97622    
0.47403    
-0.92607    
0.51259    
0.06293    
1.00149    
0.56393    
-0.44373    
0.50082    
0.27868    
1.46029    
2.18010    
0.04532    
1.22559    
0.77870    
2.17155    
-0.43702    
-0.89164    
0.49550    
1.22361    
0.71058    
1.43765    
0.56116    
0.06009    
0.46649    
0.52042    
0.74158    
-0.96127    
0.49038    
0.49831    
1.96368    
1.17184    
0.54722    
-0.70950    
1.21817    
-0.48641    
1.27273    
1.05227    
-0.98815    
1.50963    
0.45407    
1.26915    
-0.50794    
1.49356    
0.30837    
0.55627    
0.29567    
0.52966    
-0.19666    
0.25958    
0.70437    
0.73744    
0.25996    
0.22332    
0.28691    
-0.18844    
1.46692    
-1.18267    
1.04365    
1.49272    
-0.18950    
0.27725    
0.54105    
1.46851    
-0.68431    
0.47677    
1.46674    
-0.21204    
0.71928    
0.73165    
0.49145    
0.71730    
0.74376    
1.69339    
0.24843    
0.50480    
0.27349    
-0.20019    
0.46146    
0.73708    
1.95158    
0.26450    
1.75078    
0.71243    
0.53069    
-0.69386    
0.79574    
0.97350    
0.96258    
1.40590    
0.54256    
-0.48213    
0.99631    
0.27545    
0.98685    
0.27168    
0.73051    
0.83536    
1.04486    
-0.49063    
1.95375    
1.21687    
1.00455    
-0.65807    
0.95864    
-0.13744    
1.73953    
-0.46710    
0.69589    
0.76528    
1.48003    
1.19511    
0.48814    
0.74810    
1.46503    
0.52527    
0.75921    
1.24419    
-0.25316    
0.28054    
1.04800    
0.01063    
0.25227    
0.49395    
1.45920    
0.04170    
-0.99698    
0.25766    
0.72620    
0.73787    
1.49180    
0.51868    
-0.19221    
0.77257    
1.01832    
0.99094    
2.18385    
0.00932    
1.01858    
0.47193    
0.76943    
0.23528    
0.72946    
-0.22466    
1.46919    
1.21583    
-0.01855    
0.52950    
1.40916    
0.29912    
1.95090    
1.18790    
1.70774    
