7.72498    
6.14567    
4.12326    
4.02060    
4.13212    
5.04077    
4.91659    
6.53841    
6.45190    
7.01418    
6.03216    
4.96312    
3.11772    
3.91202    
4.19061    
5.01478    
3.64123    
6.03644    
3.09527    
9.42250    
4.99533    
6.92829    
6.03399    
5.05919    
6.56611    
3.60952    
8.07180    
5.97054    
4.79758    
8.97691    
4.04857    
8.01807    
2.10687    
3.12615    
6.92313    
4.16247    
6.94177    
5.01002    
3.11047    
4.04602    
6.10689    
2.94015    
4.02409    
3.02639    
3.55742    
1.59804    
5.43698    
4.05429    
4.99834    
3.51304    
10.69674    
6.47280    
6.91918    
5.84019    
2.03871    
2.07605    
7.89551    
4.96141    
5.58739    
3.09989    
5.50009    
4.48739    
7.81473    
2.58239    
4.99999    
6.82800    
3.53164    
5.98149    
5.06264    
5.92298    
8.04023    
5.86538    
7.61821    
5.05705    
3.53106    
3.07795    
4.16941    
5.02209    
5.07454    
6.94310    
4.00432    
4.44031    
5.94815    
5.92204    
5.01094    
3.52959    
5.09800    
4.44205    
6.46458    
6.83878    
2.15030    
5.06138    
4.52369    
6.95480    
4.58862    
6.02571    
4.21013    
6.50836    
5.00771    
6.06873    
6.87540    
8.95435    
4.98440    
7.99713    
4.02110    
3.91717    
2.65251    
3.97226    
5.99102    
3.56915    
4.41204    
7.85436    
7.00802    
3.63732    
7.88568    
3.17924    
2.09422    
6.40964    
6.02353    
6.40714    
5.92097    
6.57618    
6.97903    
5.57645    
5.95416    
3.19033    
1.59703    
5.10176    
4.07134    
5.08236    
5.57835    
4.96791    
6.38394    
6.03101    
4.96036    
6.91646    
5.96069    
7.91298    
3.55202    
2.91134    
5.91300    
8.02614    
6.94430    
7.97690    
6.93450    
4.48647    
4.92713    
1.16658    
5.45064    
5.48226    
4.92093    
6.99476    
7.92188    
6.98107    
3.17400    
2.11330    
2.03880    
7.04753    
3.12357    
5.90195    
4.58232    
4.51954    
6.02513    
2.66764    
6.11478    
8.49532    
4.13626    
4.99651    
0.93326    
5.08946    
3.11895    
7.85299    
6.93295    
7.94373    
6.08909    
3.97140    
5.00750    
4.92883    
3.21581    
4.13899    
6.93939    
5.00147    
4.59476    
5.04204    
5.98447    
4.06633    
3.50183    
4.51353    
1.54418    
6.04135    
3.60625    
7.26673    
6.49646    
3.09135    
2.51050    
2.09384    
5.14556    
4.58475    
7.02584    
3.52658    
5.01078    
4.62249    
5.92740    
5.94806    
9.82600    
5.97215    
5.99404    
4.00985    
6.03045    
3.57971    
6.88466    
4.83377    
7.13846    
4.15459    
5.02336    
3.08238    
3.43684    
5.01468    
7.91000    
-0.28258    
6.47788    
4.07987    
6.84904    
4.00043    
7.82843    
4.66169    
4.60656    
5.80733    
3.98201    
8.22096    
3.13465    
2.52362    
2.06347    
3.99233    
4.98530    
2.07434    
6.06347    
4.48811    
5.13148    
4.10098    
4.00531    
2.58255    
6.89732    
2.16216    
3.59033    
5.91911    
3.05943    
7.49730    
5.99408    
3.01726    
4.11282    
3.08093    
8.35796    
6.03856    
7.09832    
7.00174    
3.17119    
4.93408    
7.85897    
6.92296    
4.49115    
6.02493    
5.96714    
6.90290    
6.73747    
7.98275    
5.00624    
4.94007    
5.40986    
8.90947    
1.11128    
4.03747    
6.04732    
3.56238    
6.95736    
5.48971    
3.07758    
6.41430    
5.88012    
2.58571    
1.13282    
2.13132    
5.03940    
4.97542    
3.57726    
4.92091    
5.01375    
5.83891    
3.14465    
4.53278    
7.37049    
2.03768    
6.29560    
4.41758    
4.95963    
7.87525    
6.91511    
3.02589    
4.94702    
5.43752    
4.92380    
5.06664    
8.43828    
3.13529    
4.03299    
5.01553    
3.01727    
1.93952    
5.16251    
6.95267    
3.49952    
4.90166    
5.06155    
4.95286    
4.05551    
4.02201    
4.57930    
2.01648    
9.79316    
3.14561    
3.98406    
7.16842    
2.97160    
2.99613    
6.44000    
6.92678    
6.91845    
6.55114    
7.95989    
5.91177    
8.93895    
4.54863    
4.97705    
8.00564    
5.49657    
2.07930    
7.36191    
4.52287    
4.89757    
5.98543    
5.37270    
7.12142    
3.96871    
3.96426    
3.14959    
6.89667    
5.04216    
7.00798    
5.87582    
4.99953    
3.94343    
6.06055    
4.13395    
3.46379    
4.08132    
4.54510    
7.91045    
2.91183    
5.52540    
5.52398    
5.91231    
3.15646    
7.85117    
6.15290    
5.05398    
3.97866    
6.13849    
6.04859    
7.87533    
3.94971    
8.56990    
4.50365    
7.83996    
6.98553    
5.13891    
4.21752    
6.90021    
5.04699    
4.02068    
3.97274    
5.08044    
5.53087    
7.38408    
1.06067    
6.10988    
4.97573    
7.54767    
6.50182    
1.47543    
1.04282    
5.46036    
5.16875    
5.40950    
7.91873    
5.89314    
5.09245    
6.97421    
6.39383    
5.94575    
5.86498    
5.07014    
7.44276    
5.95166    
5.55883    
3.61193    
4.84133    
6.86985    
5.97117    
8.01946    
5.19915    
3.03193    
4.98639    
5.52395    
3.09339    
3.07570    
3.05519    
3.57864    
5.04844    
3.16394    
4.01784    
5.01272    
7.44083    
2.56338    
3.65371    
4.58643    
5.89262    
4.94467    
6.03171    
5.94690    
5.97577    
6.50743    
5.09892    
7.90606    
3.17389    
3.87866    
4.48420    
5.02790    
5.93626    
8.05651    
5.07804    
6.50167    
3.33434    
5.13496    
6.82107    
4.68247    
7.97189    
6.13018    
5.97404    
4.58004    
3.92215    
7.76744    
7.33053    
5.38363    
5.94344    
8.43613    
6.06291    
7.44411    
5.53199    
4.53325    
8.86010    
8.60698    
5.13602    
4.98455    
6.01966    
5.44398    
6.95534    
7.80689    
3.10064    
7.01575    
5.02616    
6.41532    
5.07565    
5.53942    
3.46153    
5.87083    
6.01025    
3.19876    
6.87136    
8.07174    
3.96963    
3.02121    
5.47971    
7.43617    
3.95597    
6.37472    
5.60009    
5.09032    
3.45354    
5.96477    
5.53012    
7.91101    
4.08285    
4.00731    
4.95735    
4.54799    
6.54821    
6.51214    
5.57677    
3.47643    
7.85891    
3.03903    
4.86221    
4.64732    
5.81828    
2.93708    
3.04356    
3.12395    
2.60257    
5.62562    
4.10414    
2.09387    
6.29908    
3.20637    
4.05582    
2.63293    
3.51421    
3.14078    
4.05574    
4.93254    
7.93920    
4.43257    
4.01600    
4.58226    
4.97878    
4.97093    
6.05156    
2.04716    
5.89309    
6.00960    
5.94122    
2.59373    
4.03481    
7.40090    
5.03760    
4.09003    
3.06606    
6.89623    
3.01214    
6.92748    
6.04032    
4.45513    
6.03848    
6.98726    
8.37427    
4.94244    
2.15160    
2.41494    
9.79988    
5.53314    
6.01322    
5.90006    
2.97544    
6.89194    
5.49123    
2.48600    
4.12279    
3.54807    
4.09782    
3.53167    
7.46722    
6.92016    
6.86152    
6.00125    
4.14661    
5.56046    
5.86687    
7.90683    
6.04788    
3.61755    
3.09289    
3.12682    
1.07203    
5.11617    
5.89277    
3.59769    
6.70798    
4.51403    
4.47826    
6.34084    
5.03176    
7.92745    
0.08426    
6.94088    
3.50110    
3.10703    
4.83480    
5.60531    
3.10202    
7.89746    
2.58182    
5.01612    
2.50501    
4.04201    
3.49859    
6.92285    
3.05636    
2.09114    
2.06379    
6.84253    
8.77031    
5.44377    
6.88332    
7.91051    
3.64392    
7.83934    
4.10711    
4.62270    
6.50796    
4.04770    
5.89615    
4.97857    
4.99802    
6.47972    
6.43912    
3.19715    
6.15596    
4.57770    
7.14261    
6.95100    
5.04883    
7.50423    
5.42873    
5.10098    
4.98022    
3.03701    
6.17054    
7.78667    
7.33110    
4.02329    
3.11549    
6.76205    
5.50140    
4.10216    
3.52660    
4.47838    
4.14487    
6.39686    
2.52101    
4.02759    
3.96881    
5.01751    
5.00238    
2.93905    
4.58136    
1.97944    
6.88560    
5.45344    
5.09463    
7.94655    
9.46115    
6.04357    
2.96138    
6.11303    
1.22990    
7.05876    
4.99347    
2.52148    
4.07449    
6.93444    
5.88092    
6.91059    
6.96854    
5.09842    
5.50147    
4.94057    
3.66800    
4.04075    
5.40347    
5.90964    
7.91469    
3.06658    
3.13437    
5.01860    
2.00574    
7.43094    
6.91092    
2.65877    
7.51013    
3.59481    
2.09607    
7.83195    
3.47175    
4.07644    
6.14418    
2.14825    
4.38651    
4.07503    
3.52381    
4.04238    
6.99100    
2.97517    
5.89511    
5.02040    
5.46120    
4.00280    
5.53769    
4.98730    
7.81704    
7.93423    
2.71486    
2.48730    
1.06701    
6.92930    
5.00528    
7.01895    
4.94391    
4.13413    
5.96867    
3.05761    
4.01756    
3.95964    
5.64296    
8.41075    
7.33953    
6.95665    
4.38013    
3.50403    
7.31534    
3.94163    
4.98700    
8.82599    
5.04763    
3.16098    
7.92767    
6.35540    
7.83430    
4.56661    
4.03787    
6.47194    
4.04436    
4.09171    
6.04743    
5.19238    
3.64603    
7.34893    
7.49717    
3.57650    
4.03865    
6.03671    
3.01637    
5.10333    
4.06593    
4.97227    
6.06040    
4.97369    
6.43505    
6.77026    
3.00610    
3.15741    
4.85065    
4.02985    
6.04904    
8.01201    
3.95326    
8.31093    
6.90278    
4.45532    
5.92329    
3.41935    
2.67498    
4.06953    
3.14469    
4.93408    
7.95855    
4.09909    
4.03611    
4.43601    
4.70325    
6.06842    
4.54947    
4.56660    
6.39479    
6.81560    
7.83282    
4.08791    
3.63429    
4.98270    
4.46969    
4.15960    
4.57074    
4.48402    
5.93482    
3.97188    
3.15792    
6.84120    
5.94891    
3.99095    
3.83134    
3.19458    
5.99082    
7.12505    
4.06054    
6.03112    
4.40399    
5.59713    
8.07428    
3.97715    
6.14149    
4.90779    
3.21617    
7.02126    
2.00684    
4.99089    
5.97821    
4.89091    
3.95808    
3.14040    
4.03217    
5.47467    
4.09331    
3.20256    
6.48585    
3.16022    
4.58209    
5.48576    
3.05278    
2.14913    
4.23644    
3.11464    
6.95590    
6.03103    
4.09030    
4.12852    
2.03999    
3.16594    
4.99790    
1.67153    
5.98345    
0.53635    
3.98701    
1.07960    
7.50828    
4.10320    
7.53590    
1.60237    
4.09580    
8.76243    
3.07914    
2.56171    
3.19632    
4.48561    
2.70705    
5.11973    
6.04959    
7.95592    
4.09423    
8.91806    
3.60349    
4.47252    
6.08090    
5.93961    
7.93757    
4.09295    
5.09761    
7.98016    
4.11924    
5.09570    
3.93828    
7.03898    
7.90439    
5.92340    
1.72790    
3.51211    
5.82197    
3.12715    
1.75132    
6.98021    
5.99907    
5.01805    
7.81261    
4.54272    
7.02106    
3.11909    
3.96794    
4.53044    
4.09937    
3.07056    
5.03107    
6.00781    
8.06921    
5.97753    
5.96041    
5.88627    
5.07029    
4.96087    
3.19939    
6.88948    
4.94638    
3.59524    
5.04585    
2.60336    
3.53454    
4.60810    
5.90352    
4.54617    
4.91236    
6.08095    
6.15031    
5.93067    
7.33854    
6.89066    
8.00259    
6.41354    
4.11324    
3.50189    
2.59813    
5.11710    
7.38465    
6.89143    
6.95248    
4.60913    
5.09028    
6.57241    
6.94930    
4.59527    
6.85848    
7.97424    
3.64860    
7.32573    
1.06344    
5.38704    
4.51535    
3.06530    
3.00768    
6.45175    
7.04996    
4.46370    
4.97560    
5.90085    
2.50157    
5.53895    
6.39861    
3.06567    
5.45268    
3.16575    
6.02705    
7.03540    
4.10240    
4.45238    
4.15149    
7.82404    
2.04162    
8.03339    
7.46188    
6.88098    
5.55350    
5.07722    
5.58045    
8.99373    
4.47731    
3.97912    
2.51918    
2.15382    
4.89511    
5.45143    
5.05872    
4.10890    
5.16424    
7.42319    
3.95581    
4.97815    
3.98866    
7.45965    
6.02108    
5.01408    
5.07312    
4.62918    
2.21774    
7.86733    
3.14418    
6.83816    
2.17247    
4.56525    
6.47697    
9.43113    
4.97605    
4.39915    
6.42531    
2.20615    
5.06392    
5.91710    
5.00554    
4.12299    
3.93410    
4.97205    
4.02193    
5.06282    
3.05035    
4.05085    
2.91781    
3.54425    
3.54928    
4.98891    
9.35121    
4.03053    
3.94659    
4.12579    
3.54332    
4.95021    
4.90181    
3.59041    
6.96983    
6.85485    
3.09161    
7.80225    
3.03066    
5.89210    
2.12118    
7.48242    
4.12741    
4.92121    
5.43990    
2.45322    
2.48820    
5.78466    
5.98089    
4.91298    
3.08282    
5.91575    
6.00884    
5.94626    
4.11031    
4.03950    
4.11476    
4.50514    
4.03939    
4.95938    
6.49466    
8.02285    
2.99777    
3.58907    
4.10541    
5.98999    
3.70772    
4.20067    
3.12144    
5.01253    
4.96345    
3.35940    
5.98067    
6.93794    
5.46016    
6.06036    
4.09568    
2.00606    
3.11649    
4.95930    
6.98896    
7.43560    
7.03517    
4.17033    
4.43513    
3.04437    
6.85840    
5.97081    
3.54643    
5.64421    
6.91420    
7.50973    
4.17650    
2.98045    
4.02458    
4.92878    
1.60231    
8.37013    
6.53811    
4.29648    
6.07412    
3.00259    
2.00170    
4.10475    
4.92444    
4.93476    
5.06717    
3.99811    
7.95537    
6.88179    
6.90038    
5.81095    
8.89744    
6.51553    
7.98072    
4.94691    
5.48572    
4.03802    
6.06777    
3.90510    
7.02000    
3.98152    
1.14948    
3.53852    
4.53765    
2.62198    
6.49967    
5.03553    
4.62363    
8.06984    
6.94704    
4.53468    
4.05952    
5.01651    
4.11895    
5.98335    
7.42879    
5.87504    
3.52565    
3.11063    
7.03289    
3.57179    
3.50481    
6.11862    
3.65461    
3.11433    
4.44988    
3.07223    
4.94868    
5.05069    
4.60050    
6.00796    
4.47115    
6.51912    
1.55477    
5.89234    
6.39217    
3.34489    
5.89390    
6.92673    
8.06869    
5.05121    
5.96688    
9.05223    
3.97611    
8.54867    
6.07727    
8.39676    
6.93249    
5.94586    
5.96894    
3.48305    
3.93528    
4.93672    
3.22831    
7.86439    
6.01557    
4.94374    
8.96886    
4.95290    
7.80745    
5.01553    
2.10447    
4.49630    
6.95710    
4.92064    
5.87558    
6.84199    
4.97694    
6.83714    
4.06895    
4.60920    
7.91102    
4.98414    
6.01060    
3.69787    
5.41672    
5.98302    
6.12983    
4.94849    
6.46779    
7.88457    
4.89797    
5.87290    
6.91612    
5.15756    
5.46396    
7.55894    
1.57862    
6.42478    
4.52864    
5.60571    
3.58503    
3.63910    
6.98753    
3.97932    
4.19922    
5.97609    
3.94370    
7.83515    
7.45491    
6.01414    
7.33233    
6.81192    
3.41617    
7.00490    
6.50454    
4.55747    
7.80006    
4.09606    
4.09348    
6.03395    
4.05365    
3.89090    
5.63883    
7.92683    
5.97851    
3.63676    
2.54383    
9.45429    
3.99152    
4.78427    
6.48420    
8.04315    
7.49405    
3.90743    
3.57861    
5.77090    
4.02738    
3.00128    
8.96569    
3.94476    
5.50587    
6.02132    
5.10966    
4.13272    
5.99536    
4.02974    
5.07847    
4.53635    
7.48987    
6.79563    
6.48173    
4.94229    
5.96278    
9.89265    
6.92266    
2.53462    
3.45709    
5.08510    
6.98491    
4.09466    
4.65078    
1.87755    
4.90598    
6.90104    
7.92724    
3.85737    
2.92168    
3.16388    
3.14031    
6.03416    
6.07267    
2.54108    
7.40198    
8.46464    
7.82890    
5.01172    
4.09697    
6.84897    
6.37878    
5.81816    
4.54128    
3.07054    
7.38882    
5.09213    
2.98816    
4.01070    
7.05736    
4.04865    
3.16732    
7.94086    
5.99909    
2.13986    
3.63553    
5.39244    
4.12874    
5.00607    
6.77999    
5.08139    
6.92632    
4.50740    
6.87278    
6.95327    
5.95200    
5.98158    
5.45523    
3.08678    
4.98032    
4.53221    
6.82331    
3.49423    
5.01088    
7.98149    
4.09188    
5.03467    
5.15578    
4.48202    
3.97656    
2.99088    
4.04231    
5.98886    
3.16778    
6.95882    
4.11386    
5.60863    
5.17068    
4.47189    
5.91272    
6.50986    
4.98245    
5.02255    
5.12372    
4.14721    
6.02377    
4.07023    
3.65267    
4.09084    
8.73320    
6.96397    
4.03177    
4.06017    
3.03773    
3.51064    
5.93797    
6.14348    
5.43172    
7.40895    
3.60071    
4.97689    
4.95176    
3.64779    
5.93255    
5.47406    
6.94227    
4.08855    
8.28934    
4.12226    
6.89622    
5.00757    
5.97009    
5.07336    
2.57879    
9.30460    
3.05866    
3.99357    
4.56778    
5.43945    
5.98298    
7.94562    
4.98713    
4.07738    
3.16312    
3.67462    
6.98133    
6.90032    
2.09518    
5.90795    
3.58225    
1.09958    
5.52857    
5.11395    
8.92047    
4.54078    
3.12907    
2.94699    
7.93233    
5.02522    
4.55281    
4.10654    
6.96426    
6.16911    
7.87871    
2.17718    
5.95457    
5.44465    
3.67135    
6.88301    
4.50294    
2.14911    
4.96587    
4.98717    
4.90972    
6.52053    
6.95072    
6.04732    
3.23836    
4.91390    
5.43241    
6.42569    
6.51735    
6.45152    
3.13814    
7.23517    
6.03937    
4.07517    
5.14514    
4.06951    
5.43935    
6.91592    
3.01003    
3.98456    
5.00528    
7.96981    
3.51207    
5.99349    
3.62575    
7.79619    
6.06106    
2.17005    
3.61905    
3.51027    
5.45218    
2.52638    
3.57050    
6.96349    
7.46188    
7.96332    
6.29649    
6.81451    
4.02240    
3.60540    
5.10702    
3.16354    
7.02992    
5.10514    
5.03355    
5.01941    
4.95044    
6.92315    
8.01836    
5.00517    
6.00882    
5.95092    
4.04628    
4.00945    
5.03713    
5.93040    
5.95148    
4.49067    
8.05349    
6.87452    
3.51189    
5.95406    
5.03166    
4.90455    
3.56558    
2.01342    
5.08827    
7.46580    
2.53136    
3.20502    
4.17501    
3.99431    
0.97700    
6.09400    
4.08902    
4.03483    
3.05252    
6.99766    
4.02335    
5.96495    
6.93947    
7.83985    
3.09145    
6.04400    
7.95799    
5.99856    
4.14956    
5.01171    
6.96486    
6.43176    
4.88712    
6.40223    
3.91305    
6.05056    
7.02438    
6.06293    
4.12881    
6.74573    
4.65567    
5.44005    
5.99037    
4.00755    
6.05985    
3.57960    
5.92047    
5.02215    
5.99546    
7.89397    
0.96302    
4.14518    
6.07744    
3.91518    
7.76624    
7.50128    
4.54364    
5.01088    
4.90535    
4.02961    
4.17542    
4.48762    
2.09638    
5.33885    
6.47694    
3.02579    
6.41325    
3.56045    
3.03859    
3.06902    
5.02549    
5.46321    
3.05273    
3.20722    
5.96692    
5.01235    
7.80071    
5.00968    
8.29105    
2.62341    
6.88548    
5.92943    
4.55955    
5.91237    
5.04160    
5.03901    
3.13866    
5.96866    
3.66117    
2.99522    
3.54519    
3.04305    
3.12112    
6.52699    
7.04485    
5.02623    
5.66742    
7.51132    
4.52966    
6.83851    
3.12751    
3.09213    
6.03438    
4.86593    
6.41065    
6.03115    
6.95549    
5.04879    
5.09818    
4.94853    
2.94599    
6.87007    
5.02626    
6.99822    
2.06473    
3.50001    
1.47121    
3.55287    
3.16046    
4.55734    
3.56159    
6.01807    
3.08054    
5.47314    
4.97312    
5.87115    
4.54167    
5.04864    
5.89042    
4.43541    
7.42366    
3.96014    
5.12012    
4.04084    
2.98205    
3.04469    
4.21764    
8.01739    
7.00269    
4.71781    
4.46211    
2.07520    
6.94593    
6.47254    
4.05723    
3.03733    
4.05876    
6.03268    
3.44934    
4.05432    
5.00684    
5.82509    
5.99114    
6.87121    
4.96475    
7.83639    
6.02213    
4.95133    
5.43110    
6.85013    
5.22532    
3.11723    
4.04933    
4.89555    
4.04969    
6.82692    
8.89768    
5.05657    
3.60047    
4.01186    
7.43404    
4.45480    
3.65762    
6.48876    
5.03917    
8.31208    
5.02579    
2.98492    
5.59578    
6.51222    
2.11724    
4.56239    
5.94120    
4.90216    
3.47836    
3.12571    
5.48208    
4.10227    
5.54148    
4.54926    
5.49033    
4.13258    
3.95988    
6.06023    
4.91604    
6.10860    
3.97961    
5.07825    
5.06889    
3.61856    
1.01926    
4.53693    
5.52167    
4.24388    
6.89425    
5.44498    
2.15371    
4.95381    
7.11919    
5.47993    
5.89810    
3.62375    
7.41581    
5.99562    
7.90397    
8.56809    
5.56593    
4.06940    
7.41667    
2.10149    
5.44393    
3.50775    
3.93941    
5.48079    
5.91436    
6.35035    
5.41358    
4.52212    
3.27953    
3.58756    
3.92606    
6.97556    
8.48144    
4.52010    
5.15089    
3.51553    
4.05772    
2.56853    
4.55449    
6.47299    
4.11340    
2.68230    
4.49561    
5.12435    
2.97654    
5.04721    
3.97195    
4.49943    
6.16764    
4.53898    
6.05617    
4.59550    
5.05394    
6.98409    
3.70921    
4.41323    
3.06643    
6.20205    
2.17109    
4.97746    
4.92691    
3.45483    
3.87058    
2.65172    
4.54409    
3.94385    
6.90594    
4.01060    
5.49604    
2.66383    
4.95536    
4.04225    
3.97228    
5.99496    
3.97927    
6.88040    
4.93168    
1.58065    
2.54568    
2.23525    
6.43261    
4.98668    
4.03136    
5.43565    
3.02583    
5.18938    
3.91714    
3.59459    
7.93205    
3.95106    
5.01289    
4.43225    
3.91747    
4.94156    
7.05133    
6.86456    
8.97508    
3.08420    
2.14259    
4.16858    
7.84183    
5.16364    
6.99514    
5.70124    
4.54793    
5.01423    
4.06712    
7.91662    
7.38505    
5.53830    
5.03481    
4.05894    
5.08300    
5.96983    
4.94179    
6.97498    
5.13993    
4.06693    
4.50434    
6.84634    
5.97246    
4.97785    
3.24272    
8.33623    
5.12491    
4.62804    
5.07873    
6.89769    
5.97551    
5.06577    
3.99335    
3.15551    
6.51536    
4.95212    
5.96242    
8.01950    
2.10756    
7.99746    
7.71199    
4.89029    
5.16597    
4.95128    
7.39618    
5.00266    
5.42680    
4.02813    
1.99270    
3.04731    
8.89877    
3.12035    
7.33583    
3.92806    
4.57314    
4.38069    
3.15979    
4.08763    
5.04072    
4.96742    
4.90753    
5.49818    
2.07237    
5.91157    
4.07311    
5.03473    
2.64306    
3.99984    
4.03448    
5.04430    
5.45110    
5.00041    
6.99526    
4.88386    
7.41473    
4.60056    
5.39882    
5.04489    
7.82447    
7.40179    
5.86699    
2.01094    
6.08866    
6.38560    
4.04636    
3.98892    
3.03477    
5.85428    
3.00631    
5.49412    
4.07663    
4.39183    
5.03809    
3.95479    
4.96929    
5.97064    
6.54257    
6.48256    
3.61227    
3.17928    
2.58014    
4.04673    
5.45344    
4.04192    
4.61027    
2.58980    
5.51235    
6.00136    
7.07244    
3.46015    
6.99906    
7.80916    
7.06606    
7.90775    
3.03520    
3.99688    
2.10473    
5.58694    
6.43514    
3.09761    
6.01599    
6.09443    
8.92415    
4.94999    
6.93606    
7.00594    
5.92371    
4.39860    
8.08805    
2.56432    
4.62147    
6.51831    
6.91193    
2.03802    
6.41061    
3.65285    
4.43080    
3.91518    
3.54766    
5.93319    
5.90204    
6.01508    
5.09407    
4.48298    
6.03302    
4.02505    
5.93197    
5.42520    
6.89165    
4.52548    
3.14259    
3.19779    
5.52366    
5.10437    
1.52830    
6.87141    
5.94535    
4.00917    
5.85801    
7.79224    
7.42921    
5.72455    
5.14885    
6.11789    
3.13656    
4.20514    
8.84040    
4.56845    
4.04597    
6.93991    
3.06439    
5.39219    
5.99469    
4.85435    
2.18586    
4.86764    
8.47060    
4.31102    
5.55578    
7.00223    
3.98652    
4.54176    
4.11076    
3.10262    
5.98828    
5.95384    
4.46874    
6.35345    
3.60667    
4.06928    
5.06818    
2.98390    
2.62520    
3.51817    
2.27425    
5.11495    
3.63414    
6.49995    
3.15880    
3.94276    
4.94615    
8.00731    
5.94972    
4.02843    
9.83745    
4.04623    
6.00583    
5.99690    
3.14733    
6.94419    
3.88802    
3.57173    
4.53646    
5.99225    
7.44352    
3.97807    
6.45473    
4.97498    
3.51662    
3.96486    
4.90022    
3.03764    
3.96314    
7.90018    
4.89238    
6.93881    
4.08141    
7.32376    
7.96534    
7.81271    
2.06524    
5.96258    
3.07031    
3.65561    
4.11195    
7.30557    
3.04893    
3.11883    
2.96618    
6.04797    
4.46248    
4.94855    
6.03324    
4.06073    
5.15247    
6.89277    
4.88919    
3.20050    
6.54513    
5.96212    
2.91795    
3.53937    
4.72262    
6.96711    
4.48633    
6.96347    
5.47578    
5.39368    
5.00149    
6.55467    
5.44480    
4.98493    
5.03275    
3.17141    
6.09704    
5.01200    
4.89832    
3.10207    
4.10606    
5.51012    
6.04839    
3.11654    
3.97732    
5.12772    
8.84634    
4.08020    
2.54277    
6.52173    
4.05754    
4.95761    
4.01275    
4.05395    
6.87979    
7.45925    
6.94906    
6.09162    
7.88716    
3.58573    
4.09767    
2.52661    
9.46183    
4.58189    
5.90901    
4.62298    
2.47859    
4.06151    
5.97689    
3.04293    
7.01251    
5.95992    
8.85926    
6.78661    
8.39184    
5.42399    
5.05759    
5.03604    
4.10088    
4.13161    
2.07712    
3.05550    
2.17308    
5.46416    
5.07767    
2.61115    
5.03588    
6.05761    
4.03319    
3.57973    
6.95434    
1.05021    
5.02585    
5.93763    
3.03092    
7.96298    
3.12939    
4.08997    
7.04356    
4.07824    
7.49865    
4.05721    
3.24730    
4.48043    
3.18505    
6.88812    
6.84741    
6.83113    
5.08459    
5.92047    
3.12407    
4.13923    
4.11343    
5.03595    
5.51974    
4.99786    
8.49054    
4.98555    
4.19809    
4.20776    
6.92273    
7.42485    
8.94911    
6.96680    
6.05007    
3.89406    
6.51348    
5.91646    
4.99779    
2.06645    
4.52289    
3.62560    
3.58965    
1.72153    
4.60228    
9.30842    
7.94582    
3.50748    
5.99115    
5.52286    
5.51159    
3.52541    
1.04336    
4.04028    
6.36521    
5.94964    
8.99767    
2.24464    
4.53680    
6.17191    
4.44236    
7.87168    
3.06610    
5.50113    
5.03319    
5.41423    
6.02100    
7.34501    
7.86378    
5.11507    
4.54893    
6.82384    
6.90247    
6.50146    
5.50820    
1.05280    
5.98071    
6.00921    
6.91191    
1.62603    
4.19828    
5.86429    
2.62668    
5.55965    
3.97750    
5.08229    
6.98583    
7.91480    
5.13786    
3.05369    
6.91419    
5.82679    
5.95863    
4.18649    
6.85848    
6.45905    
8.07679    
5.94269    
4.48452    
4.60838    
4.03911    
6.46847    
5.48026    
4.54256    
4.10932    
5.01795    
4.93514    
5.92330    
6.79900    
6.38655    
6.91559    
2.11710    
6.01996    
6.17044    
5.93951    
8.86150    
1.46215    
6.77320    
7.88841    
6.00730    
2.54007    
6.46368    
5.49038    
3.53124    
5.95872    
5.91053    
7.03703    
3.47478    
4.96241    
5.84375    
4.61806    
7.81821    
4.14343    
5.05752    
5.97981    
6.01337    
3.06651    
6.88283    
6.98117    
5.03012    
6.97997    
3.98398    
4.05918    
5.02767    
3.10179    
5.82207    
4.98499    
6.86655    
7.86722    
3.07432    
6.06153    
7.00638    
4.63526    
2.47538    
4.16006    
8.13253    
5.97545    
4.03322    
4.44235    
6.02002    
4.01602    
6.12553    
3.89678    
5.13128    
3.13380    
2.95578    
4.93708    
4.05582    
7.82367    
5.97681    
3.95548    
7.05497    
5.38206    
3.68437    
4.01681    
3.37897    
4.03822    
4.01287    
5.87429    
3.12129    
7.42316    
4.95735    
3.96543    
5.59817    
7.02044    
5.95474    
6.10506    
4.98892    
6.06660    
4.01101    
3.51113    
4.51795    
2.18182    
6.00780    
5.04322    
3.57178    
5.00308    
7.96783    
5.06081    
4.50751    
1.06220    
6.98958    
5.95301    
3.98466    
7.44193    
5.54383    
4.09059    
6.02685    
4.97914    
5.04920    
7.38702    
2.99707    
4.07729    
7.27981    
6.47689    
3.43423    
4.17508    
5.05772    
5.43714    
3.56295    
4.92081    
4.59066    
7.84585    
7.33584    
5.11435    
1.15871    
4.50292    
3.16695    
5.91620    
5.85845    
3.09149    
6.09030    
4.58019    
6.48929    
7.02007    
6.40736    
6.33310    
6.00013    
4.09665    
6.01535    
3.48757    
3.07392    
3.09755    
3.10110    
5.03130    
4.50816    
3.49379    
6.83841    
2.16272    
4.05927    
6.91900    
4.57741    
4.97559    
5.42790    
2.11891    
4.13761    
5.49370    
3.13973    
1.62534    
5.00432    
8.76056    
5.46001    
5.08334    
6.02593    
5.13371    
7.00248    
5.59420    
7.01473    
6.04105    
6.91242    
4.95395    
7.36670    
6.90486    
5.94196    
6.04818    
6.98368    
5.98335    
6.88496    
6.42221    
3.50717    
4.08693    
3.14465    
4.99920    
3.03990    
3.03263    
4.90175    
5.06224    
3.95260    
5.51166    
5.96656    
4.06845    
8.99530    
5.05093    
5.02686    
4.47967    
7.01765    
6.49877    
2.19597    
4.54307    
7.38997    
4.83215    
3.07057    
4.52494    
2.96099    
5.01265    
5.09182    
5.99586    
7.96364    
3.61877    
6.34563    
5.46198    
4.00839    
4.02965    
3.67511    
3.00982    
5.68711    
4.60326    
3.11899    
6.54499    
3.49971    
3.47661    
3.65325    
5.51989    
1.61030    
4.08345    
4.99688    
3.97458    
4.97432    
8.29004    
4.12504    
3.60383    
5.05042    
3.16060    
8.37179    
6.39025    
2.97803    
5.98702    
7.86933    
6.82506    
3.60328    
4.49609    
4.50185    
3.09384    
7.07837    
6.05948    
7.98696    
4.00748    
4.13039    
5.05528    
5.95987    
6.96509    
6.43627    
4.51676    
6.83815    
6.63853    
6.03302    
6.14457    
4.51575    
3.03309    
3.87250    
5.96505    
3.48218    
6.19489    
4.96587    
3.03738    
5.05426    
4.16041    
5.58745    
3.08543    
6.01401    
7.02123    
8.47469    
2.58152    
5.98309    
2.51404    
3.97083    
8.84795    
5.05721    
6.41794    
4.07722    
5.13441    
2.20976    
3.09150    
6.57415    
6.10529    
4.19698    
5.55210    
2.06024    
5.90881    
4.06465    
4.02974    
5.48729    
3.53726    
5.05094    
7.97205    
7.30949    
3.47166    
5.88344    
4.92258    
3.92977    
1.05632    
3.60466    
5.95067    
1.01387    
6.43989    
5.02739    
5.02280    
5.02225    
5.97807    
8.36796    
4.52138    
3.28583    
5.54091    
3.52658    
5.44192    
3.08126    
5.10339    
4.06802    
6.83142    
6.01417    
3.95134    
6.94533    
4.12265    
4.99570    
6.99720    
6.47976    
4.05535    
7.06051    
5.58515    
7.37177    
6.89537    
3.97729    
5.05275    
3.93010    
7.93401    
4.97239    
6.90946    
7.45017    
5.92142    
5.06472    
6.00896    
4.09514    
5.38538    
7.06709    
6.89159    
6.07203    
6.03821    
4.09423    
5.48075    
5.88692    
6.04381    
4.03244    
4.13788    
6.00623    
7.38545    
4.17466    
6.01941    
2.98688    
4.08359    
5.05940    
5.41438    
3.18523    
5.93625    
1.59717    
7.37993    
5.85963    
5.01702    
4.09973    
4.01754    
5.56961    
3.02187    
5.91202    
4.13420    
4.16000    
5.97904    
5.92205    
8.74086    
4.87000    
3.99437    
6.01099    
5.91009    
1.16539    
4.95395    
4.47350    
6.53986    
8.91362    
7.99780    
4.11674    
7.89131    
7.39177    
8.03881    
6.14585    
4.08849    
4.60324    
4.56787    
2.44338    
1.92395    
6.38938    
2.69882    
4.95683    
5.95531    
4.06553    
7.89345    
5.00665    
6.35363    
8.79631    
2.70663    
8.30191    
5.52735    
4.04792    
2.06899    
8.39137    
4.02143    
5.41843    
4.95181    
2.06112    
7.91263    
4.95227    
8.91821    
7.45980    
5.87339    
5.59026    
1.17040    
2.07407    
4.99971    
3.99686    
4.06013    
3.14301    
5.91948    
6.88210    
4.51441    
5.81631    
9.35300    
4.03452    
5.52122    
4.09042    
5.04498    
4.99464    
6.87552    
6.04607    
5.02322    
5.04131    
6.03298    
6.84552    
3.59164    
6.03802    
1.51462    
4.93405    
5.04130    
1.63159    
5.61318    
3.03528    
7.88530    
3.46005    
8.39905    
3.03734    
2.04466    
7.02680    
5.07137    
2.07047    
4.59333    
3.09835    
5.96069    
3.19147    
5.44607    
5.42641    
3.01213    
3.94609    
6.86752    
3.48509    
8.42219    
5.00143    
4.51552    
6.08850    
5.97717    
5.49698    
6.55360    
5.09735    
4.87964    
6.89911    
7.90361    
3.95233    
4.11770    
5.41731    
5.04769    
7.08173    
6.01039    
2.56579    
2.59172    
6.40582    
4.99849    
4.96109    
4.93787    
3.16993    
7.01660    
2.09636    
4.99071    
3.57579    
5.41072    
5.03206    
6.03308    
5.08086    
3.57593    
5.11346    
4.11702    
2.99045    
2.46968    
3.05052    
6.06930    
4.05965    
3.20822    
8.40662    
8.80481    
2.49884    
7.02873    
6.43462    
4.59166    
3.85833    
3.10559    
0.65335    
4.13234    
5.40899    
6.89552    
4.52743    
6.94707    
6.91163    
2.63164    
4.92360    
4.72830    
3.46711    
6.01224    
3.18471    
2.56266    
2.09531    
6.18233    
6.89331    
7.52413    
6.38478    
4.98949    
8.30434    
3.96572    
7.53768    
6.48949    
5.07650    
4.19212    
3.07765    
6.54808    
5.93035    
2.13337    
8.03394    
2.48455    
4.95824    
2.06181    
2.62795    
3.99830    
5.98401    
4.96420    
3.52396    
4.06403    
7.92916    
4.00099    
5.99767    
7.49895    
4.04730    
7.76629    
4.17616    
6.53241    
2.99242    
5.90497    
2.15329    
8.32257    
3.55574    
5.06667    
8.79717    
2.63719    
5.97756    
3.09868    
6.01350    
5.03828    
3.60213    
5.87149    
5.07114    
3.57204    
8.74820    
3.04858    
2.67329    
5.04349    
6.41297    
5.81481    
7.28496    
5.46406    
6.03377    
5.81946    
4.95893    
3.05205    
4.08648    
2.57617    
4.58063    
3.03934    
4.01650    
2.11351    
2.70755    
7.26103    
3.54273    
6.31938    
7.94762    
4.86088    
2.39810    
3.07214    
6.94678    
4.07828    
5.02196    
3.07006    
6.91406    
5.95802    
6.93848    
1.79581    
4.56669    
3.05321    
6.92238    
4.99431    
5.93558    
4.60068    
5.95916    
2.49364    
4.04939    
3.55741    
7.81311    
5.16364    
6.41764    
2.50328    
4.07829    
5.05157    
7.40446    
6.51449    
4.02470    
6.38984    
6.94368    
6.97247    
9.52276    
8.38275    
4.44884    
3.59932    
6.03697    
3.18005    
6.45191    
6.03301    
4.03692    
5.09460    
6.02797    
4.10339    
5.57712    
4.08791    
2.50943    
8.41562    
5.00768    
3.03247    
3.96163    
3.99212    
4.00023    
5.63592    
3.10152    
6.10391    
4.94884    
4.48309    
5.95385    
6.03160    
2.53140    
2.52722    
5.91007    
7.96691    
4.48838    
2.94203    
4.97210    
6.89521    
5.92488    
3.99927    
4.95008    
5.90125    
4.10517    
6.95632    
4.85316    
3.56442    
2.62019    
4.50186    
5.84755    
5.43407    
6.39663    
6.03557    
3.51446    
5.56974    
4.47009    
4.11261    
5.96174    
6.86241    
6.84105    
8.94345    
6.48456    
4.95692    
5.32900    
6.85335    
5.00136    
2.08226    
4.48524    
2.99019    
4.03473    
6.82430    
7.09787    
4.98923    
5.59653    
3.14286    
3.51993    
5.10208    
9.63244    
6.41543    
3.05819    
7.45125    
5.48423    
5.92318    
6.44097    
6.87105    
5.92683    
6.94179    
5.02552    
3.89335    
5.33194    
3.93648    
7.94112    
6.90458    
5.46625    
4.97218    
6.02532    
1.18920    
4.12058    
5.94810    
3.22515    
6.91520    
2.01720    
3.04352    
-0.84513    
5.02716    
6.93473    
4.02484    
2.10526    
4.11300    
4.61313    
5.98552    
6.10400    
6.27363    
5.46337    
5.95954    
6.91070    
4.11874    
6.90359    
4.16570    
6.03082    
3.15377    
5.85527    
6.39926    
1.10210    
3.17863    
3.06927    
5.49419    
6.43751    
5.07887    
5.89483    
3.67901    
5.91706    
5.03238    
5.51450    
6.04667    
7.89905    
4.04115    
7.43974    
4.65819    
5.06811    
4.53462    
4.94429    
4.97556    
4.16366    
5.48254    
5.99860    
7.48525    
5.94418    
5.04312    
2.94528    
5.96927    
2.44091    
6.00936    
2.57039    
4.91868    
1.59913    
4.98706    
3.05196    
6.11836    
6.87801    
4.53222    
5.91698    
2.16315    
3.07577    
6.91572    
4.68258    
5.95710    
5.48425    
4.06123    
2.72588    
3.67990    
5.97248    
5.02915    
6.08225    
5.96132    
1.71314    
4.91828    
3.03632    
8.44295    
5.06273    
5.50390    
4.91392    
4.21357    
5.91821    
4.03988    
4.95153    
4.16526    
4.01783    
1.99472    
4.07946    
8.44694    
5.57929    
2.65321    
4.04428    
4.95557    
6.87960    
8.00891    
4.09144    
4.00853    
7.93750    
6.33954    
5.00392    
6.98689    
3.98727    
3.91209    
5.97021    
3.49908    
3.95831    
4.63977    
5.13489    
3.14372    
6.39067    
3.58207    
3.13618    
3.08375    
3.03764    
5.84556    
5.06591    
4.65906    
7.09887    
3.17195    
7.47724    
4.96483    
4.98626    
3.62200    
3.94605    
5.06152    
6.02348    
8.31166    
3.19987    
4.95827    
6.85850    
3.97980    
4.14928    
4.99799    
6.99025    
5.89893    
5.99003    
1.98319    
4.47285    
4.00303    
2.20032    
3.01242    
4.96254    
7.53440    
5.46508    
3.11393    
5.52109    
3.54425    
5.97137    
4.89354    
3.01623    
5.09365    
4.46212    
3.95330    
4.96751    
5.94910    
5.38461    
3.45118    
2.59067    
4.04754    
6.36827    
4.14444    
4.08643    
2.98889    
4.58627    
7.92397    
4.93174    
4.92776    
7.80926    
5.54073    
3.53555    
5.06152    
6.00971    
5.46125    
8.92342    
5.82774    
5.09396    
4.58060    
3.52007    
5.89455    
5.07450    
5.60868    
5.51989    
8.37713    
7.03580    
6.01489    
8.83027    
2.08946    
3.48356    
3.59279    
6.95343    
4.41417    
6.51517    
7.02930    
7.88757    
4.11780    
4.61541    
2.51552    
3.98105    
4.49206    
6.04045    
3.96414    
3.14062    
2.20837    
6.51166    
7.39580    
8.93170    
3.44104    
5.11533    
7.39593    
5.12341    
5.59084    
2.02472    
2.96874    
4.09843    
5.96345    
3.59273    
2.56656    
4.49170    
5.05597    
5.95723    
4.48267    
4.15657    
7.53840    
4.88382    
8.38683    
2.51607    
5.03378    
4.18575    
4.03284    
4.10211    
5.06615    
3.97333    
3.61227    
5.88719    
4.02135    
3.03005    
8.02979    
2.59004    
4.50633    
3.04021    
3.97205    
4.98187    
6.88552    
4.19113    
6.04685    
4.08040    
4.13301    
2.68032    
4.97654    
6.98547    
6.85695    
7.42462    
4.03192    
6.97982    
6.38847    
3.43780    
5.00022    
2.53702    
3.98991    
4.94512    
5.03651    
2.64406    
7.83441    
6.96138    
5.97829    
6.89344    
3.06693    
7.99341    
3.14647    
4.89700    
2.56431    
5.99892    
6.79173    
5.87366    
5.47506    
4.48003    
5.05656    
7.45737    
6.02495    
4.99201    
3.51951    
5.05307    
4.04494    
5.00498    
6.39885    
3.98122    
3.98399    
4.63369    
7.03078    
7.27988    
3.15133    
4.97142    
3.95049    
3.95397    
3.01739    
6.45948    
5.04489    
6.98259    
6.46900    
4.82970    
5.87650    
5.59273    
7.05165    
7.97068    
5.59783    
5.91220    
5.49323    
3.01452    
5.04988    
4.04898    
6.85795    
4.95186    
3.53463    
4.52323    
4.02079    
4.48582    
3.61964    
4.59967    
6.37304    
7.80033    
4.07583    
4.83738    
4.10713    
2.98832    
4.02521    
3.62273    
4.94929    
4.07726    
4.99869    
2.69864    
2.90597    
6.02331    
5.88413    
3.98075    
6.04013    
4.05120    
9.76122    
6.97349    
5.95270    
6.91466    
4.56143    
2.58036    
6.02413    
1.67019    
7.36339    
3.00639    
6.52722    
3.17153    
4.58390    
7.37205    
5.08899    
3.38248    
4.06544    
3.99650    
8.33993    
4.55723    
4.96873    
2.59939    
6.02152    
3.99166    
4.52254    
3.11317    
5.91616    
2.66031    
7.94599    
0.50567    
5.99064    
3.51972    
4.02965    
5.09201    
4.12072    
4.10851    
5.04478    
6.49995    
6.56659    
5.62276    
5.97312    
2.00238    
9.95248    
4.15698    
6.05098    
4.00530    
6.49205    
6.10656    
3.54584    
5.98970    
4.10804    
2.03334    
4.05056    
5.02046    
4.06968    
4.05616    
4.66122    
4.01809    
3.08347    
4.24000    
7.55082    
7.00104    
5.48606    
6.02096    
5.87968    
5.93403    
5.10592    
2.08735    
4.09897    
2.99718    
3.05435    
5.36499    
3.11083    
3.64071    
3.97917    
4.23587    
5.09631    
5.40776    
4.06895    
6.95950    
4.12177    
6.05049    
6.01546    
4.03426    
6.56882    
4.57342    
1.98404    
7.92093    
3.66576    
5.07851    
6.36425    
5.82166    
7.97402    
5.01977    
6.05316    
3.47557    
6.44150    
3.52745    
2.93726    
6.03631    
4.43996    
8.39494    
6.49073    
8.03252    
4.10760    
5.00758    
4.10555    
3.02929    
5.54713    
8.06496    
4.99891    
3.58408    
4.96407    
4.12900    
2.48547    
6.01544    
4.53144    
5.10072    
4.61853    
3.17490    
5.08745    
8.04301    
2.89361    
10.28183    
5.08183    
5.83151    
6.88819    
5.37793    
7.79916    
4.93355    
5.06596    
4.13098    
4.05419    
3.51126    
7.99284    
7.97363    
4.42183    
4.99491    
5.64449    
3.70289    
5.49399    
3.17470    
6.90155    
5.06384    
4.06817    
4.06977    
5.02360    
4.04431    
4.50445    
7.08593    
4.01809    
3.99163    
4.49199    
6.43281    
3.53622    
6.02582    
4.07577    
5.91361    
4.98019    
3.14740    
7.41445    
7.79445    
6.44443    
4.62112    
3.04076    
5.89263    
5.56137    
5.02174    
2.09295    
4.53903    
4.95934    
7.44021    
6.93055    
5.13255    
6.03713    
7.28918    
5.95279    
5.17918    
8.42824    
5.89320    
3.93721    
7.90691    
8.29586    
3.03589    
6.76009    
5.96090    
2.61247    
6.30347    
3.13627    
6.99001    
4.97814    
3.92844    
5.91983    
3.91534    
2.94520    
3.52338    
3.97390    
2.62102    
2.59175    
5.02657    
2.67742    
5.41085    
4.64074    
6.83649    
3.96062    
4.87134    
5.88039    
5.90021    
5.36277    
1.45426    
4.89408    
4.56398    
6.96200    
5.00380    
4.07559    
5.04543    
3.13630    
5.90803    
4.49856    
4.10972    
3.57702    
3.16805    
3.06696    
4.10746    
5.55366    
5.13292    
4.96095    
5.06514    
5.04079    
5.00350    
4.61972    
3.96617    
5.04732    
8.34892    
6.50647    
3.55441    
5.07593    
5.43092    
3.08236    
4.12343    
7.11080    
3.11749    
4.48226    
5.02077    
5.94865    
3.10639    
4.97690    
-0.84974    
5.05270    
5.00147    
6.40463    
3.06583    
7.52158    
3.97713    
2.58008    
4.06234    
3.16347    
3.08605    
4.10219    
5.99754    
5.88939    
7.11101    
4.97469    
3.08572    
6.92084    
5.91352    
7.95740    
6.94632    
4.11180    
2.52059    
3.63412    
6.01776    
4.98373    
2.57492    
4.01449    
5.00260    
2.07736    
5.48497    
6.07742    
2.23589    
4.06706    
6.50730    
6.43085    
3.62548    
7.51382    
3.14648    
5.99094    
2.48791    
5.01593    
1.17165    
5.00472    
3.52527    
3.07886    
4.07602    
6.83159    
6.46811    
5.90730    
5.87849    
6.10300    
5.87893    
5.04273    
3.09457    
6.55256    
8.07304    
6.94063    
6.48408    
5.92228    
4.45250    
5.11617    
3.12216    
5.07492    
4.02973    
7.86396    
4.08396    
6.03074    
5.11886    
5.16593    
4.14558    
4.57961    
6.05587    
2.58141    
3.10033    
7.53820    
8.77780    
2.20389    
5.51902    
4.91303    
5.98892    
3.09234    
8.00580    
6.93732    
4.89852    
7.77254    
4.93530    
3.47659    
5.08402    
5.99800    
5.07293    
3.50050    
2.04738    
5.93965    
7.97281    
3.04907    
5.04371    
7.34060    
4.44018    
4.02965    
6.51216    
4.03383    
4.98064    
4.93429    
7.40136    
5.99688    
3.93246    
5.41557    
6.01061    
6.06246    
4.96411    
6.61700    
5.58539    
5.54479    
3.11932    
4.01389    
4.21508    
2.04763    
3.99482    
3.04798    
9.39538    
7.95633    
2.01829    
5.13589    
6.94257    
4.88424    
5.98099    
5.60988    
1.93477    
0.99550    
5.86422    
7.80766    
3.55045    
5.51690    
3.16134    
6.07079    
1.50328    
2.12596    
5.39728    
4.43515    
4.91879    
3.50688    
3.52585    
4.05009    
6.92505    
2.53019    
7.41127    
5.08882    
2.95929    
4.07837    
8.30803    
4.97197    
3.06286    
6.73037    
7.95893    
9.48587    
5.91370    
5.57900    
5.04581    
2.12454    
5.50973    
5.05978    
6.43789    
7.92222    
6.51288    
3.18149    
7.46663    
8.50540    
5.43297    
4.60933    
5.64533    
5.90804    
8.45288    
6.99163    
7.80985    
4.97635    
8.34415    
3.12275    
5.39530    
7.00183    
4.92671    
7.34664    
4.01775    
4.67342    
4.97725    
4.98514    
6.08744    
4.47344    
4.06305    
3.12928    
5.18439    
5.14598    
3.35083    
5.90205    
6.36663    
8.95587    
6.73848    
6.48857    
6.94172    
1.99806    
3.09812    
6.97749    
4.95451    
6.11133    
6.86741    
7.81052    
7.91383    
3.54089    
4.88952    
5.93252    
6.94715    
4.10006    
6.54905    
6.09703    
4.93993    
4.04690    
6.45625    
4.08775    
7.41420    
3.03929    
3.08168    
8.99312    
5.06059    
5.44385    
5.98741    
5.43810    
5.96614    
6.91952    
5.11734    
4.02823    
9.96416    
3.83435    
4.98962    
5.97778    
7.87380    
3.57404    
6.45367    
5.19114    
7.76340    
5.08609    
5.18414    
3.61548    
5.43838    
4.14576    
6.46023    
5.00116    
5.93048    
4.92859    
8.25354    
2.57743    
5.50865    
4.51076    
5.92942    
3.10725    
4.08058    
7.03309    
5.66013    
4.59376    
8.43465    
3.50514    
6.33268    
5.49259    
5.50174    
7.40798    
4.96009    
6.84445    
3.05361    
6.98400    
7.36066    
6.07694    
6.86063    
2.96206    
2.42171    
1.99098    
2.99021    
6.96249    
6.59583    
4.00945    
2.98523    
4.43090    
8.94090    
4.01051    
3.88239    
6.86275    
3.54845    
1.58164    
5.87464    
6.10340    
6.92104    
7.86766    
4.09566    
5.01619    
5.42285    
6.49788    
3.09324    
3.96815    
6.47515    
2.03245    
6.96898    
2.20103    
4.04272    
4.96703    
3.61423    
3.48405    
8.31593    
7.34324    
4.88452    
3.11289    
5.92065    
6.91777    
4.00689    
4.21835    
2.98148    
5.89330    
6.56614    
4.10530    
8.03806    
5.03207    
3.91469    
4.95268    
7.03613    
5.97643    
3.98924    
4.09198    
6.57809    
4.18252    
4.88872    
4.54114    
7.98796    
3.18280    
6.04607    
3.02460    
6.42111    
5.00053    
5.96050    
7.89488    
6.92292    
4.62897    
1.30066    
6.43549    
6.83383    
4.93911    
7.04136    
4.05168    
7.02688    
6.06321    
5.01161    
7.07613    
4.10768    
4.55212    
4.39057    
4.82115    
4.62813    
3.68478    
1.18064    
3.62689    
4.10482    
2.97919    
4.51042    
3.92628    
1.15571    
5.96849    
5.01677    
5.88978    
7.84980    
5.64315    
3.48123    
4.06548    
3.17970    
4.04300    
6.96147    
4.05121    
3.67382    
2.96941    
8.48027    
2.17700    
5.51853    
5.10726    
4.95892    
3.10705    
3.13705    
5.60018    
6.88731    
5.47399    
5.89888    
5.86909    
3.53027    
6.81066    
7.77488    
10.88797    
8.01260    
4.84391    
5.04176    
4.91742    
6.00039    
6.01118    
3.07354    
6.99198    
8.50448    
3.53873    
4.01910    
3.16777    
4.49147    
6.53154    
4.95558    
6.80864    
5.90919    
4.99953    
4.02412    
7.51973    
3.47034    
3.57912    
4.99293    
7.02514    
4.99599    
4.17493    
3.04707    
3.69065    
2.09555    
2.62473    
3.12924    
2.00871    
3.10342    
4.61476    
3.55994    
5.97788    
3.63968    
3.01426    
5.95931    
3.03469    
4.98923    
5.14432    
5.99331    
4.56235    
4.03476    
6.30273    
4.56089    
5.97621    
3.05752    
4.03147    
4.00682    
2.10428    
3.02275    
5.50661    
8.44534    
4.86262    
6.87264    
2.61382    
5.47117    
5.57102    
6.41380    
4.52739    
3.58862    
7.83831    
5.94898    
5.07329    
3.04489    
4.53836    
6.96805    
6.92631    
4.04526    
4.56632    
4.99242    
5.89549    
8.00241    
6.96349    
2.12329    
7.03060    
3.67552    
6.97908    
4.98185    
3.61942    
6.10864    
4.93971    
2.62432    
4.12267    
6.99394    
4.12227    
2.53614    
6.99908    
4.57865    
3.58117    
5.02844    
4.15231    
7.03782    
4.49108    
5.09303    
5.94761    
5.11306    
5.88699    
5.08635    
5.49155    
5.87043    
4.19355    
3.95021    
4.52811    
3.02752    
6.53274    
2.66009    
7.26677    
4.99678    
6.45529    
4.57172    
8.89891    
5.08719    
4.15110    
5.91214    
3.95017    
3.55859    
3.18785    
2.47156    
5.09209    
5.48132    
4.49760    
5.07725    
2.02348    
7.41550    
5.91717    
5.96852    
6.13035    
6.78993    
4.99254    
4.53496    
3.06374    
2.07571    
3.95361    
3.20345    
3.93014    
5.72040    
2.09254    
5.52183    
4.12366    
7.03639    
4.57637    
4.03388    
4.61447    
3.11689    
2.60315    
8.87143    
5.44384    
8.95141    
5.49644    
3.63434    
4.04171    
6.93485    
4.10740    
7.83953    
4.04194    
4.10340    
7.05094    
8.91052    
2.99467    
4.09603    
3.92479    
4.89916    
3.07908    
5.91235    
6.47792    
1.96451    
4.18575    
4.03950    
8.49168    
4.54661    
6.65338    
7.91839    
6.99497    
6.72281    
6.91638    
4.06295    
4.04302    
6.95973    
3.64088    
5.04508    
5.88793    
5.48795    
5.07824    
4.56648    
5.10763    
4.04738    
5.00455    
6.49670    
6.48028    
7.10136    
4.03015    
5.45723    
4.23528    
5.94748    
1.15110    
3.65584    
4.10826    
5.62395    
5.06033    
5.93018    
5.02778    
6.76280    
3.67287    
4.42534    
2.70795    
2.97021    
2.06763    
3.85978    
9.86644    
3.47980    
4.08605    
3.45797    
2.96828    
7.37816    
2.17142    
4.89591    
5.07199    
4.61213    
5.27847    
5.01396    
4.11991    
7.00538    
5.14667    
6.92968    
4.60520    
5.48704    
10.31873    
4.99733    
2.23719    
4.99711    
7.03776    
5.95118    
6.02753    
5.35869    
2.68284    
6.00507    
5.05350    
2.96375    
8.80432    
2.53526    
4.38972    
4.62908    
6.41439    
7.83877    
4.92424    
6.81997    
3.63751    
5.12887    
4.97711    
2.03854    
8.91342    
4.98848    
4.47186    
2.06828    
4.48976    
3.57038    
5.95571    
5.18313    
3.56234    
5.05211    
4.95343    
3.12191    
4.94844    
4.00128    
4.01979    
6.09006    
5.97351    
5.57634    
5.58761    
3.43889    
5.11222    
6.06548    
5.40300    
4.18039    
7.45781    
6.01910    
1.11450    
2.96508    
5.50937    
7.40282    
5.95970    
7.89225    
6.13137    
5.09734    
7.44172    
6.98703    
5.39750    
5.98447    
3.03997    
-1.68065    
3.03299    
5.05712    
6.78597    
5.48896    
4.08454    
4.55867    
4.06419    
3.10214    
1.91181    
5.07106    
2.63972    
5.49960    
5.47810    
5.85576    
7.94822    
3.05193    
7.02551    
5.05700    
4.95039    
5.07888    
3.95098    
5.03125    
3.56041    
3.13993    
5.10930    
1.75563    
6.94226    
4.03136    
3.96681    
4.03168    
4.03299    
3.11511    
7.05344    
3.55728    
3.12335    
4.95292    
5.36962    
5.94927    
4.03073    
4.94916    
1.05259    
6.06660    
1.09112    
7.50651    
6.07631    
6.50564    
4.24567    
4.49595    
3.91979    
7.07301    
8.89486    
8.75060    
6.34646    
5.67117    
5.93656    
6.97474    
2.52657    
4.89398    
2.98762    
7.88767    
2.58507    
6.04080    
9.34702    
4.42424    
6.06015    
5.03738    
6.96003    
4.65670    
9.36030    
6.03304    
4.11313    
6.96577    
4.98244    
6.03774    
4.95026    
4.03707    
8.92408    
6.98377    
8.37848    
2.02151    
5.19734    
2.09160    
3.60950    
2.07470    
5.59448    
4.23946    
5.03267    
5.00765    
7.84199    
3.67699    
3.52176    
3.53686    
4.91099    
5.10859    
3.45836    
6.01219    
5.88163    
6.49945    
4.51538    
3.94426    
5.08273    
6.86958    
5.07706    
5.09211    
6.43913    
5.04233    
4.97903    
3.62878    
5.82072    
3.55170    
3.06317    
7.85418    
4.54615    
4.95482    
4.89757    
3.53220    
7.35949    
7.05999    
4.99584    
6.05782    
6.03312    
4.02972    
6.90397    
5.07071    
6.96772    
6.02860    
4.98693    
3.19358    
4.06453    
5.10302    
7.90713    
4.01597    
5.98057    
4.49400    
5.45702    
6.89923    
4.27033    
5.14338    
5.93889    
3.99972    
3.03638    
7.02335    
4.93623    
7.07779    
3.05166    
4.92635    
3.09536    
7.42171    
5.01485    
5.88956    
5.06792    
5.62824    
5.57252    
5.01100    
2.39924    
5.91921    
4.52306    
4.50287    
6.88238    
6.46000    
2.11062    
2.89811    
3.16668    
3.49851    
6.90712    
7.99891    
3.11546    
5.02902    
6.07144    
4.94315    
4.04016    
5.06457    
4.47644    
6.94736    
6.86260    
4.89590    
6.45974    
6.87181    
2.60083    
3.01150    
7.99413    
5.09135    
8.88767    
1.99225    
3.08739    
4.06352    
6.88973    
8.00914    
7.94426    
5.00399    
3.55907    
9.78250    
8.86770    
4.99771    
4.97732    
3.03272    
3.13567    
5.99388    
6.98523    
4.92230    
5.87488    
7.94500    
5.11188    
5.51349    
3.00572    
7.38272    
6.92203    
4.07116    
6.47892    
6.37588    
8.12223    
5.53424    
8.03850    
4.52292    
3.52639    
2.04736    
3.21032    
5.46935    
5.01710    
6.01371    
6.00249    
6.91641    
6.83805    
4.01925    
4.98752    
3.07608    
3.55697    
6.84898    
3.24060    
6.94764    
6.40870    
3.02915    
6.95231    
2.09264    
4.93421    
4.88132    
7.84497    
3.99412    
1.96721    
5.94354    
4.03634    
4.01429    
8.46277    
6.09615    
4.96624    
7.95995    
5.52494    
7.39395    
3.60623    
5.49320    
0.07050    
4.53140    
5.06199    
4.51895    
3.54102    
4.10983    
3.05110    
5.93049    
7.03734    
4.01276    
8.41049    
6.32368    
3.10332    
4.92744    
6.43079    
4.94335    
4.12342    
4.50229    
6.84906    
3.11576    
3.55733    
3.03882    
8.39052    
3.59578    
6.94723    
3.39467    
4.92820    
4.06016    
5.52905    
6.60086    
6.00095    
7.31820    
5.04995    
5.95857    
1.51945    
3.58990    
6.85164    
6.94788    
8.87139    
7.44631    
5.95770    
5.94975    
3.68241    
2.62655    
8.90958    
6.83499    
4.00003    
4.52381    
5.43270    
3.11973    
6.06838    
5.95261    
6.05111    
5.00572    
4.97697    
3.93833    
5.06608    
7.88022    
3.42548    
3.06399    
3.07652    
5.42092    
6.59827    
5.09409    
6.06862    
4.87619    
8.39091    
3.10767    
6.03587    
3.08546    
4.69959    
3.91977    
3.95939    
2.56274    
6.78249    
7.02922    
4.00800    
3.52998    
3.18206    
2.96827    
3.11530    
5.03341    
7.00328    
3.01783    
7.78188    
3.54280    
3.11931    
6.11003    
4.99257    
4.00377    
4.46305    
2.52177    
5.90119    
5.58489    
7.93879    
6.98243    
6.92549    
6.86481    
3.98135    
2.04394    
5.53834    
3.16402    
5.65902    
7.00185    
5.01803    
5.05273    
6.96888    
3.99014    
1.58841    
5.00297    
2.07795    
7.93646    
5.46699    
5.94751    
6.46120    
7.03843    
6.08225    
6.50320    
2.73642    
7.02974    
4.08488    
6.96488    
5.03735    
4.63693    
2.65931    
7.42253    
2.12892    
6.87347    
6.93183    
4.12025    
6.48404    
3.97626    
3.88489    
3.09453    
4.08014    
7.29623    
4.92715    
4.05501    
2.47233    
6.92591    
6.88658    
8.83261    
7.07375    
6.97229    
4.15863    
5.03154    
7.89141    
4.51091    
3.48879    
4.17263    
5.14229    
6.97576    
6.05794    
2.56986    
8.90680    
7.94644    
5.89347    
5.43893    
5.44400    
1.56187    
4.88551    
3.70845    
6.50105    
4.99134    
2.61173    
3.92533    
8.76060    
6.85550    
4.19026    
3.14593    
3.56876    
1.12400    
5.08309    
2.13539    
3.49347    
5.08235    
2.59317    
3.60575    
3.13120    
4.03951    
6.00596    
2.96302    
5.91156    
2.12699    
8.03894    
4.01975    
3.27612    
5.94287    
3.07031    
4.95830    
9.75038    
6.53680    
2.00959    
4.43144    
5.97942    
3.94371    
3.12796    
5.36702    
5.91329    
3.56999    
3.03946    
7.43242    
8.82963    
4.09479    
3.14184    
6.88012    
7.87213    
8.86973    
6.83844    
1.98848    
5.96856    
5.12978    
3.14419    
7.08317    
5.94190    
3.14176    
6.89487    
7.02659    
4.65816    
7.87285    
5.99395    
3.15340    
5.86000    
7.52108    
5.43265    
2.59451    
3.57648    
3.10793    
3.09499    
3.49825    
3.05764    
7.96916    
3.93542    
2.24751    
4.04025    
6.51185    
5.06347    
3.47066    
6.91335    
5.13283    
6.80193    
2.13800    
5.50149    
6.64957    
2.99624    
5.02258    
5.98281    
3.12766    
3.98481    
5.96626    
4.10668    
3.05427    
5.09841    
7.87293    
5.09233    
3.57485    
8.84312    
3.05934    
4.99731    
5.53282    
7.01118    
5.08872    
7.93665    
2.15532    
6.40925    
3.95733    
6.88023    
5.59305    
4.95088    
5.89920    
6.83200    
4.13886    
3.04351    
8.86904    
5.92267    
6.01760    
4.11159    
3.00332    
5.02952    
3.06427    
6.05062    
4.12952    
6.92398    
5.89125    
3.16269    
5.10805    
6.07462    
8.05649    
4.92023    
3.61706    
3.13449    
8.39960    
5.51838    
6.44046    
4.22136    
6.27189    
6.96891    
9.36196    
4.18708    
4.91182    
4.00614    
4.98788    
6.09677    
3.16347    
6.03908    
3.96016    
5.50201    
5.07417    
5.01629    
5.92962    
1.12930    
4.00725    
3.02318    
3.05961    
4.11283    
4.48607    
5.01549    
5.92432    
2.70725    
4.57346    
5.98762    
7.97564    
6.91933    
2.11932    
4.96207    
4.02804    
4.06130    
5.08705    
3.21310    
3.11423    
6.94799    
7.89632    
5.00946    
3.53354    
6.88368    
5.96057    
4.94110    
5.10708    
2.92398    
3.11486    
3.05844    
7.00498    
8.04747    
4.16242    
6.81330    
5.97983    
7.48311    
4.00640    
5.06818    
5.42772    
5.06714    
7.85305    
3.65786    
4.90476    
6.76015    
5.31725    
3.62479    
5.43008    
4.04211    
7.43280    
6.04417    
4.49658    
4.94141    
7.84184    
4.05209    
3.56738    
5.94577    
4.04791    
3.58795    
4.98778    
7.38050    
5.10850    
7.41377    
5.01483    
5.00530    
6.00788    
8.03003    
4.07409    
5.49410    
6.97096    
6.91534    
3.59019    
3.00687    
6.10497    
6.86504    
6.49286    
4.59993    
3.96604    
6.81866    
5.02684    
3.94949    
4.97148    
3.04653    
3.10956    
5.98957    
3.60216    
6.82285    
4.09170    
5.57969    
4.46280    
1.12195    
2.50700    
6.03509    
4.89523    
8.35754    
3.13873    
4.53808    
6.57182    
4.10628    
4.86147    
5.52888    
3.11271    
7.93527    
4.88769    
6.02858    
5.12481    
5.90197    
2.59520    
4.98862    
7.31575    
8.02085    
6.86990    
5.90777    
4.07527    
4.98516    
2.50723    
5.00810    
5.07536    
7.91914    
4.03142    
4.99367    
5.03726    
5.01605    
6.94829    
4.00632    
2.50247    
4.08299    
6.90461    
6.13436    
3.65288    
4.11040    
7.93837    
1.60460    
4.43219    
6.05124    
5.45920    
5.44160    
3.97850    
2.92120    
4.18714    
3.53147    
5.47727    
4.08583    
4.94647    
6.45752    
3.06264    
7.37966    
5.05314    
4.95434    
5.06677    
1.69950    
2.55511    
4.00804    
4.93138    
5.03747    
3.48540    
4.92010    
7.96369    
5.57483    
3.95285    
5.50326    
3.88287    
7.01906    
5.02474    
9.89823    
4.57583    
4.54413    
5.12754    
6.48315    
4.96593    
6.88406    
6.10762    
2.55521    
5.99344    
7.48274    
7.84452    
5.54306    
3.64909    
2.93262    
6.95792    
6.04576    
3.06343    
4.07935    
4.58988    
10.82665    
5.50427    
5.56694    
3.53523    
5.08245    
3.13981    
7.43114    
6.94032    
7.99212    
6.86092    
7.49671    
5.15999    
3.58118    
5.89746    
7.02613    
3.01125    
5.04179    
8.39435    
3.87901    
5.15260    
5.12490    
6.37826    
5.88100    
6.89076    
4.54432    
4.56297    
3.93744    
7.05169    
5.49772    
3.17560    
7.98627    
6.00406    
5.98139    
4.06409    
4.08367    
4.02607    
3.50143    
4.00107    
4.18961    
6.55215    
4.92940    
2.53185    
4.12415    
5.01025    
6.49488    
5.02084    
4.17576    
4.10836    
5.05682    
5.87384    
4.48638    
6.07868    
3.10502    
3.11194    
4.05991    
6.97886    
4.50763    
6.54235    
5.56790    
5.11924    
4.08242    
3.08959    
5.04023    
4.89764    
5.37409    
6.07079    
5.01648    
2.14779    
4.00016    
8.45865    
2.58981    
4.14109    
5.09714    
4.03126    
4.42937    
5.83356    
5.01594    
5.97272    
6.44370    
6.01394    
3.01014    
5.50676    
6.49976    
7.00278    
1.43631    
8.46903    
5.91623    
2.14562    
6.42353    
4.63510    
4.13482    
4.13276    
4.93680    
3.20765    
5.54349    
5.09557    
4.98941    
5.90557    
7.46774    
