3.74788    
3.72545    
2.82117    
3.52899    
3.02423    
2.99630    
3.01843    
4.96263    
4.45978    
3.49940    
3.75140    
3.73986    
3.71063    
3.47520    
3.96411    
3.51025    
3.76105    
3.03143    
3.97797    
2.79320    
2.81199    
4.45287    
4.22279    
3.51392    
3.96818    
3.51183    
3.99640    
2.78970    
3.73360    
4.47163    
3.54441    
3.51180    
3.27902    
3.74011    
3.94989    
3.26110    
4.26296    
3.03880    
3.97391    
4.20274    
3.97702    
3.97709    
3.76250    
2.32378    
3.75523    
4.01413    
4.19900    
3.74356    
3.29126    
3.46358    
3.06327    
3.97790    
3.97841    
3.26013    
3.73075    
3.02707    
3.54064    
3.54216    
4.70451    
3.76365    
3.74344    
4.50670    
3.76801    
3.06124    
2.79878    
4.22427    
3.50557    
4.18293    
3.47891    
3.98896    
3.97660    
4.45635    
4.21993    
3.76492    
3.29930    
3.98247    
3.98045    
3.95474    
3.28955    
3.02813    
4.24687    
3.99064    
3.52147    
3.76377    
3.51604    
3.24046    
5.20177    
3.52410    
2.76660    
3.78168    
3.98465    
4.44370    
3.79039    
3.03875    
3.52855    
3.27785    
4.00135    
3.77645    
3.76219    
2.33158    
3.51077    
3.02174    
3.29590    
2.30234    
3.73371    
3.05572    
4.46024    
3.51407    
4.22238    
4.23119    
3.99224    
3.57680    
4.21442    
3.49235    
3.00546    
3.53026    
3.74716    
4.49106    
4.46786    
3.03207    
3.06858    
4.46088    
4.22800    
2.54906    
2.81609    
3.54824    
4.70684    
3.72740    
3.73495    
2.77621    
3.54110    
4.26271    
1.87621    
3.53250    
4.22116    
2.82843    
4.19758    
3.98963    
4.21295    
3.99402    
3.72826    
4.21841    
4.70662    
3.26383    
4.69685    
3.50882    
3.51498    
4.48028    
4.25498    
2.78338    
2.54853    
3.73002    
4.22359    
3.27939    
2.79611    
3.95924    
4.03994    
3.73095    
3.75938    
4.00380    
4.26692    
3.04746    
4.69798    
4.21069    
3.49260    
4.20387    
3.30492    
3.04399    
4.21768    
2.54152    
3.78182    
4.25023    
3.27296    
3.30381    
3.97279    
3.26446    
3.52226    
3.01665    
3.27639    
4.02787    
4.47085    
3.97232    
4.46619    
3.77309    
4.68926    
3.01736    
3.27702    
4.22700    
3.73889    
3.52907    
3.49552    
3.74461    
3.97715    
3.96673    
3.49139    
4.48285    
2.80655    
4.01120    
3.05687    
4.93894    
3.03858    
4.21789    
3.27900    
3.74215    
3.54480    
3.27727    
3.51205    
3.46003    
3.95335    
3.04247    
4.03371    
3.51460    
3.28904    
3.99261    
4.19930    
2.78646    
3.76395    
3.53589    
3.27726    
3.99621    
3.50345    
4.03063    
4.97502    
3.46879    
3.99052    
4.22495    
4.27104    
4.93178    
2.57409    
3.76608    
4.23039    
3.52380    
3.29623    
3.98301    
3.77004    
4.47149    
3.77959    
3.05827    
3.00616    
2.81601    
3.99752    
3.76878    
4.48297    
3.52046    
3.04967    
4.46492    
4.00875    
3.07929    
3.53626    
3.28257    
4.22784    
4.45584    
5.15852    
3.24628    
3.50853    
4.96766    
4.00980    
5.18034    
3.54215    
3.51292    
2.79041    
3.75220    
3.73493    
3.95284    
2.99084    
3.01973    
3.53642    
3.73449    
4.70760    
3.97962    
3.75567    
2.61714    
3.97659    
3.51423    
4.00080    
3.50799    
5.16798    
3.28274    
3.07530    
3.51189    
3.24705    
4.67133    
3.98410    
3.78309    
3.50557    
3.50937    
3.52442    
2.81680    
3.99553    
2.99367    
3.29181    
3.52241    
4.20652    
3.03194    
3.98690    
3.78969    
3.74449    
3.05008    
3.99220    
3.54530    
3.27748    
4.71132    
3.27850    
3.97618    
3.26655    
3.76015    
3.54182    
3.04750    
4.21671    
3.75156    
3.51845    
4.03959    
3.73555    
3.97518    
3.25542    
3.49241    
3.76351    
3.50709    
3.97465    
4.48343    
4.22343    
3.73584    
3.29025    
2.81194    
3.76554    
4.46606    
3.76191    
4.02699    
3.52876    
3.78378    
3.01340    
3.99431    
4.20289    
3.23676    
3.50200    
3.98366    
4.46754    
4.03075    
3.27076    
4.96075    
4.00502    
4.90517    
3.26361    
4.95318    
4.22612    
3.04347    
3.27065    
2.75262    
3.03545    
3.04003    
3.07287    
3.55900    
3.76347    
2.79285    
4.96822    
4.73029    
5.19984    
3.74172    
3.26147    
2.78599    
3.26198    
3.28888    
3.98030    
3.74237    
3.48769    
3.27325    
3.29491    
3.51624    
4.22550    
3.01752    
3.75943    
3.27906    
3.27925    
3.29148    
4.21742    
3.78159    
3.98767    
4.69981    
3.52845    
3.28547    
4.26165    
3.72207    
3.74790    
2.52914    
3.50067    
5.13835    
3.52670    
3.98250    
4.02345    
4.00252    
3.27784    
3.24818    
4.24142    
3.02351    
4.95176    
3.26724    
3.50543    
3.31595    
4.21368    
3.27682    
4.48426    
3.27089    
3.31169    
3.26769    
2.80156    
3.52938    
3.75915    
4.47497    
3.74603    
3.98127    
3.98520    
4.00262    
3.50917    
3.28082    
3.74955    
3.54301    
3.72382    
3.26581    
3.99811    
3.96507    
4.22247    
3.74078    
4.22831    
3.05007    
3.96178    
2.79739    
4.67818    
3.27868    
4.22214    
2.76908    
4.71414    
4.25560    
3.01447    
4.28200    
3.26923    
3.98756    
4.19933    
4.71302    
3.78009    
3.51576    
3.30417    
2.78771    
3.51584    
4.45059    
3.79431    
3.24601    
3.25295    
3.02111    
3.97066    
4.43669    
3.50476    
3.53803    
3.75551    
3.30102    
4.23421    
3.73436    
4.48476    
3.94256    
3.49387    
3.52297    
4.68336    
3.24017    
3.98451    
4.23582    
3.27982    
4.22076    
4.47355    
3.51962    
3.99404    
3.75087    
3.49210    
2.81119    
2.59372    
4.23723    
3.03507    
3.98746    
3.72182    
4.00313    
2.97842    
3.97841    
4.46234    
3.53776    
3.98399    
3.01285    
2.56239    
3.77922    
3.75377    
4.44540    
4.48194    
3.97584    
3.79924    
4.25504    
4.45304    
3.06273    
3.73572    
3.07776    
4.22550    
3.96486    
3.50326    
3.97502    
3.53263    
3.52697    
3.30570    
3.74199    
3.97136    
4.02141    
3.24805    
3.51287    
3.76202    
3.98979    
3.76233    
3.51117    
3.77624    
4.25432    
4.00954    
3.76164    
3.02707    
3.53895    
3.53684    
3.53079    
3.75354    
3.74583    
4.48222    
4.18143    
3.26641    
4.01083    
3.74081    
4.47398    
4.48445    
3.31625    
3.53383    
3.74191    
3.98513    
3.99707    
3.31046    
3.49826    
3.25189    
3.99007    
3.24929    
3.74494    
3.30742    
5.19867    
2.53869    
4.28057    
3.52025    
4.70272    
4.25730    
4.01952    
3.28878    
3.03385    
3.25325    
4.20902    
3.50062    
4.46186    
4.46886    
3.26473    
4.23819    
3.99934    
3.48604    
4.01160    
4.25091    
3.74170    
2.54368    
4.22839    
3.74316    
3.27519    
4.01425    
3.49030    
4.21269    
3.27991    
4.24515    
3.77696    
3.04977    
3.03078    
4.24768    
3.50375    
3.73262    
3.07304    
4.44376    
2.29603    
4.47663    
3.52154    
4.00166    
3.51139    
4.45089    
4.99850    
4.94600    
3.51710    
3.05550    
4.70665    
3.99370    
4.00436    
4.00104    
3.78023    
3.29385    
3.27865    
2.60524    
4.24968    
2.80343    
3.51419    
4.49387    
4.20618    
3.50659    
3.98923    
3.73000    
3.27842    
3.73911    
3.98889    
4.22793    
3.25685    
4.22168    
3.27256    
4.44471    
3.24713    
3.72262    
4.24124    
3.30066    
3.99156    
4.45175    
4.43621    
3.75462    
3.47755    
3.78101    
3.72915    
3.52667    
3.03878    
3.28095    
4.47647    
3.76086    
3.50609    
3.30279    
3.76721    
4.45164    
2.79624    
4.98290    
3.49231    
4.45937    
3.98666    
3.24297    
3.48157    
2.52850    
3.51183    
4.44020    
3.29104    
2.83740    
3.73419    
2.96323    
4.24043    
3.00352    
3.54572    
4.00964    
2.77717    
3.73607    
3.97150    
3.02810    
4.20796    
3.48615    
4.44761    
3.70830    
5.89951    
2.77331    
3.26511    
2.76170    
2.79800    
3.29208    
3.77189    
3.77589    
3.73167    
3.27933    
3.04610    
3.73996    
2.10645    
4.00449    
4.43638    
3.75337    
4.23085    
3.97532    
3.04495    
3.49822    
3.78251    
3.27795    
3.03796    
3.78721    
3.27034    
3.98031    
4.21445    
3.26508    
3.47815    
4.01114    
3.74636    
3.25207    
3.48982    
3.28359    
2.78526    
4.22145    
3.94458    
3.49700    
4.44048    
3.50947    
4.00059    
3.75585    
2.55755    
3.28651    
2.80725    
3.26360    
4.02465    
4.72672    
3.03523    
3.75934    
3.52013    
4.95120    
3.51402    
2.79542    
2.82139    
3.52706    
3.52248    
3.98631    
3.31188    
4.68561    
3.76187    
3.99637    
3.52939    
3.30638    
4.22724    
4.01859    
3.25766    
4.48049    
4.70949    
4.23077    
3.31384    
4.96791    
3.75237    
3.24859    
3.49180    
3.95457    
4.02051    
3.28697    
3.99400    
4.44568    
4.00315    
3.04621    
4.23888    
3.02027    
4.69038    
3.74562    
3.05623    
4.46524    
3.02080    
3.75567    
3.98590    
3.50311    
3.21227    
4.21867    
3.74099    
3.27401    
3.04272    
4.21344    
4.68345    
3.26875    
3.98722    
4.20776    
4.50830    
3.99919    
4.46284    
4.19648    
3.78077    
3.03771    
3.73960    
4.23320    
3.02033    
4.21378    
3.71627    
3.28006    
3.98105    
4.19831    
3.03279    
2.55015    
3.49442    
3.49655    
3.50251    
3.98273    
3.53602    
3.97729    
4.94928    
2.81802    
3.50764    
3.98070    
4.72137    
3.99528    
2.56909    
2.78241    
3.46888    
3.04184    
4.28562    
3.28487    
3.73448    
3.04306    
3.03116    
4.23407    
3.97716    
4.46435    
3.53752    
3.52790    
4.49641    
3.27278    
5.43754    
4.45728    
3.51159    
3.00578    
3.50567    
3.98098    
3.51247    
4.46659    
2.51737    
3.05336    
4.25686    
4.91975    
3.74555    
2.76323    
3.74934    
3.27567    
3.29493    
4.47073    
3.72933    
2.79574    
3.46691    
3.28395    
3.23474    
4.18983    
3.55387    
3.75108    
3.53174    
3.98288    
4.48456    
3.99487    
3.96531    
4.72034    
3.97088    
3.97998    
2.31630    
3.50317    
3.24745    
3.50737    
3.99105    
3.97676    
4.18979    
3.76083    
3.07410    
3.25534    
3.49994    
4.46860    
3.49899    
3.02481    
3.99682    
3.77176    
3.73401    
4.45720    
3.99451    
4.20090    
4.98311    
3.52152    
3.77434    
3.23526    
4.24438    
4.23586    
3.04311    
4.49000    
3.54262    
3.00074    
4.46670    
4.24042    
3.52049    
4.00514    
3.29437    
3.74853    
3.01334    
4.20653    
3.75979    
3.31779    
3.75803    
3.75242    
3.26493    
3.28902    
2.97145    
3.28519    
3.74062    
2.55694    
3.98547    
3.76303    
3.49925    
4.48304    
3.52146    
3.51177    
3.51920    
4.23864    
2.77268    
2.78969    
3.50915    
3.28714    
4.24248    
3.51285    
3.28645    
3.26248    
3.75531    
3.49246    
3.47070    
3.51617    
2.83724    
3.54014    
3.26966    
3.75482    
3.96875    
3.96622    
3.46826    
4.01598    
3.02062    
4.46367    
2.77142    
4.24142    
4.21699    
4.25926    
3.30785    
2.80074    
4.23777    
4.01659    
3.29132    
3.76153    
4.46907    
3.76393    
4.00095    
4.01000    
3.97293    
3.77602    
4.01565    
3.98686    
3.30982    
2.99868    
3.98112    
4.91864    
3.02552    
3.01251    
3.25528    
3.29398    
2.29912    
4.45156    
4.02260    
3.72146    
3.52349    
3.95675    
3.54676    
3.51417    
4.20327    
4.20192    
2.99530    
2.79472    
3.51247    
4.21354    
4.72039    
3.04531    
3.77163    
3.73108    
3.29345    
3.75617    
3.51564    
3.76139    
3.51183    
3.03884    
3.99772    
3.74597    
3.30481    
4.01889    
3.50670    
4.47051    
3.04446    
4.94493    
3.04000    
3.01711    
4.68434    
3.26520    
3.98727    
3.23522    
3.51383    
2.82669    
3.74433    
3.79411    
3.03930    
4.24754    
3.97848    
3.24454    
3.75267    
3.50242    
4.43836    
4.22597    
3.98546    
3.03765    
4.21614    
3.51938    
3.74076    
3.50700    
3.55236    
4.93217    
3.52880    
3.28383    
3.28211    
3.76429    
4.01104    
3.97502    
3.05077    
3.02629    
3.98433    
3.50507    
3.77975    
3.25233    
3.05150    
3.72764    
3.73514    
3.75328    
3.97626    
3.77678    
3.96261    
4.46877    
4.23089    
4.01510    
3.05869    
3.76865    
4.01269    
3.75523    
3.99892    
4.45031    
3.53224    
3.06179    
3.04711    
3.03006    
3.26308    
4.01858    
3.52282    
3.02516    
3.74718    
3.49290    
3.02992    
3.24609    
3.26978    
3.55596    
3.51774    
3.26749    
3.28086    
3.03803    
4.71003    
3.96233    
4.22870    
4.96128    
3.26817    
4.45277    
4.18977    
3.76524    
3.05001    
3.52551    
3.03933    
3.49085    
3.75311    
3.98912    
3.72849    
2.08612    
3.96998    
3.75707    
3.03395    
4.47013    
3.99094    
2.80007    
3.75257    
3.51898    
3.74858    
3.54886    
3.04103    
3.98817    
3.98810    
4.46420    
4.46156    
3.75812    
3.74182    
3.52402    
3.72969    
4.19355    
3.76873    
4.24789    
4.46722    
4.50083    
2.75919    
3.26062    
4.02643    
3.51570    
3.99388    
3.28173    
3.01760    
3.76394    
4.01043    
3.24908    
4.19396    
4.23647    
3.02298    
3.53986    
4.46590    
4.25541    
3.98978    
3.73250    
3.01589    
3.01561    
2.54987    
3.50342    
3.76582    
4.43244    
3.98810    
3.50833    
3.52565    
3.50817    
3.98172    
3.55158    
3.06140    
4.23672    
4.71858    
3.52380    
4.22360    
3.02072    
3.73031    
2.79813    
3.51471    
4.00741    
3.74109    
3.27255    
4.00178    
3.74956    
3.53672    
3.76726    
3.72643    
3.97160    
3.72930    
3.73599    
3.75714    
4.47463    
3.99570    
3.50881    
4.95914    
4.25482    
4.20717    
4.23532    
3.48777    
2.79610    
3.01583    
3.31277    
4.01169    
3.48661    
3.76779    
4.21977    
3.51128    
3.27927    
3.30938    
3.72468    
2.07287    
3.77552    
3.49531    
3.51412    
4.21335    
3.77563    
4.98181    
4.95896    
3.04552    
3.26666    
3.71505    
3.51087    
3.71887    
4.23579    
3.98846    
3.74973    
3.51613    
3.76074    
3.74525    
4.21794    
4.49558    
3.50187    
3.49855    
3.74913    
2.79701    
4.21857    
3.49954    
3.28658    
4.21937    
4.21799    
3.28786    
3.26231    
4.44623    
3.04205    
3.27765    
3.75488    
3.77113    
4.22856    
3.50330    
3.29460    
4.01301    
4.00167    
3.48021    
4.20686    
3.03611    
4.45610    
4.69709    
3.50633    
4.00457    
3.51404    
3.01908    
3.25467    
4.95823    
3.49806    
3.96532    
3.27660    
4.21745    
4.69446    
3.75765    
3.06383    
3.97369    
4.48094    
3.98766    
4.02662    
3.52035    
3.25401    
4.00623    
4.93782    
3.31450    
3.52326    
3.01213    
2.36895    
3.77421    
3.27520    
2.31153    
3.29134    
4.20961    
2.80003    
3.25489    
3.48266    
2.77415    
4.70569    
3.52473    
3.74313    
4.69474    
3.94783    
4.74055    
3.98425    
3.77678    
4.70609    
2.54239    
4.47299    
3.26236    
3.51080    
4.24371    
2.55448    
4.24379    
4.24710    
3.24121    
3.74197    
2.29836    
3.98170    
3.73197    
3.48921    
3.99380    
3.52345    
5.21767    
4.21589    
3.71491    
3.73685    
2.83278    
4.01233    
3.49104    
4.23432    
4.23028    
3.04039    
3.02696    
3.25489    
3.02513    
4.22977    
2.54508    
3.03778    
3.50388    
3.03819    
3.06410    
3.24703    
4.46162    
2.27018    
3.03240    
3.26207    
4.46252    
4.22196    
4.71779    
4.23519    
3.30222    
4.72773    
2.55008    
3.49362    
3.99773    
3.28581    
3.99724    
3.52917    
4.48088    
3.49190    
3.26903    
3.00411    
4.45538    
3.98140    
3.50805    
4.73075    
5.17725    
3.99949    
3.51560    
4.71930    
3.97901    
4.24944    
3.78183    
3.97804    
3.54223    
4.22250    
4.45906    
3.96732    
3.76821    
3.00520    
3.74106    
4.45072    
3.01213    
3.75843    
3.77348    
4.68914    
3.48915    
3.97443    
4.01743    
3.51027    
4.26120    
4.46220    
4.01785    
3.03658    
4.46684    
4.95872    
3.76072    
3.52711    
4.00657    
2.31563    
2.30255    
3.97386    
3.51516    
3.28055    
4.00434    
4.70530    
3.53138    
4.71061    
2.55559    
3.50633    
3.55116    
3.50173    
3.75673    
3.98289    
3.54739    
2.80046    
4.24380    
3.27888    
4.21377    
3.53748    
4.00704    
3.75707    
3.28239    
3.77316    
4.22294    
3.50548    
3.99935    
3.73944    
2.98537    
3.50467    
4.73145    
3.53124    
4.70673    
3.28031    
4.21574    
4.24922    
3.74652    
2.78798    
3.05765    
3.74688    
3.26167    
3.50158    
3.49459    
3.49290    
3.73533    
3.77163    
3.52670    
3.26919    
4.70813    
4.44968    
4.00292    
3.27382    
3.99449    
2.54058    
3.54049    
3.51324    
3.97357    
3.99397    
3.51438    
3.53323    
3.50860    
3.77629    
3.05220    
3.06049    
4.68035    
3.96493    
3.28436    
3.25634    
3.75928    
3.50403    
3.27904    
4.51147    
4.23272    
4.24325    
3.72044    
3.79503    
3.99801    
3.52608    
3.76844    
3.51059    
4.47243    
4.00695    
3.51988    
3.52334    
3.48832    
3.97859    
3.72823    
3.50132    
4.22302    
3.00355    
3.75753    
3.26095    
5.16415    
3.75854    
3.72458    
3.75156    
3.48573    
4.00491    
3.47931    
3.99207    
4.47263    
3.76909    
3.98638    
3.05159    
4.22883    
4.00101    
4.00002    
3.99698    
3.54178    
3.75044    
4.21711    
2.57653    
3.73280    
3.99170    
3.99780    
4.23517    
3.50865    
3.96143    
4.20780    
3.05358    
3.02871    
2.77089    
4.46661    
3.03132    
3.53642    
2.77150    
3.54879    
3.97184    
3.79153    
3.75021    
4.00160    
3.75019    
4.46703    
3.99539    
4.43357    
4.48032    
3.74735    
3.24778    
3.04331    
3.27007    
3.50384    
3.24325    
3.73437    
3.74661    
3.51749    
3.50667    
4.20141    
2.54199    
4.71098    
3.76121    
3.01385    
3.98482    
3.78496    
3.31699    
3.74591    
3.98984    
3.25622    
4.49901    
3.26362    
3.07337    
4.23679    
4.50242    
3.52379    
4.01116    
3.28221    
4.00121    
3.76649    
3.23082    
2.79345    
2.30546    
3.99586    
3.49604    
3.04196    
3.97362    
3.52392    
3.99557    
3.25123    
3.49218    
3.03988    
3.98519    
3.75563    
3.74503    
3.26767    
4.45788    
3.69918    
3.98449    
4.94310    
4.67863    
4.24937    
3.02839    
3.75115    
4.49197    
4.42440    
3.25875    
3.50333    
3.50342    
3.52230    
4.00328    
3.53389    
4.46956    
3.04646    
3.26329    
3.25464    
3.73012    
4.26875    
2.79940    
4.46535    
2.30397    
3.79137    
3.05276    
3.76382    
4.00776    
3.74387    
3.03302    
4.20765    
3.49893    
3.02554    
2.79577    
5.41858    
3.97124    
3.31408    
3.98923    
3.24789    
4.20782    
3.27532    
3.03996    
3.52828    
4.25347    
4.44768    
3.97790    
4.21281    
4.22217    
3.73328    
4.73074    
3.29531    
3.72366    
4.44118    
3.74644    
3.98574    
3.46128    
5.42369    
3.06052    
5.46760    
3.51545    
3.50552    
2.75948    
2.55193    
3.24206    
3.51001    
4.22476    
2.83677    
3.29174    
4.23255    
3.26708    
3.24131    
2.77683    
3.25074    
3.99921    
3.52001    
4.21164    
3.99154    
3.97455    
3.52628    
4.21526    
4.46567    
3.98242    
3.03919    
3.75464    
2.77431    
3.27126    
2.54478    
3.47631    
3.74751    
3.46986    
3.24839    
3.03770    
3.46707    
3.96414    
4.20403    
3.51388    
4.69905    
3.25125    
3.77748    
3.73296    
3.28658    
2.78891    
3.72585    
4.24996    
4.00599    
3.25834    
2.52976    
3.53243    
4.23231    
3.02490    
3.25281    
3.96480    
3.29017    
4.46917    
4.48651    
3.49076    
3.97067    
4.22014    
3.01931    
3.72318    
3.04176    
4.22571    
3.50050    
4.42853    
3.75073    
3.78168    
2.79437    
4.23605    
3.30812    
4.19159    
3.77349    
4.02451    
4.71075    
3.28868    
3.51788    
3.74696    
3.30205    
4.48258    
3.98464    
4.00820    
3.99609    
3.05194    
4.71879    
3.77568    
3.74214    
3.73281    
3.26639    
3.26772    
4.21826    
3.26688    
3.24939    
3.05440    
3.55083    
4.65384    
3.53620    
3.77208    
3.52238    
3.75602    
3.54449    
3.75322    
3.74494    
3.51507    
3.01998    
3.25029    
3.27868    
4.70840    
3.50013    
2.55582    
4.19422    
3.27875    
4.96791    
3.01619    
4.21241    
3.00240    
3.03728    
3.76789    
3.49829    
3.50842    
3.54636    
3.97953    
4.24547    
4.21315    
4.23805    
3.29601    
3.99440    
3.32888    
3.28757    
4.01371    
3.49703    
4.50103    
3.51591    
3.31453    
4.01838    
3.76334    
4.48851    
3.73705    
4.01241    
3.53335    
2.76817    
3.29122    
3.75938    
4.47189    
3.02051    
3.77149    
3.52570    
5.43034    
4.23488    
3.74594    
2.06211    
3.03241    
3.50740    
3.98260    
3.02975    
3.96904    
3.55073    
3.26870    
3.99659    
3.05684    
3.00772    
3.04789    
2.58996    
4.69542    
2.80155    
3.96703    
3.51717    
5.40181    
3.52333    
3.76393    
4.47191    
3.48646    
3.74799    
3.50680    
3.98498    
4.24642    
4.01564    
4.20154    
3.06184    
4.44637    
4.50118    
4.00187    
3.49692    
2.56815    
3.25743    
3.49598    
3.79108    
3.55202    
3.55492    
2.54553    
4.44916    
3.72580    
4.48544    
3.28569    
4.47200    
3.29593    
3.52229    
4.21937    
4.00295    
4.48598    
4.21141    
3.49924    
3.73417    
3.76380    
4.25343    
3.97970    
4.00113    
3.25478    
3.75168    
4.21456    
3.52585    
4.91790    
2.49616    
3.04933    
3.28212    
4.23794    
3.52144    
3.97737    
3.27084    
3.50256    
3.24750    
3.49709    
3.98473    
4.43904    
3.29133    
4.01131    
3.26767    
3.72970    
3.48336    
3.03273    
3.48741    
3.95497    
5.16805    
3.53677    
3.95987    
3.47470    
3.02600    
3.77115    
3.97832    
3.29299    
3.98230    
4.01424    
4.23818    
4.00480    
3.74920    
3.74844    
3.57312    
3.28905    
4.71181    
3.55091    
3.50328    
4.22004    
4.19493    
3.97379    
3.98111    
4.96916    
3.52492    
4.70675    
3.02021    
3.48491    
4.19344    
3.28973    
3.76836    
4.69271    
3.51072    
3.30463    
3.72474    
3.30284    
3.97249    
3.52693    
3.57248    
3.06752    
3.99080    
3.76314    
3.26230    
3.53662    
3.52193    
5.20858    
3.27533    
4.23766    
3.50862    
3.74917    
3.27045    
3.47867    
3.04843    
3.76039    
4.24213    
4.00159    
3.77328    
3.48722    
3.96418    
3.78118    
3.04173    
4.21690    
2.08297    
3.79037    
3.03803    
3.99300    
3.99137    
3.48567    
3.50669    
4.21546    
3.99875    
4.47614    
3.76644    
4.01372    
3.03724    
2.79608    
3.97823    
4.93850    
4.50128    
3.97824    
3.76108    
3.75650    
4.66520    
3.75459    
3.25995    
3.51064    
3.49512    
3.02970    
3.51112    
3.54465    
3.51792    
4.25000    
3.75381    
4.66555    
3.49980    
3.23604    
3.76905    
3.00850    
3.99636    
3.98624    
3.52801    
3.72987    
3.28176    
3.48725    
4.00971    
3.04456    
3.76580    
4.47938    
3.50859    
3.52403    
3.52113    
3.24670    
3.54055    
4.00053    
3.07008    
3.76046    
4.46397    
3.28881    
3.03252    
2.80815    
2.30491    
3.77872    
2.81750    
3.72750    
3.50582    
3.74157    
3.76230    
3.53085    
3.00696    
3.23532    
3.99723    
3.25860    
3.00942    
3.25998    
3.96149    
3.26697    
3.78396    
3.48741    
3.05081    
4.23544    
4.70646    
4.48914    
3.55356    
4.00138    
3.76677    
3.49943    
4.21364    
4.03330    
3.51840    
4.46881    
3.29490    
3.76488    
3.50990    
4.22092    
3.05596    
4.47097    
3.50230    
3.76811    
4.01612    
3.97831    
3.52190    
3.03588    
4.22931    
4.47861    
3.50862    
3.99640    
3.73117    
3.05833    
3.05825    
4.47435    
3.29890    
3.75530    
3.26610    
4.20731    
3.05086    
2.79079    
4.46382    
3.47506    
3.51275    
3.98217    
4.45132    
5.42746    
3.72558    
2.81796    
3.02365    
3.53236    
4.46229    
3.99849    
3.26873    
3.78862    
4.22424    
3.28074    
3.73708    
4.23770    
3.98443    
4.23959    
3.50468    
3.73287    
4.44851    
3.29554    
3.26223    
3.27743    
3.76008    
4.45041    
2.56826    
3.76669    
3.99443    
3.49790    
3.25100    
3.02011    
3.47106    
3.53168    
4.02993    
3.73235    
3.52539    
4.03111    
3.75458    
3.98034    
3.97548    
3.49713    
3.73488    
4.48172    
3.50124    
3.05208    
3.06445    
2.52017    
4.22367    
3.03398    
3.52281    
4.01505    
3.29020    
4.43648    
3.75204    
3.99001    
4.22517    
3.97406    
4.45424    
3.30291    
4.24875    
3.25245    
3.29993    
3.96137    
3.04456    
4.45674    
3.73608    
3.99939    
4.21287    
3.77421    
3.76912    
3.74668    
3.99911    
3.72621    
4.73233    
4.69551    
3.53897    
3.77781    
3.97974    
3.50963    
4.00682    
3.74348    
3.25947    
3.29736    
3.73672    
3.25689    
3.71913    
4.01434    
4.48404    
4.22075    
4.93432    
3.77844    
4.24644    
3.52796    
3.75582    
3.98195    
3.73895    
2.75871    
2.80322    
3.49056    
3.75650    
3.74318    
3.96642    
3.99805    
3.25459    
4.45348    
3.29523    
2.29852    
2.82786    
4.46224    
3.98766    
3.48970    
3.57605    
3.76049    
4.26384    
3.98771    
3.95740    
4.74577    
3.73380    
3.28772    
3.53413    
3.02742    
3.04508    
4.21928    
4.21753    
3.29646    
3.95129    
3.28558    
3.51323    
3.02552    
3.76265    
3.29272    
4.50285    
3.47271    
3.27697    
3.72409    
3.73065    
3.99435    
3.49059    
3.51482    
4.71979    
3.49743    
3.04766    
3.26876    
3.74934    
3.26536    
3.76692    
4.24357    
3.52027    
5.89483    
3.28729    
3.74954    
3.04680    
3.30063    
3.50175    
3.99781    
3.72207    
3.51308    
3.75839    
2.55461    
3.54489    
3.51680    
3.52559    
3.05238    
3.50052    
4.71792    
2.29824    
4.45353    
3.74066    
4.22995    
4.20421    
4.21391    
4.00232    
4.26509    
3.74210    
4.01007    
3.97349    
3.98118    
3.98537    
4.96538    
3.26896    
4.44959    
3.26134    
3.52169    
4.22416    
3.70925    
2.58566    
3.78918    
3.28123    
4.25765    
4.23369    
3.51967    
3.76377    
4.70922    
4.23901    
3.47496    
3.05060    
3.95251    
3.30265    
3.76550    
4.22002    
3.49473    
3.47105    
2.55256    
3.52743    
3.50339    
4.00074    
3.99206    
3.77585    
4.18806    
3.28235    
3.74263    
3.28510    
2.79057    
4.45819    
3.23368    
4.21315    
4.71613    
3.27629    
3.78801    
3.75666    
3.53473    
4.23405    
3.74846    
4.24266    
3.98347    
3.28847    
3.51567    
3.98473    
3.97778    
3.51348    
3.71979    
3.26439    
4.47514    
4.49059    
3.49227    
3.51438    
3.95350    
2.78509    
2.80159    
3.74099    
3.27115    
3.00036    
3.30494    
2.79646    
2.82140    
2.98557    
4.44209    
3.74739    
3.02685    
3.52584    
3.73523    
3.03391    
3.29145    
3.76711    
2.98089    
3.03610    
3.52369    
3.53267    
3.02926    
3.98728    
3.29854    
3.49159    
3.48452    
3.98846    
3.49709    
3.50044    
4.47846    
4.23069    
4.23886    
4.00261    
4.01073    
2.79131    
4.23118    
4.20906    
3.51752    
4.25151    
3.69302    
3.02748    
3.73695    
3.97805    
4.23986    
4.95473    
2.33574    
3.74123    
3.25598    
3.76162    
3.55047    
3.48633    
5.20291    
3.99796    
4.23166    
3.96576    
2.80145    
3.03468    
3.31320    
3.51612    
3.03423    
3.48427    
3.99228    
3.02630    
4.23215    
4.44610    
2.82572    
4.45612    
3.51417    
3.50813    
3.52092    
3.96583    
4.23904    
4.71575    
4.24543    
3.02316    
3.53865    
4.45417    
2.55836    
4.23287    
4.72819    
2.81971    
5.15918    
3.72411    
3.49991    
3.05415    
3.28644    
3.52673    
3.51686    
3.25213    
4.45685    
3.98709    
3.27983    
3.74658    
3.52427    
3.30373    
3.98116    
2.10681    
3.98168    
3.52519    
3.48530    
4.23315    
3.73673    
4.68242    
4.00207    
3.49567    
4.94749    
4.22871    
4.24649    
3.30146    
3.98728    
4.44709    
3.77434    
3.48509    
3.50843    
3.97938    
3.02638    
3.09012    
3.52181    
3.52037    
4.47819    
3.96981    
5.18405    
3.50173    
4.27183    
3.54085    
3.97833    
2.78438    
3.97042    
3.02357    
4.22858    
3.51508    
2.53215    
3.53458    
4.50099    
3.49037    
3.75606    
3.06650    
4.49387    
2.75169    
3.04621    
3.30960    
3.27500    
3.26954    
3.96737    
2.79131    
3.75259    
3.73494    
3.25584    
4.50205    
3.76562    
3.27738    
2.53083    
3.05243    
3.73868    
4.22784    
2.81967    
3.72187    
2.82388    
3.01826    
3.48760    
4.52077    
3.75281    
3.97906    
3.28071    
3.54081    
4.19976    
3.27526    
3.29369    
3.73635    
3.97877    
3.25777    
3.50937    
3.51723    
3.98100    
3.52544    
3.27929    
2.52352    
3.51735    
3.98812    
3.98110    
2.98963    
3.04986    
3.28275    
3.48260    
4.22029    
3.49430    
4.44895    
3.24480    
4.22470    
4.47497    
3.98040    
4.46236    
3.51826    
3.26615    
3.73488    
3.03974    
3.49456    
3.02456    
3.02144    
4.20794    
3.98882    
3.51119    
3.74254    
3.99248    
4.67066    
2.81336    
2.80696    
3.48265    
3.51214    
3.99373    
2.81413    
3.09165    
3.51968    
3.99114    
3.75377    
4.69842    
3.01121    
3.26945    
3.50776    
3.51474    
3.97472    
4.93724    
3.98422    
4.23531    
3.73820    
4.00566    
4.70603    
3.50989    
4.95255    
3.74020    
4.00264    
3.99696    
3.27241    
3.26140    
3.04380    
3.75161    
3.51167    
3.25236    
3.52847    
3.51793    
4.22200    
4.70961    
3.54243    
3.48969    
4.70326    
4.23806    
4.47875    
4.00003    
3.76614    
3.05314    
4.45698    
3.99404    
2.80107    
3.27082    
4.67578    
3.50110    
3.29722    
3.99411    
3.96735    
4.93456    
3.75811    
3.05865    
4.00537    
3.74244    
3.99696    
3.52098    
3.07100    
3.49506    
4.47528    
4.24124    
4.23429    
3.53890    
4.22436    
3.76353    
3.02788    
4.46153    
3.51465    
3.24998    
4.25127    
3.76312    
3.53143    
4.25276    
4.22910    
3.75262    
3.76807    
3.07352    
2.56506    
3.96073    
3.70816    
4.47342    
3.99853    
3.51064    
3.49065    
2.31277    
3.01750    
3.32348    
3.04342    
3.74485    
3.04493    
3.48921    
5.68901    
4.24453    
3.72935    
3.50799    
3.53984    
3.52522    
3.95579    
3.78065    
3.72933    
2.81048    
3.98018    
2.32277    
4.23290    
3.72975    
3.76105    
4.47934    
3.72762    
2.79032    
3.26326    
3.75615    
2.56670    
3.74954    
5.68224    
3.01799    
2.98652    
4.47130    
4.00543    
4.01069    
3.27312    
3.98478    
2.59268    
3.98020    
3.97999    
3.52593    
4.22374    
3.49520    
3.02918    
3.49838    
3.04183    
3.25614    
4.69113    
3.25663    
3.77191    
3.52943    
4.48209    
3.53869    
3.01122    
3.52285    
4.01465    
3.29046    
3.77229    
3.71117    
3.27306    
3.27260    
3.29142    
2.78749    
3.54233    
4.01736    
3.03086    
4.27739    
3.97949    
4.47590    
3.23727    
4.00075    
3.02949    
4.21059    
3.73027    
3.98400    
3.99004    
4.23153    
4.46992    
4.00135    
3.25582    
4.22046    
3.49046    
4.02909    
4.47337    
4.26569    
3.53786    
3.47760    
3.75804    
3.49443    
2.55202    
3.03835    
3.30340    
4.26430    
3.73513    
2.79299    
2.98778    
3.06032    
3.52856    
3.28809    
3.98762    
3.99923    
3.30224    
3.50979    
2.76769    
3.95827    
2.79055    
4.00719    
3.50368    
4.25349    
4.22533    
3.71713    
3.49503    
3.02106    
4.48870    
3.78250    
3.05371    
2.82186    
3.75776    
3.51218    
3.31918    
3.74368    
3.95762    
4.69368    
4.46173    
4.25843    
3.51600    
3.76252    
3.77448    
3.54491    
3.29240    
4.20310    
4.00354    
3.97726    
3.76300    
3.52629    
3.51137    
4.02209    
3.01398    
4.91698    
3.29375    
4.00530    
4.00394    
3.03016    
3.95693    
3.29227    
4.21641    
3.26868    
4.00971    
4.23818    
3.50550    
3.98741    
2.78974    
3.74984    
3.32857    
3.51406    
4.48305    
4.26169    
4.70967    
3.53517    
4.00995    
2.57118    
3.99718    
3.97803    
3.97687    
2.79077    
3.29157    
3.75827    
3.96360    
4.23821    
4.23107    
3.97552    
3.47994    
3.03541    
3.52024    
4.19194    
3.75622    
4.21238    
3.50697    
3.71374    
3.26335    
3.02143    
3.49156    
3.01856    
3.26525    
3.95510    
3.06899    
3.01360    
3.75441    
4.01203    
3.03587    
3.72873    
4.01571    
3.95842    
3.51455    
3.99299    
3.04110    
4.64607    
4.22167    
3.30087    
3.29574    
2.79903    
3.03436    
3.48036    
2.98742    
4.23021    
4.45040    
4.66616    
3.73464    
4.50609    
3.99709    
3.22268    
3.03703    
4.21444    
3.76117    
4.94129    
3.05515    
3.26052    
3.49678    
3.27945    
3.28941    
4.22675    
3.75998    
4.48301    
3.03361    
3.53479    
3.03256    
3.77839    
3.97716    
3.26457    
4.22524    
2.77253    
4.20242    
3.28179    
3.52375    
3.99047    
3.99525    
4.02078    
3.53561    
4.50098    
4.69918    
3.04146    
3.02758    
4.01139    
3.04295    
3.99871    
4.25414    
3.25325    
3.26320    
3.50480    
3.51764    
3.03341    
2.81463    
2.31393    
3.78029    
3.51825    
3.05738    
4.20273    
2.80191    
2.80058    
2.80308    
4.23294    
3.75760    
4.96311    
3.02486    
4.20830    
3.75193    
4.27449    
4.44691    
4.23895    
3.50218    
3.00990    
2.80475    
4.49742    
4.49662    
3.53282    
3.27258    
3.51320    
2.99784    
3.26296    
4.70616    
3.52959    
4.22640    
3.72813    
3.95949    
3.76807    
3.05890    
3.49795    
4.22541    
3.50318    
3.74312    
4.23384    
3.76029    
4.24026    
4.47430    
3.02689    
3.98626    
3.75454    
4.74497    
4.48141    
3.27661    
3.52471    
3.48601    
3.06838    
4.22568    
3.51977    
4.22991    
4.22000    
4.01211    
3.79548    
3.99866    
3.52550    
3.72503    
4.28229    
3.03798    
3.54065    
3.31033    
3.73622    
3.72683    
3.54151    
3.03649    
3.96660    
3.96105    
3.04032    
3.75340    
3.75782    
4.68161    
3.78552    
4.23451    
4.27577    
3.54089    
4.21244    
3.99783    
2.99947    
3.76224    
3.52776    
4.21688    
2.78656    
3.27670    
3.53388    
3.74267    
3.98161    
3.05153    
3.50892    
2.31609    
3.99914    
4.47916    
4.96486    
4.70969    
3.50823    
4.01591    
3.29840    
3.29311    
4.00877    
4.24822    
4.03183    
3.29528    
3.73953    
3.75742    
3.05778    
3.75654    
3.71871    
3.53319    
3.99674    
4.69082    
3.26356    
3.06444    
4.27028    
4.71389    
3.76464    
3.76271    
3.97497    
4.23749    
3.75681    
3.49849    
4.22645    
3.73864    
3.78889    
3.74880    
4.21474    
4.22669    
3.98961    
3.74653    
4.23668    
3.77568    
4.24284    
3.28264    
3.51907    
5.17091    
4.42720    
4.43633    
4.93756    
4.43926    
3.74436    
3.04770    
3.50175    
3.77366    
3.27815    
4.22075    
4.74147    
3.96309    
3.75165    
3.27028    
4.21575    
3.24405    
3.73732    
3.52423    
3.28787    
4.70429    
3.76175    
3.47850    
3.97195    
3.76508    
3.26331    
3.75907    
3.95756    
3.27335    
3.25464    
4.22186    
3.24193    
3.76132    
3.26956    
3.03366    
2.80913    
4.01693    
3.01448    
3.25461    
5.20155    
3.50862    
4.49047    
3.75563    
3.53199    
3.52809    
4.48098    
3.75037    
4.00994    
3.78112    
4.21878    
4.24076    
2.79412    
3.03898    
4.01686    
4.73717    
3.97464    
3.98833    
3.27063    
3.27376    
3.53577    
3.51265    
3.71272    
3.96963    
3.25190    
4.48154    
3.74381    
3.05080    
4.71796    
3.04488    
4.19987    
3.46709    
3.04868    
3.96719    
2.83491    
3.30066    
2.76955    
3.21721    
3.02380    
3.03336    
3.98382    
4.69030    
3.53071    
3.72057    
3.24643    
3.49307    
3.29674    
2.81288    
3.24528    
3.51710    
3.76725    
3.52054    
3.98973    
3.26499    
4.47315    
3.97979    
3.51050    
2.81272    
3.52343    
3.53015    
2.78926    
3.96441    
3.03293    
3.51158    
3.95024    
4.47614    
2.06654    
2.79523    
3.52300    
3.29154    
4.22912    
6.13663    
3.27766    
3.50327    
3.50782    
4.26709    
3.31047    
3.50703    
3.75847    
3.52014    
3.48904    
3.97381    
4.22149    
3.97885    
4.69793    
3.50488    
3.96641    
5.46424    
4.27006    
4.47948    
4.21547    
3.52334    
3.27136    
3.98919    
3.29118    
3.97058    
3.27704    
3.26972    
3.01527    
3.54344    
4.22909    
3.74944    
3.99974    
3.49587    
3.99599    
2.53554    
4.22639    
3.99532    
4.23829    
4.46194    
4.90761    
2.31404    
3.99540    
3.26814    
3.98226    
2.07820    
3.27410    
2.09535    
4.43624    
3.48272    
3.30505    
3.25478    
3.49577    
3.50810    
2.55575    
3.04587    
4.00256    
3.50107    
3.55640    
3.76508    
3.76492    
3.31083    
4.45706    
4.44781    
3.74934    
3.06748    
4.00534    
3.74276    
4.95160    
2.80066    
4.46601    
4.73390    
3.24481    
3.29651    
3.26736    
3.24375    
3.26160    
3.75485    
3.03512    
3.74212    
4.24924    
3.49760    
4.48223    
4.24894    
3.53500    
3.28470    
2.77824    
4.71562    
3.98340    
3.73707    
3.76324    
4.22308    
3.02776    
3.27226    
3.26890    
4.44282    
3.50870    
3.27779    
4.46452    
3.76575    
3.26484    
3.76573    
3.49999    
3.52710    
3.99013    
4.48611    
3.78129    
2.29819    
4.96157    
3.02324    
3.27929    
3.01825    
3.06408    
3.29200    
3.73147    
3.49596    
3.96901    
3.97111    
3.98601    
3.51004    
3.27259    
3.48494    
2.78977    
3.75863    
2.82269    
3.02855    
2.33964    
3.97236    
2.79513    
3.27851    
3.98824    
3.25044    
3.49743    
3.05050    
2.53382    
4.93890    
2.80499    
4.47563    
4.71536    
3.08921    
3.99189    
3.75584    
3.95925    
3.74743    
3.04182    
4.92056    
3.26207    
3.28700    
3.76147    
4.01975    
3.29433    
2.81032    
4.17564    
4.01110    
4.69031    
3.50093    
3.75170    
4.47784    
3.28010    
3.28025    
3.96577    
3.09040    
3.73206    
3.98236    
4.25574    
3.74000    
3.28910    
3.71256    
4.24130    
4.23035    
3.49268    
5.12362    
4.21035    
4.26170    
3.25594    
3.78158    
4.45458    
4.02832    
3.50928    
4.00526    
3.48638    
4.01473    
4.71597    
4.47445    
3.27940    
3.97533    
3.27047    
3.52860    
3.01852    
3.51688    
3.75398    
2.80251    
3.04824    
4.00081    
3.75065    
3.28869    
2.80013    
3.98202    
4.94873    
4.46434    
4.22898    
4.26219    
3.74570    
4.20976    
4.47091    
3.48926    
4.23464    
4.03392    
4.22094    
3.28069    
3.50705    
3.50444    
3.97178    
3.97197    
4.23397    
4.92816    
3.97709    
3.75878    
3.48813    
4.46527    
3.73025    
3.74334    
4.24928    
4.71342    
3.27227    
3.04554    
3.29292    
4.23866    
3.74506    
3.24976    
3.74550    
4.01183    
3.52075    
3.96921    
4.23400    
3.77810    
3.96292    
4.70952    
4.24867    
2.79159    
4.22054    
3.24444    
4.23330    
3.72536    
3.48274    
4.02625    
3.27789    
4.23295    
3.53081    
4.95865    
3.04453    
3.01626    
5.20582    
3.05350    
3.25330    
3.75800    
3.99742    
3.97529    
3.74848    
3.97498    
4.20487    
4.96691    
4.71573    
3.53273    
3.98394    
4.23971    
4.47884    
3.50117    
3.51549    
3.77345    
3.72292    
3.31174    
3.49014    
4.43898    
2.79670    
4.23217    
3.25047    
4.25858    
4.23920    
3.75279    
4.02646    
4.22095    
2.81757    
3.53682    
3.97668    
3.29205    
3.04316    
4.46810    
4.22214    
2.77049    
3.75919    
4.70144    
3.71910    
3.50476    
3.96774    
3.55199    
3.95971    
3.48366    
2.27378    
3.05031    
3.54627    
3.50794    
3.28139    
4.00725    
3.27771    
3.75678    
4.92979    
3.05870    
3.50334    
3.97942    
2.27627    
2.81837    
2.80977    
3.53849    
3.05832    
3.04224    
4.22280    
3.74256    
3.72633    
3.51912    
4.25789    
4.20933    
4.00962    
3.76090    
3.73733    
3.24605    
3.73246    
3.50533    
3.27336    
3.26505    
4.73936    
3.52638    
4.23189    
4.21971    
3.74916    
3.26505    
3.98415    
3.50823    
4.48306    
3.73966    
3.71326    
4.23730    
2.54489    
3.04759    
3.99132    
4.69294    
3.73834    
3.73977    
3.46738    
3.48639    
4.21790    
3.30074    
3.52128    
3.28119    
3.29222    
3.76805    
3.24949    
3.25815    
3.78492    
3.07502    
4.22563    
3.51670    
3.73549    
3.00523    
4.22768    
3.75578    
4.19314    
3.95596    
3.02573    
3.51462    
4.22313    
4.45341    
3.98688    
3.26300    
3.50634    
3.25822    
3.51002    
3.28912    
3.75459    
3.73557    
3.53744    
3.05424    
3.51632    
3.73573    
3.75118    
3.52896    
2.79529    
3.48811    
3.76259    
3.72503    
3.51535    
3.50366    
3.03279    
3.26482    
3.77379    
4.69287    
3.25124    
3.75108    
3.51011    
2.82919    
4.00952    
4.00180    
2.76810    
4.46362    
3.99987    
4.02059    
4.45424    
4.67608    
3.76854    
4.24881    
3.74629    
3.73965    
2.80598    
4.45392    
3.26717    
3.76635    
4.21447    
4.97296    
3.99372    
4.00022    
4.46517    
2.80056    
2.30316    
3.75737    
4.01814    
3.25924    
3.75651    
4.22316    
4.93125    
3.29489    
2.77806    
4.46299    
3.75301    
3.52153    
2.79979    
3.03488    
3.05146    
4.24930    
4.45715    
3.02167    
2.82831    
3.27507    
3.99863    
3.74934    
3.74410    
2.77339    
4.00115    
4.22927    
3.28632    
4.00583    
3.55569    
3.49050    
3.49248    
3.02963    
3.50004    
3.72655    
3.51508    
3.02367    
4.72148    
4.24882    
4.69378    
4.24087    
3.73723    
3.99007    
2.82696    
3.04883    
3.74745    
3.76336    
2.77247    
3.77663    
3.75092    
3.78789    
3.49409    
3.73449    
4.95517    
4.22724    
3.73061    
3.97265    
3.96462    
3.51116    
3.99304    
3.73223    
3.52049    
4.45394    
3.51608    
3.74715    
4.25640    
3.52647    
3.52183    
3.51061    
3.55871    
4.45734    
3.02871    
3.30119    
3.05179    
3.25525    
3.46769    
4.21384    
4.20913    
4.48999    
4.23711    
3.46769    
2.78916    
2.99085    
4.00886    
3.50664    
4.24438    
3.97348    
3.75393    
3.52870    
3.93306    
2.52650    
4.42242    
4.01262    
4.67484    
3.50006    
4.96277    
3.76818    
3.23905    
3.51521    
3.75587    
3.98517    
3.51165    
2.58431    
3.50520    
3.50795    
3.25774    
4.24055    
3.50371    
3.53679    
4.68153    
3.76699    
3.24866    
4.26033    
4.70582    
3.98702    
4.22564    
5.01103    
3.30089    
3.52069    
3.24612    
3.24563    
3.73061    
3.98820    
4.71334    
3.49670    
4.02643    
3.71385    
3.74093    
3.50843    
3.51193    
4.70308    
4.00898    
3.76723    
3.51695    
5.40368    
2.79260    
4.46736    
3.26669    
3.98897    
5.15121    
4.24750    
3.05385    
3.72643    
4.46794    
3.02772    
3.75113    
3.48592    
3.77316    
3.99646    
3.98523    
3.76320    
3.75121    
3.50687    
2.28645    
3.76474    
3.26304    
4.49009    
3.76730    
4.24837    
3.27960    
4.23038    
3.98628    
3.51824    
3.48545    
3.54498    
3.27511    
3.72906    
4.69255    
3.50162    
4.23751    
4.24389    
3.04169    
3.97949    
2.80631    
3.52587    
4.69395    
3.73617    
3.29213    
4.01631    
4.46400    
4.71333    
4.23087    
4.18500    
3.50864    
3.52444    
4.00264    
3.27796    
3.03699    
3.77007    
3.73318    
3.74830    
3.04727    
4.47863    
3.73830    
4.21599    
3.98067    
3.51256    
3.77704    
3.75749    
3.77243    
4.22333    
3.98382    
3.72763    
3.48766    
3.48990    
3.27523    
3.75922    
4.92101    
3.95147    
4.02001    
4.77492    
3.47308    
3.26778    
3.97212    
4.25170    
4.00270    
4.00803    
3.05023    
3.73762    
3.49050    
4.22869    
3.73471    
4.21643    
3.75621    
3.74075    
3.96771    
3.26615    
3.73127    
3.02671    
4.22091    
3.74029    
3.75082    
3.04197    
3.03286    
3.03578    
3.31551    
3.05902    
3.05436    
3.03832    
4.66411    
2.56370    
2.81387    
3.97297    
3.98314    
3.99326    
3.07797    
3.49590    
3.75852    
3.72276    
3.75708    
3.97777    
3.74379    
3.54124    
3.48299    
2.80263    
3.02830    
2.54343    
4.25486    
3.98137    
4.22246    
4.91202    
3.52712    
3.73735    
3.51139    
3.53550    
4.23598    
4.00579    
3.27255    
3.03910    
3.47817    
4.73266    
4.44096    
3.01948    
3.49523    
4.45608    
4.20802    
3.98821    
3.47421    
3.73382    
4.24255    
3.03932    
3.95198    
3.03302    
4.50998    
3.52548    
3.04938    
3.72846    
4.44605    
3.74111    
3.99848    
3.53030    
4.00034    
3.27149    
3.50727    
4.71390    
3.77000    
3.25608    
4.21934    
4.48743    
3.48874    
3.31244    
3.74027    
4.01439    
4.49743    
3.74691    
3.03458    
2.56311    
3.50521    
3.28003    
3.25534    
3.01088    
4.71130    
3.27601    
3.74534    
3.27729    
4.22896    
3.29051    
3.75072    
3.77626    
4.46035    
3.53546    
4.70975    
4.45874    
3.71909    
3.02379    
4.96123    
4.70741    
4.73129    
3.27750    
3.01089    
4.47947    
3.74886    
3.04188    
3.51246    
3.28125    
3.28462    
4.92447    
3.26757    
3.26340    
3.53161    
4.24355    
3.72749    
4.01597    
3.47957    
2.77574    
4.25457    
4.21801    
3.73481    
4.03508    
3.27655    
3.53995    
4.20703    
3.98978    
4.20870    
2.33693    
4.24439    
4.48872    
4.22824    
2.07884    
3.99869    
3.98850    
3.27032    
3.06666    
3.51328    
3.53474    
3.77507    
4.95905    
3.76652    
3.52080    
3.27646    
3.51810    
4.21896    
4.00023    
3.47640    
3.23370    
3.28927    
4.24680    
3.75774    
3.28187    
3.05503    
3.27625    
3.73341    
3.52495    
3.99414    
3.27148    
3.73773    
3.69678    
3.27773    
3.50546    
4.20247    
3.76634    
4.00360    
3.29949    
3.96867    
3.02017    
4.01229    
3.99928    
4.47172    
3.97308    
2.77963    
4.48243    
3.04295    
4.46993    
3.77670    
4.46193    
4.20864    
3.72795    
3.99012    
3.98379    
3.06428    
3.78569    
4.21903    
3.76334    
2.76052    
4.46934    
2.27558    
3.27467    
3.25649    
3.99166    
4.21635    
4.21233    
3.28718    
3.99145    
2.82261    
3.73630    
4.01672    
3.94439    
4.23453    
3.27226    
3.30900    
3.51044    
3.97535    
3.31488    
4.96644    
3.75686    
3.29461    
2.54553    
3.27928    
3.99540    
3.04131    
3.99115    
4.46188    
3.01709    
3.98913    
3.73344    
3.02896    
3.98777    
3.30592    
3.51600    
4.00559    
2.53721    
3.27129    
4.21190    
3.76885    
3.50662    
4.24119    
4.01176    
4.22240    
3.51853    
4.94875    
3.50936    
3.96016    
4.68949    
4.22089    
3.47484    
4.48584    
3.50555    
3.97805    
3.50838    
3.74457    
4.48781    
3.51630    
3.98192    
4.03065    
3.48783    
3.28093    
3.71027    
3.51110    
3.29138    
3.00446    
3.74329    
3.99253    
3.74966    
3.96995    
4.23833    
3.77001    
2.79799    
4.71327    
3.54506    
3.98672    
3.98499    
4.45273    
4.23072    
3.74250    
3.02774    
3.27730    
4.02471    
3.75673    
3.29110    
3.54443    
3.96851    
2.56729    
3.97866    
3.52000    
4.49040    
4.48958    
3.53393    
3.99382    
3.02177    
4.48655    
3.73566    
2.78387    
3.96727    
3.76195    
4.21570    
4.22152    
3.76779    
3.74164    
3.04633    
3.52303    
4.45427    
3.53573    
3.52886    
3.78197    
3.77127    
3.49904    
3.28160    
4.25589    
3.74412    
4.25584    
4.47031    
4.23814    
4.73249    
3.27035    
3.97247    
3.27045    
3.98539    
5.44501    
3.76599    
3.51468    
3.50816    
2.08212    
3.74296    
3.49638    
4.20169    
4.23241    
4.22288    
3.52206    
2.81384    
3.48466    
3.29839    
3.51888    
3.99182    
3.75204    
3.29949    
3.75322    
3.74508    
4.73750    
3.03086    
3.97971    
3.49589    
4.45448    
3.75783    
4.26439    
3.99123    
3.54235    
3.75463    
3.28032    
3.24159    
4.00601    
2.78952    
3.55234    
3.05262    
3.99165    
4.21165    
3.74134    
3.30190    
4.23228    
3.71870    
3.03060    
3.07999    
4.98299    
4.71351    
4.00318    
3.08378    
5.43343    
4.20047    
3.30032    
3.72498    
3.75801    
3.04394    
2.79211    
4.91785    
3.52935    
4.95302    
3.49940    
4.00154    
2.80180    
3.72311    
3.27167    
4.00311    
3.73584    
4.01828    
3.30097    
3.02637    
3.50205    
3.97792    
3.75271    
3.76488    
3.26419    
3.23699    
3.99199    
3.05509    
3.50021    
3.51981    
3.05155    
3.04041    
3.24247    
4.00589    
4.69876    
3.28342    
3.50643    
3.98718    
3.48578    
3.99095    
2.77583    
4.21039    
3.72068    
4.23546    
3.49597    
3.25313    
3.78227    
3.72834    
3.29843    
3.50036    
3.52057    
3.77859    
3.49946    
4.24426    
4.00093    
3.49479    
3.00838    
4.00320    
3.75857    
3.50466    
3.74185    
3.74530    
4.00935    
2.81546    
3.77209    
4.22560    
3.03502    
3.46239    
3.99445    
3.26902    
3.50773    
4.70881    
3.04206    
3.26560    
3.24632    
3.06071    
2.55119    
3.99515    
3.97752    
3.52115    
3.99135    
4.73044    
4.00411    
4.00621    
2.82845    
5.22531    
2.80849    
3.54312    
3.49788    
2.55197    
4.24627    
3.51234    
3.03174    
4.22809    
3.51498    
2.80398    
4.45108    
4.24336    
3.75635    
4.48687    
3.51480    
3.56162    
3.97819    
3.75429    
3.51484    
3.53030    
3.75162    
3.26527    
3.03722    
4.20425    
3.29360    
3.74503    
3.72473    
3.47099    
3.52579    
3.72301    
3.71140    
2.81286    
4.71845    
3.77550    
2.79963    
4.45339    
3.99950    
3.74178    
3.07240    
2.82645    
3.26910    
2.56406    
3.75570    
4.46776    
3.74032    
3.05992    
2.57039    
3.99853    
4.47023    
3.99563    
3.71644    
3.51867    
4.00390    
4.69415    
3.77050    
3.51920    
3.50084    
3.94676    
3.75976    
3.50852    
3.31038    
3.02128    
3.04068    
3.26319    
3.03241    
3.54868    
4.25119    
3.49828    
3.26142    
2.75320    
3.47020    
3.05197    
3.49712    
3.75541    
3.96412    
3.52364    
3.52159    
3.73085    
3.02939    
3.96891    
3.76127    
3.93075    
3.50012    
3.99632    
5.42469    
4.49715    
3.99154    
3.29612    
4.45713    
3.26837    
4.70065    
4.23567    
3.51170    
3.99633    
3.53244    
3.50784    
3.28512    
4.22726    
3.53032    
3.47459    
4.24205    
3.30083    
4.01279    
3.49081    
4.45653    
4.23055    
3.73831    
4.22041    
3.76523    
2.57312    
4.01026    
3.27885    
3.97316    
3.04040    
4.47466    
4.22945    
3.76921    
2.53840    
4.03714    
3.50903    
4.73179    
2.78364    
4.00815    
4.01151    
3.97620    
3.29771    
4.03625    
3.73265    
4.23163    
3.53117    
3.48993    
3.98166    
3.74167    
4.95561    
3.49962    
3.28991    
4.19577    
4.22134    
4.00634    
3.76280    
4.69965    
4.43142    
3.53393    
4.50811    
3.98426    
3.98534    
3.99114    
3.49222    
3.74332    
2.58658    
3.26566    
3.72053    
4.45318    
3.30581    
3.99510    
3.98193    
3.30558    
2.55927    
3.48859    
3.03736    
4.69395    
3.75604    
2.56842    
3.97364    
3.51195    
3.77177    
4.45452    
4.21378    
4.46195    
3.29819    
4.96495    
2.76799    
3.47797    
4.47745    
3.73324    
2.78776    
4.47140    
3.96353    
4.45654    
3.75665    
4.71901    
3.04618    
3.02180    
3.75050    
4.21886    
4.49270    
2.55738    
3.72913    
2.83671    
4.47138    
3.51448    
3.73129    
3.29383    
3.00895    
3.97680    
3.51207    
3.98469    
3.76445    
4.69006    
3.29630    
3.49933    
4.00559    
4.00391    
3.74275    
3.74564    
3.09393    
3.75549    
3.98280    
3.99753    
2.82420    
3.29717    
3.27625    
3.54355    
3.98930    
4.69980    
3.76926    
4.23313    
3.76931    
4.67851    
3.99895    
3.76287    
4.22312    
3.73930    
3.51675    
2.79721    
3.52946    
3.50708    
4.40650    
3.73569    
3.02758    
4.17978    
3.96483    
3.75948    
3.51498    
4.48025    
3.24966    
4.45122    
4.24860    
3.96767    
3.54208    
3.74024    
3.26518    
3.95964    
3.26420    
3.28006    
3.24784    
4.00820    
3.51463    
3.03611    
3.73999    
3.05391    
3.50917    
2.77223    
3.06359    
3.23343    
3.49373    
3.72243    
4.03420    
3.75058    
3.80774    
3.28869    
2.79165    
4.46728    
3.77237    
3.26266    
3.53331    
4.22234    
3.75259    
3.98379    
2.53417    
3.28831    
4.22031    
4.68613    
3.74340    
3.27962    
3.74680    
3.98317    
4.03018    
3.51030    
4.22821    
2.82619    
3.98193    
4.49131    
4.23499    
4.22763    
3.30392    
3.28359    
3.47341    
4.45709    
3.50753    
4.47068    
2.56829    
3.26125    
2.81388    
4.01362    
3.48546    
3.27319    
3.48188    
3.75077    
3.52896    
4.24971    
4.01877    
4.75142    
4.20596    
3.98351    
3.51555    
4.52123    
3.55487    
3.50678    
3.51711    
3.06341    
3.05164    
4.72370    
3.54684    
3.52022    
3.50914    
2.78482    
4.69007    
3.48711    
3.72887    
3.52017    
4.00390    
3.46689    
2.79239    
3.49180    
3.99958    
4.00130    
4.48266    
3.96532    
3.74900    
3.76467    
3.49771    
3.00033    
2.31206    
3.25461    
3.50732    
3.98303    
3.27366    
3.29404    
3.75254    
3.26575    
3.99485    
4.43702    
4.46447    
3.27560    
4.23696    
3.94786    
3.52308    
3.03638    
3.51060    
3.74580    
3.97321    
3.51201    
4.48604    
3.48353    
4.46962    
3.51102    
3.76472    
4.76743    
3.53697    
3.77081    
3.49619    
3.28342    
3.49613    
3.05928    
3.05159    
3.29363    
3.28083    
3.98605    
4.44608    
3.50891    
4.22449    
3.29618    
3.49401    
4.00796    
3.28135    
3.53225    
3.04795    
3.72713    
3.97376    
3.76152    
4.20335    
3.53092    
4.24114    
3.99444    
4.02895    
3.75504    
3.52243    
2.83441    
4.45602    
4.23285    
3.51550    
3.27237    
4.22780    
3.29208    
3.75652    
2.54833    
3.51168    
3.30189    
3.78780    
3.73511    
3.29648    
4.22139    
4.21104    
2.53050    
2.53153    
4.25477    
4.20648    
4.47228    
4.95641    
3.26707    
3.50407    
3.75278    
3.50763    
4.95755    
3.75981    
3.51772    
4.25419    
3.03220    
3.96510    
3.74935    
3.31242    
2.53146    
4.47429    
3.27560    
3.99820    
2.80431    
4.71683    
3.52111    
3.50536    
3.76004    
3.01315    
2.57083    
3.74691    
3.26500    
3.78120    
3.52324    
4.43715    
4.22185    
4.23293    
2.56010    
4.23978    
3.27656    
2.53814    
4.71198    
3.70915    
3.99397    
3.28768    
3.71680    
3.73435    
3.71750    
3.76308    
3.75855    
3.97275    
4.26392    
4.18345    
2.78838    
3.28763    
3.97886    
3.98277    
4.92697    
3.73234    
3.97830    
3.73868    
4.23391    
4.20788    
3.23474    
3.97141    
3.77965    
3.52236    
3.52078    
4.47522    
4.46577    
3.04583    
3.29297    
3.96857    
4.95527    
1.86280    
3.76664    
3.71316    
3.73255    
3.98294    
4.18762    
4.20857    
3.96465    
4.47184    
3.73889    
3.51915    
3.22955    
3.00373    
4.24100    
2.81793    
3.76543    
5.23202    
3.99920    
4.22375    
3.78309    
4.48035    
3.50348    
4.25758    
3.72726    
3.79194    
3.04371    
4.44683    
3.52752    
3.97137    
3.73168    
3.99723    
2.54598    
3.47412    
4.00569    
3.02563    
3.73882    
4.46902    
3.76470    
3.50164    
4.21931    
4.46245    
3.72921    
4.21629    
3.30359    
4.22494    
3.02386    
3.99228    
3.74391    
2.77972    
3.53982    
2.55897    
3.72882    
4.21169    
3.01385    
3.30914    
4.70349    
3.03324    
3.28449    
3.77163    
4.26219    
3.98713    
3.99874    
4.46134    
3.96563    
4.22506    
3.30444    
4.01017    
2.82289    
2.77561    
3.51673    
3.75384    
3.98349    
3.28058    
3.72054    
3.52847    
4.22777    
3.54117    
3.74817    
4.45873    
2.54149    
3.97097    
4.44369    
3.54903    
3.75343    
4.23056    
3.23300    
3.03484    
3.76432    
4.67815    
4.18043    
3.98964    
3.76754    
3.47703    
3.50021    
3.74726    
3.50582    
4.48319    
2.75681    
3.51299    
3.27263    
4.25634    
3.54433    
3.74403    
3.51135    
5.20290    
3.27550    
3.53309    
3.48848    
4.22533    
4.71073    
2.09282    
3.76469    
3.98044    
3.04604    
4.23986    
3.03123    
3.97690    
4.50388    
3.96907    
3.75057    
3.51145    
3.53675    
3.28859    
3.75562    
3.51704    
3.99988    
3.24726    
3.27815    
5.18136    
4.22600    
3.01259    
3.25596    
3.54122    
4.48534    
3.03433    
3.73226    
3.28013    
3.76066    
3.04910    
3.28906    
3.54124    
3.30497    
3.49056    
3.04372    
3.06399    
3.76155    
3.49281    
3.28447    
3.50806    
4.71031    
3.26012    
3.78148    
3.00758    
3.52965    
3.77740    
2.76124    
3.26288    
3.76259    
4.72936    
4.00291    
3.75994    
2.78366    
4.22901    
4.01113    
3.97838    
3.51587    
3.52617    
3.05814    
4.48518    
4.72272    
4.21491    
3.27624    
2.29302    
3.02686    
5.64923    
3.04347    
3.77356    
3.28768    
3.95911    
4.00357    
3.06889    
3.77633    
4.47172    
3.73930    
4.46067    
3.55134    
3.74715    
3.78378    
3.74536    
2.57035    
2.79939    
3.51219    
4.00032    
3.96081    
3.49683    
3.26002    
3.06008    
3.99532    
3.99715    
3.96886    
4.93752    
3.28287    
4.26171    
3.49941    
3.80245    
3.25459    
3.21191    
3.29878    
3.45716    
4.50260    
3.00981    
3.74146    
4.22812    
3.97254    
3.98535    
2.80031    
4.00245    
3.76304    
3.75211    
4.43663    
2.51350    
2.33507    
2.81027    
4.67500    
4.23552    
4.23275    
3.50056    
4.24378    
3.24634    
4.24015    
3.53021    
3.50658    
4.21846    
4.45510    
3.72148    
3.76774    
3.74507    
3.05208    
4.21894    
3.97295    
3.98734    
4.93976    
4.70681    
3.01988    
4.21170    
2.78620    
4.24104    
4.91948    
3.25895    
3.76068    
3.97794    
2.56524    
3.73765    
3.04659    
3.52888    
4.02486    
4.20350    
3.27711    
3.98755    
3.24189    
3.51766    
3.98398    
4.23142    
2.75418    
4.00742    
2.76113    
4.00391    
4.22254    
4.45974    
3.04273    
3.74974    
4.70080    
3.52873    
3.47577    
3.76557    
4.21326    
4.01667    
3.97880    
3.53162    
3.96503    
3.23399    
2.76181    
3.75470    
3.50342    
3.75024    
4.44839    
4.24548    
4.24368    
3.73639    
3.01887    
3.27012    
3.28015    
4.71846    
3.75168    
3.54623    
3.76293    
3.00382    
3.54308    
3.97360    
3.51179    
3.49621    
3.23822    
3.99061    
3.53879    
4.23784    
4.70001    
3.27846    
3.29287    
4.48089    
3.51009    
3.75008    
3.30608    
3.97204    
3.71423    
3.06387    
4.24885    
3.51531    
3.97877    
4.70058    
3.24671    
3.95985    
4.01056    
4.00109    
3.52437    
3.52692    
4.46407    
4.23055    
3.49528    
3.26928    
3.28399    
3.96209    
4.48259    
3.25160    
3.98588    
2.80258    
3.72127    
4.67869    
3.79396    
3.76696    
4.21586    
3.03566    
3.73081    
3.26731    
4.94700    
4.24457    
3.26123    
2.78129    
3.95186    
3.24420    
2.78178    
3.50103    
3.04964    
3.75662    
4.44435    
3.74259    
2.54527    
3.27083    
2.79593    
4.00379    
2.55518    
3.74660    
4.48166    
4.47810    
3.50271    
3.28460    
3.26392    
3.51275    
3.98430    
3.02147    
3.97985    
2.78352    
5.18175    
3.98120    
3.98513    
3.50338    
2.82452    
3.76751    
3.74095    
3.24495    
4.23221    
3.74326    
3.27012    
3.50355    
3.29806    
3.76295    
2.80727    
4.01609    
2.79910    
3.72822    
3.02329    
3.99454    
4.70247    
4.26037    
2.32096    
4.00387    
3.73888    
3.48156    
3.07806    
4.49353    
3.30822    
3.28628    
3.99768    
3.25954    
3.28631    
4.00039    
3.98313    
3.75833    
3.76993    
3.24396    
4.70317    
3.28138    
