4.73265    
3.58580    
4.96401    
4.52648    
4.98195    
4.73418    
4.75758    
4.97257    
4.98776    
4.97279    
4.77867    
4.97106    
4.26492    
3.56884    
3.79475    
5.00023    
4.51233    
4.73306    
5.48867    
5.71116    
5.47230    
4.97091    
4.51708    
4.96860    
4.72541    
3.80645    
3.79602    
4.76481    
5.26249    
5.49343    
4.74179    
4.49453    
4.99154    
4.27113    
5.70865    
4.54098    
4.78945    
4.05181    
5.22433    
5.24045    
4.50555    
4.27964    
5.48368    
4.51101    
4.99839    
5.47680    
4.23941    
4.04012    
5.47593    
4.47905    
4.96904    
5.23616    
5.23449    
4.50092    
5.23505    
5.71339    
5.49580    
4.99863    
4.47673    
3.77797    
4.27328    
4.95748    
3.57557    
4.76747    
4.27029    
4.98768    
4.50816    
4.51910    
4.50439    
4.51187    
4.24410    
4.75259    
4.27152    
3.55278    
5.69885    
4.99860    
5.71040    
3.77867    
4.74254    
4.29385    
4.76174    
4.51876    
4.76474    
5.45413    
4.50482    
4.27234    
5.68938    
4.00033    
4.53375    
4.95001    
4.75957    
4.74015    
5.23205    
4.75963    
4.96415    
4.52221    
5.21925    
4.73141    
4.49290    
5.22059    
5.71019    
5.20640    
4.74990    
5.47832    
4.01967    
4.51650    
4.51001    
3.78492    
4.98331    
4.04624    
4.28964    
4.27761    
4.50397    
4.00906    
4.49264    
4.27012    
3.56723    
4.03199    
4.30056    
4.03668    
4.75822    
3.55597    
4.25289    
5.48373    
4.50363    
5.44800    
4.98381    
4.04636    
4.48137    
4.77116    
4.79750    
5.48762    
5.24836    
4.49703    
3.99536    
4.76004    
4.26027    
4.75902    
4.27424    
4.49087    
5.22368    
4.27132    
4.04291    
4.49892    
5.92082    
5.21491    
5.23215    
4.28182    
5.24205    
4.77653    
3.79662    
4.27226    
3.80253    
4.26795    
5.73099    
4.03548    
4.97370    
5.24073    
4.72819    
4.50067    
4.52400    
4.99378    
4.96453    
5.19709    
5.46618    
3.78211    
4.28573    
4.51555    
4.73513    
4.53743    
4.30783    
4.26467    
4.49772    
3.55878    
3.83915    
6.22653    
4.76762    
4.51950    
4.50172    
4.75565    
4.49785    
3.55763    
4.73590    
4.76842    
5.45744    
5.49125    
3.81203    
5.21212    
4.77938    
4.75717    
4.52619    
4.27764    
4.72331    
5.01227    
5.25158    
4.98145    
5.74048    
4.74615    
4.77467    
5.22121    
5.01775    
4.26975    
4.03104    
4.29871    
4.26009    
4.04401    
4.03389    
4.27027    
5.24421    
4.04336    
5.02062    
5.71723    
5.45029    
4.51610    
4.48500    
4.97727    
5.25738    
4.98108    
4.52079    
4.74150    
4.50639    
4.26751    
4.47493    
3.81843    
4.27362    
5.97228    
4.98735    
4.98731    
4.03558    
5.00536    
4.74810    
3.75439    
4.98237    
4.75552    
4.50683    
5.23238    
5.00199    
5.01215    
5.44876    
5.45808    
5.23233    
4.51134    
3.79240    
4.00291    
5.45013    
3.77747    
5.22298    
4.48993    
4.04632    
5.23363    
4.98888    
5.00705    
5.43647    
5.95773    
4.77189    
5.44669    
5.00409    
4.50661    
4.99695    
5.46786    
4.98799    
4.72777    
4.76900    
4.98465    
3.53582    
4.27148    
5.01893    
4.96301    
4.28707    
4.52937    
4.50174    
4.75338    
4.53571    
5.50404    
4.03639    
4.01860    
4.48093    
4.74909    
4.99562    
4.26513    
5.91620    
4.51925    
3.54540    
4.99025    
4.98669    
5.47388    
5.45210    
4.76353    
4.74017    
4.75384    
4.26341    
4.97654    
5.00283    
5.72359    
4.25532    
4.71285    
4.30200    
4.74042    
4.02756    
5.71674    
4.01681    
4.51397    
5.23037    
5.21273    
4.05274    
4.07019    
4.72729    
4.99215    
3.80390    
4.73447    
4.48959    
4.74265    
4.03810    
4.76110    
4.99738    
3.79910    
5.23741    
5.45249    
4.26236    
5.24653    
4.99009    
4.50667    
4.98219    
5.23126    
5.46594    
5.45893    
4.49007    
4.52823    
4.75612    
6.17871    
4.77120    
4.72268    
4.48478    
5.00096    
4.51037    
4.74715    
4.71999    
5.23719    
4.98121    
4.99757    
5.20501    
4.74126    
5.20573    
4.22843    
4.96522    
4.75628    
4.26971    
4.06008    
5.93768    
4.75575    
4.29909    
4.98395    
4.76267    
4.52341    
5.94674    
4.53029    
3.33517    
5.47009    
4.76851    
4.27725    
5.21504    
5.96617    
4.77045    
4.53284    
4.51950    
4.00394    
4.28833    
4.69615    
5.71327    
5.25306    
4.52901    
5.41902    
5.01450    
4.06712    
4.72748    
4.04066    
4.77458    
3.54456    
4.98073    
5.48057    
4.96836    
4.76952    
4.99186    
5.01224    
4.49129    
4.27166    
4.99689    
4.47960    
4.72537    
3.06303    
5.92834    
4.27124    
3.78251    
5.22389    
5.00524    
5.18421    
4.98471    
4.03108    
5.45485    
4.52930    
4.97462    
4.74262    
4.77134    
4.27839    
4.26743    
5.25368    
4.73936    
5.01884    
4.51277    
5.24992    
4.44837    
4.51706    
4.26716    
4.06480    
4.73259    
5.73142    
4.74980    
4.51280    
5.48880    
4.74389    
4.51369    
4.25658    
4.27058    
4.98067    
4.29137    
4.75416    
4.98505    
3.80946    
4.05907    
5.19493    
4.75650    
4.28259    
4.53484    
4.97242    
4.98391    
4.49357    
4.76993    
5.23641    
5.00252    
4.69149    
4.75121    
4.97979    
3.79719    
4.75815    
5.21589    
5.23342    
4.96654    
4.50432    
5.91312    
5.18053    
4.75665    
5.01544    
4.27803    
5.21985    
4.29089    
6.42210    
4.53881    
3.78938    
4.25475    
4.29456    
4.75444    
5.00466    
4.50969    
4.99138    
4.01292    
4.04156    
5.19712    
4.73791    
4.03327    
5.00454    
4.03898    
4.54304    
4.27433    
4.72712    
4.75656    
4.26038    
4.73215    
4.98505    
3.32025    
5.00062    
4.53324    
4.01831    
5.48930    
4.03377    
3.79512    
4.29700    
4.73188    
4.72327    
5.23364    
4.99360    
4.26057    
4.72839    
4.23376    
4.24217    
4.74175    
4.95950    
4.50537    
4.27555    
4.96091    
5.24409    
3.78037    
4.54291    
4.76354    
5.00699    
4.49850    
4.98445    
3.78325    
4.71988    
4.74107    
4.05863    
4.25230    
4.27932    
4.75711    
5.70398    
4.28571    
3.79998    
3.81619    
3.54374    
3.99312    
4.27881    
4.25883    
4.52827    
4.99085    
4.77256    
4.74411    
5.70715    
4.52389    
3.76833    
5.49084    
4.49897    
4.29460    
5.70769    
5.45506    
4.77615    
4.54739    
3.76549    
5.71889    
4.51677    
4.95559    
5.19922    
4.04726    
3.78808    
4.51386    
4.28015    
4.50741    
3.82004    
5.43331    
4.52547    
5.48158    
5.21824    
4.69595    
4.01656    
5.26896    
4.77332    
4.75473    
4.97456    
3.31427    
4.00679    
4.74897    
4.48403    
4.28338    
3.55469    
4.53237    
4.98823    
4.28407    
4.29090    
3.78863    
4.48772    
4.73252    
5.24137    
4.74328    
3.83758    
5.68192    
4.30592    
4.76746    
5.45970    
4.03778    
4.02259    
4.98983    
4.73425    
4.52645    
6.45310    
4.24320    
4.05002    
4.01599    
4.25636    
5.69889    
4.48167    
5.02546    
4.72666    
4.99929    
4.97533    
5.44111    
4.51368    
5.24613    
4.54168    
4.99579    
5.20263    
4.26492    
5.45397    
4.29757    
4.96838    
4.96199    
4.01401    
5.47077    
4.99411    
4.75117    
3.30483    
4.26157    
4.25635    
4.27133    
5.19936    
4.30706    
4.27038    
4.97621    
4.97932    
4.49583    
4.50163    
4.24789    
3.79542    
4.77471    
4.27109    
5.00369    
4.96838    
4.25063    
3.79235    
5.22764    
4.76020    
4.75590    
4.26777    
5.67849    
4.96134    
5.46318    
4.73862    
5.24690    
4.27434    
5.20432    
3.55246    
4.69056    
4.52551    
4.99992    
5.22640    
5.67442    
4.74779    
3.99980    
5.04995    
5.20355    
4.51074    
4.96948    
4.73220    
5.00116    
5.22751    
4.93261    
3.80844    
3.78877    
4.48768    
4.50817    
5.21140    
4.99960    
4.52426    
4.52468    
4.75229    
4.27140    
6.17353    
4.48605    
4.05198    
4.53899    
5.22858    
4.74240    
4.99546    
4.76203    
3.81813    
4.75941    
4.96383    
4.27818    
5.45611    
4.27682    
5.00054    
5.25093    
4.96395    
4.29507    
5.48609    
3.55029    
4.78220    
4.96979    
4.04717    
5.22136    
4.51067    
5.74034    
4.54086    
4.99081    
5.22490    
5.45514    
4.06600    
4.74765    
3.79492    
5.45225    
4.98400    
4.78282    
4.76048    
3.82450    
3.77207    
4.71220    
4.75468    
5.00212    
5.47025    
4.99487    
5.21694    
4.75391    
5.01086    
5.20407    
4.48464    
4.98852    
4.06196    
3.82307    
4.97402    
4.75931    
4.05297    
4.94717    
5.22708    
4.52533    
4.46864    
4.50431    
4.03443    
5.28347    
3.53139    
4.26525    
4.99799    
4.76503    
5.25501    
4.51659    
4.75886    
5.01010    
4.48742    
3.78496    
4.72505    
5.46235    
4.28808    
5.70450    
5.45238    
4.03851    
5.24851    
3.29342    
5.00809    
4.95330    
5.24455    
3.55135    
4.72558    
5.25636    
4.51370    
4.96795    
4.25023    
4.71885    
4.52192    
5.66881    
4.27922    
5.51709    
3.55272    
5.45847    
4.26534    
4.47191    
4.97539    
4.97625    
4.96469    
4.50468    
4.26522    
4.72158    
5.68909    
4.73609    
4.29089    
3.30414    
5.45011    
4.28050    
4.99795    
4.51168    
3.56508    
5.24589    
5.47909    
4.75090    
4.53750    
5.72117    
4.03651    
4.24395    
5.23433    
4.27639    
4.51417    
4.27572    
5.44563    
5.22730    
4.52008    
6.18766    
4.70071    
3.79828    
5.20452    
3.55299    
4.71129    
4.26226    
4.95390    
4.98706    
4.99130    
4.53814    
4.03549    
3.79985    
4.53036    
4.73276    
5.00380    
3.30889    
4.48210    
4.49333    
4.74043    
4.75566    
4.75113    
4.05890    
5.71675    
4.25768    
4.25796    
4.75096    
4.24140    
5.69911    
4.53346    
6.16922    
5.47997    
4.30234    
5.21196    
4.76922    
4.96230    
4.49208    
3.83525    
3.53950    
4.51504    
4.03215    
5.23998    
4.49695    
4.26289    
4.50339    
5.24044    
4.27190    
4.52059    
4.75371    
4.53332    
5.00473    
4.49129    
5.02077    
4.52550    
5.48150    
5.47005    
3.78138    
4.77413    
4.24710    
5.00743    
4.04913    
4.51853    
4.99343    
4.46837    
5.01387    
3.55698    
5.25294    
4.97408    
4.03402    
4.98049    
3.77647    
4.99329    
5.45966    
4.99437    
4.76070    
3.80135    
4.48685    
4.05007    
4.29402    
5.97087    
4.24857    
5.46032    
4.72659    
4.50267    
4.73488    
4.28623    
4.27750    
4.04130    
3.55940    
4.28378    
5.46793    
4.52926    
4.75290    
4.50707    
4.97914    
4.27832    
5.00385    
4.74219    
4.48610    
4.02129    
4.99330    
4.52256    
4.24009    
5.23985    
4.26264    
5.49359    
4.75119    
4.27150    
4.02389    
4.02886    
4.98099    
4.99143    
4.97904    
4.01369    
4.25352    
4.26012    
5.65999    
3.53684    
4.48922    
4.69644    
4.48231    
4.50453    
4.03429    
4.05017    
4.97980    
5.23522    
3.54143    
5.21753    
5.45083    
4.75897    
3.80859    
5.24077    
5.21185    
5.22333    
4.75985    
4.27044    
4.06359    
4.93702    
5.21421    
4.28873    
4.74436    
4.28341    
4.51737    
4.27377    
4.99643    
5.48994    
5.50116    
4.50918    
3.58013    
4.49023    
3.05729    
4.29080    
4.27714    
4.02753    
4.04142    
3.31856    
4.98221    
4.98727    
4.72047    
5.68307    
4.53070    
4.50405    
4.03892    
4.25938    
4.24977    
4.53263    
5.24242    
5.18287    
4.52736    
4.30542    
5.20750    
4.28717    
4.74565    
4.76468    
4.29456    
4.03402    
4.73719    
4.24299    
4.05381    
4.51489    
4.71676    
4.02256    
5.48995    
5.45117    
5.25492    
3.80903    
4.54057    
4.77146    
4.03647    
4.76086    
4.74045    
4.95879    
4.50092    
5.41017    
5.19133    
4.28399    
4.99790    
4.51455    
5.22068    
4.72286    
4.75734    
3.81846    
4.97997    
5.22273    
5.46957    
4.28612    
5.93746    
5.47359    
4.28744    
3.79139    
5.00518    
5.95346    
3.80862    
4.53192    
3.78040    
4.74675    
4.78408    
5.21229    
4.51758    
4.29006    
4.00567    
4.97361    
3.55254    
4.27540    
4.29415    
4.47625    
4.04117    
4.53478    
4.71999    
5.72251    
4.50458    
5.47510    
4.50733    
4.32086    
4.26238    
4.72667    
4.24415    
5.21983    
4.03130    
4.97455    
4.76195    
4.02149    
5.44220    
4.75140    
5.46858    
4.26381    
5.45177    
4.01175    
4.98961    
4.05795    
4.00605    
4.04371    
4.75832    
4.27207    
4.99033    
4.73439    
4.77306    
4.49264    
5.95919    
4.48265    
4.29985    
4.50664    
5.25328    
4.75217    
4.51166    
4.51304    
4.76693    
4.78081    
4.73644    
4.05365    
4.99603    
5.73140    
5.22329    
4.53444    
4.26161    
4.79607    
3.55776    
4.97589    
4.94681    
5.46430    
4.71917    
4.76722    
3.31842    
5.19671    
4.74718    
5.20755    
4.51628    
4.27161    
4.00461    
5.00142    
5.22112    
4.24400    
4.98298    
4.74361    
5.00038    
4.28124    
4.53142    
4.04945    
4.50146    
5.70150    
4.50415    
4.32724    
4.50213    
4.99427    
5.00072    
3.79606    
4.76958    
4.48997    
4.97186    
4.98953    
3.80143    
4.53362    
3.56689    
4.48559    
4.75239    
4.99346    
5.44249    
4.02142    
4.74427    
4.74105    
5.22998    
5.72437    
4.99875    
4.50682    
4.28135    
3.80245    
4.74949    
4.51485    
4.99156    
4.27032    
4.27351    
5.21936    
4.93827    
4.26303    
4.23921    
5.46441    
4.73469    
4.49688    
5.45999    
4.27034    
3.76889    
5.46745    
5.20370    
4.28174    
5.23590    
5.26223    
5.95368    
4.50849    
5.47173    
4.72677    
4.75430    
5.45096    
4.96611    
4.25550    
4.28183    
4.74458    
5.19918    
4.51985    
4.74318    
4.52822    
4.00262    
3.03400    
4.97799    
4.27075    
5.68478    
5.23350    
4.01300    
4.99198    
4.48467    
4.75924    
4.74773    
4.25781    
5.21667    
4.00963    
5.23713    
4.97683    
4.05220    
4.51816    
4.99083    
4.48264    
4.52000    
3.79443    
4.75504    
4.26182    
4.72533    
4.53749    
4.49845    
5.01092    
5.18901    
4.29065    
5.47234    
4.02388    
4.27554    
3.80055    
4.74590    
4.99649    
4.55279    
4.28067    
4.49604    
5.45613    
4.79293    
3.78416    
5.22679    
4.77585    
4.99358    
3.82065    
4.98498    
4.73867    
4.74315    
5.25845    
4.75716    
4.49139    
5.22196    
5.71032    
4.99063    
4.51468    
4.74694    
5.22934    
4.76853    
4.24446    
5.25246    
4.24452    
5.71229    
4.28723    
4.96800    
5.21091    
4.30650    
3.82756    
5.92993    
5.22320    
4.26388    
3.77151    
4.98774    
4.97803    
4.51615    
3.79936    
4.23758    
4.75656    
4.03431    
5.24426    
4.28188    
5.19791    
5.21843    
3.51649    
4.76839    
4.98486    
5.21758    
4.00151    
4.02759    
3.76929    
5.21415    
4.97617    
4.03842    
5.17789    
4.94859    
5.01438    
4.03062    
4.48957    
4.29583    
5.21869    
5.28367    
4.97897    
5.23588    
5.22309    
4.75538    
4.26946    
5.46610    
5.45878    
3.54732    
4.49819    
4.97743    
3.52195    
4.71313    
5.23781    
4.77068    
4.75598    
5.01330    
4.99391    
5.23420    
5.23489    
3.05153    
4.76994    
4.73771    
4.97956    
4.28030    
4.75734    
4.78857    
5.46579    
4.54979    
5.00758    
5.24076    
4.74730    
4.26067    
4.51325    
5.44928    
4.74890    
4.52206    
5.24162    
5.45123    
4.73862    
4.52297    
4.22235    
4.04710    
4.51277    
3.53532    
4.50077    
4.48771    
4.47269    
4.26972    
4.30545    
4.54475    
4.04682    
4.96088    
3.80211    
4.50833    
5.21931    
4.47740    
4.26499    
5.92506    
4.51642    
4.49547    
4.25497    
4.03944    
4.48002    
4.73188    
4.51839    
4.74919    
5.25186    
4.47173    
5.00570    
4.52768    
5.24881    
4.03592    
5.01556    
4.25332    
3.80497    
5.01461    
4.99091    
5.43466    
4.76025    
5.26163    
4.52663    
4.02636    
4.99622    
4.54756    
4.99131    
4.97457    
4.54958    
4.78683    
5.24372    
5.20519    
4.74255    
4.75801    
5.20395    
4.71350    
4.77398    
5.22929    
4.99080    
4.51267    
3.77488    
5.20373    
4.74828    
5.45082    
4.28312    
5.52537    
4.98750    
4.99023    
4.49860    
4.26734    
4.99807    
4.73878    
4.02766    
4.05285    
4.28211    
4.24893    
5.46098    
4.00953    
4.98836    
4.48518    
5.23450    
5.22263    
4.26718    
4.53337    
4.04005    
4.03060    
4.74873    
4.72064    
5.19326    
4.99539    
4.53464    
3.79195    
4.22228    
4.73105    
4.25967    
4.50531    
4.77242    
5.01553    
4.48774    
4.72854    
4.50549    
4.51130    
4.73990    
4.97171    
4.03451    
4.74111    
5.45026    
3.77688    
5.18776    
4.55984    
4.98932    
4.49702    
4.97333    
5.68840    
3.80268    
5.45708    
5.48595    
3.78208    
4.99455    
4.76698    
4.51739    
4.72419    
4.99787    
4.03538    
6.15799    
5.47312    
5.20448    
4.27950    
5.01363    
4.98346    
4.28276    
5.50952    
4.98678    
5.24356    
4.76161    
5.19910    
5.48384    
5.19911    
4.25222    
5.22089    
4.52718    
5.25935    
4.49270    
4.02385    
4.00277    
4.49633    
4.75934    
4.76523    
5.00434    
4.23476    
3.79562    
5.22456    
5.73159    
5.19178    
4.73059    
3.28365    
4.46823    
5.26681    
5.21986    
5.21245    
4.51258    
4.25042    
4.06255    
5.69294    
5.01155    
4.51341    
4.52547    
4.48678    
4.24874    
4.49878    
3.77838    
4.05897    
5.46608    
3.05963    
4.75366    
3.56997    
4.71799    
4.74334    
3.79066    
4.48176    
3.82269    
4.74886    
4.98467    
3.79505    
5.00619    
4.95899    
4.78322    
5.45509    
4.48634    
5.22149    
4.27693    
4.29753    
4.52435    
5.44761    
5.19724    
4.95316    
4.26057    
5.46659    
4.00089    
4.73383    
5.40522    
4.29158    
5.23447    
5.43416    
5.68215    
4.27865    
4.75712    
5.44827    
3.78052    
5.44548    
4.06296    
4.99579    
4.52207    
4.04871    
4.52712    
5.23140    
4.77893    
5.23267    
4.30068    
4.24466    
3.81835    
4.77003    
4.97838    
4.73765    
4.75101    
4.27828    
6.67262    
4.98355    
4.72231    
4.26941    
4.75557    
4.50674    
3.79754    
5.49612    
5.93274    
4.74223    
4.27950    
4.53687    
5.45996    
4.97546    
5.24719    
4.77866    
5.22113    
4.75731    
5.00596    
4.49628    
4.51006    
4.73157    
4.27948    
5.01997    
4.73269    
4.23871    
4.50533    
5.44420    
5.19380    
4.75400    
5.23067    
4.46112    
4.95395    
5.19955    
4.48968    
4.52040    
4.28420    
4.53752    
4.51988    
4.97210    
3.33390    
4.26273    
4.00215    
5.46497    
4.96223    
5.22738    
4.27599    
5.21864    
4.30547    
5.70933    
4.03430    
4.24113    
5.45301    
5.21910    
4.23986    
5.47271    
3.57739    
4.52579    
5.45435    
3.99271    
5.22118    
5.48341    
4.26367    
5.22522    
5.23866    
4.52068    
4.51460    
4.28972    
4.47696    
4.24123    
4.30026    
4.53379    
4.50464    
5.46838    
4.99760    
5.47841    
5.00157    
3.53439    
4.99924    
4.25570    
4.99698    
5.47077    
4.25770    
4.99413    
4.72573    
4.96912    
4.52566    
4.02744    
4.52424    
4.71382    
5.49239    
4.78142    
4.77000    
4.99501    
5.23962    
4.48902    
6.14626    
4.45583    
3.98776    
4.98651    
4.76112    
4.98336    
4.48345    
4.79018    
5.00530    
4.27612    
4.54422    
4.03481    
4.98223    
4.29310    
4.47637    
5.20969    
4.29217    
4.74667    
4.28242    
4.55095    
5.22475    
4.01027    
4.29092    
4.31298    
5.43714    
4.74828    
4.73941    
3.98926    
5.22581    
4.51096    
4.53008    
5.00285    
4.49664    
3.97316    
4.29004    
4.50483    
4.74256    
4.50816    
4.46912    
4.03563    
4.75524    
4.53718    
5.00836    
5.43528    
4.45760    
4.02927    
4.74352    
4.96817    
3.77503    
4.73043    
4.72314    
3.55180    
4.71496    
4.74643    
4.99790    
5.21172    
4.96780    
4.74879    
4.26517    
4.51780    
5.20237    
4.97977    
4.03075    
5.22847    
4.45473    
5.43999    
4.52604    
4.52043    
5.22542    
4.28757    
4.27759    
4.73501    
4.07407    
4.77877    
5.22827    
4.03288    
4.24638    
4.74765    
4.74355    
4.52655    
5.23182    
4.98778    
4.98315    
4.06822    
4.25995    
4.29929    
4.98212    
4.99230    
4.01698    
4.47175    
4.76004    
4.01215    
5.00412    
4.98212    
4.02542    
4.73347    
4.26323    
4.50462    
3.77641    
4.73885    
4.97033    
4.80048    
4.99237    
3.55200    
5.00521    
5.18891    
4.72457    
5.00432    
4.02015    
3.59377    
5.25401    
4.98758    
3.58542    
4.50814    
4.53784    
4.51799    
5.22707    
4.74681    
4.02624    
4.53119    
3.80203    
5.70707    
4.50314    
4.50344    
4.23910    
4.77742    
4.73240    
4.28693    
4.23814    
4.98821    
4.25617    
3.58230    
4.48291    
5.04135    
4.26764    
4.71751    
4.51495    
4.24659    
5.24420    
4.76255    
4.02944    
4.26409    
4.98083    
4.28202    
4.49805    
3.81287    
4.00552    
4.53555    
4.02398    
4.98273    
4.76768    
3.78712    
4.03276    
4.27263    
5.44840    
3.56477    
5.22813    
3.06437    
4.75266    
4.49961    
4.51752    
4.27722    
4.75026    
4.73787    
4.02688    
4.50935    
4.49517    
4.76396    
4.72572    
5.01810    
4.51459    
3.80525    
4.70889    
4.69365    
4.99415    
4.50025    
4.52536    
3.31700    
3.79703    
4.52418    
5.46651    
4.06078    
5.20465    
4.50159    
4.28978    
5.47180    
4.99566    
4.28187    
4.75388    
4.96190    
4.27899    
3.54118    
4.49038    
5.47735    
4.95722    
4.73452    
4.74820    
4.76385    
4.04150    
4.72426    
5.20866    
4.74868    
4.74017    
4.76163    
5.71274    
5.92313    
5.23671    
4.00880    
4.28519    
5.45697    
4.51523    
4.26695    
5.02801    
4.75008    
5.69036    
4.53773    
5.45480    
3.58651    
4.74599    
4.73599    
5.48617    
3.76112    
3.78271    
4.73065    
5.24824    
4.75713    
4.50487    
4.98997    
4.74373    
4.03114    
4.27249    
5.23022    
4.27330    
4.51741    
4.50590    
4.29347    
3.79626    
4.01579    
4.50785    
4.04295    
4.25717    
4.29016    
3.77445    
4.78049    
4.52679    
4.97025    
3.76438    
4.04334    
5.00456    
4.04257    
4.28244    
5.46571    
5.00935    
4.71843    
4.48686    
3.54074    
4.74973    
4.02358    
3.78466    
4.52285    
5.45655    
3.78612    
4.47993    
5.24984    
4.51341    
4.72920    
4.04702    
4.50682    
4.74000    
4.55893    
4.25293    
4.03404    
5.00829    
4.04760    
5.21366    
4.28728    
4.01355    
4.98134    
4.75980    
3.52804    
4.50117    
4.23854    
4.53822    
4.75686    
4.49835    
3.76674    
4.74586    
5.20481    
4.30520    
6.44458    
4.52654    
4.02176    
3.55422    
5.22629    
4.26199    
5.92929    
3.53911    
5.22669    
5.68741    
3.77969    
4.50930    
5.20373    
5.65020    
4.26533    
4.98054    
3.04893    
5.21698    
4.74629    
4.29371    
4.04648    
5.92509    
4.78991    
4.96553    
5.45781    
4.26975    
4.03569    
4.92909    
4.75383    
4.48673    
4.25625    
3.55237    
4.05802    
3.99434    
5.42245    
5.18795    
4.26741    
4.98346    
4.99086    
5.20524    
4.97877    
4.99067    
4.76106    
4.49600    
4.97882    
4.50635    
4.74965    
4.22458    
4.96028    
5.01018    
5.50198    
4.70067    
4.26514    
4.26720    
3.79154    
4.00657    
4.24969    
4.05567    
4.75496    
4.54618    
4.97240    
4.75084    
3.56865    
4.49833    
4.01434    
4.73995    
4.25474    
4.74326    
4.77407    
5.47921    
5.21135    
4.51128    
3.82587    
3.56258    
5.21591    
5.45327    
4.96021    
4.49045    
5.22050    
4.76486    
4.72614    
5.43415    
5.19189    
4.25213    
5.70197    
4.50591    
5.73940    
4.04096    
4.72796    
5.22464    
3.07317    
4.48568    
4.27555    
5.22538    
4.51746    
3.80474    
4.25580    
4.98465    
5.68921    
5.44351    
5.19539    
4.75254    
4.99343    
5.46763    
4.01543    
5.49128    
5.22378    
5.18857    
5.69808    
4.75093    
5.00548    
4.99462    
4.99196    
3.56418    
4.50725    
4.49525    
4.76805    
4.73305    
4.52639    
4.23363    
5.00150    
4.49308    
4.55196    
4.51647    
5.45029    
4.99862    
5.47201    
4.50660    
5.00682    
4.75572    
4.76230    
3.77593    
4.48838    
5.23550    
3.30152    
5.70035    
4.49959    
3.30374    
4.46729    
3.57028    
4.47834    
4.05931    
4.51682    
5.02067    
4.46498    
4.53018    
5.21555    
4.26617    
4.22262    
4.74180    
4.23160    
4.72439    
4.73873    
4.97975    
4.77740    
4.73516    
4.73114    
4.52955    
4.99517    
4.96093    
4.99634    
3.54966    
3.78275    
5.22389    
4.97627    
4.02202    
5.72298    
4.98646    
4.28441    
4.52090    
4.29615    
4.27775    
3.08042    
5.45521    
3.07240    
4.50947    
4.51877    
4.95954    
4.48008    
4.53932    
4.47997    
3.76679    
5.21698    
5.94776    
3.76969    
5.22729    
5.71259    
5.96526    
5.41457    
4.95688    
4.79535    
4.74333    
4.50941    
4.02488    
3.99789    
4.74536    
4.54256    
4.53510    
5.03530    
4.80417    
5.47149    
4.49831    
4.76020    
4.99003    
4.53059    
5.94043    
4.73356    
4.04228    
4.04930    
5.71622    
4.97134    
5.25119    
4.07582    
5.71490    
4.76785    
5.42176    
3.57350    
4.73949    
5.45305    
4.76597    
4.97047    
5.22090    
4.26111    
4.97785    
4.01979    
5.00402    
4.28807    
4.77512    
3.51118    
4.99351    
4.49054    
5.45959    
5.23218    
4.76043    
4.75462    
5.00467    
5.24021    
5.01066    
4.26025    
5.20412    
3.75910    
5.47517    
4.69305    
4.25834    
4.73730    
3.80060    
4.50054    
5.46355    
4.98234    
4.72963    
3.06955    
5.47715    
3.54287    
3.77898    
4.51576    
4.73499    
4.02991    
4.98902    
4.51956    
4.28202    
4.74209    
4.99903    
5.22541    
4.73961    
4.51551    
5.46663    
4.25501    
4.98712    
4.75100    
4.52597    
4.54264    
4.74630    
4.01553    
4.98222    
5.69073    
4.27297    
5.47935    
3.79549    
3.75035    
5.94060    
4.78083    
5.68318    
4.28005    
4.26057    
4.49679    
4.27068    
4.50127    
4.74023    
4.49706    
4.52028    
4.28625    
5.00993    
4.28066    
4.77107    
4.97565    
5.43705    
4.97500    
4.50336    
4.74232    
4.71605    
5.70266    
4.97145    
4.50288    
4.48658    
3.82582    
4.47126    
4.05706    
4.22679    
4.74727    
4.54366    
4.22711    
5.20652    
5.46403    
4.71883    
4.74854    
5.21022    
4.54614    
4.27169    
4.74289    
3.82100    
4.74865    
5.94615    
3.77319    
5.70725    
4.77503    
4.26746    
4.72401    
4.24317    
4.04251    
4.77406    
4.96814    
4.52385    
4.49785    
5.49116    
4.27475    
4.77461    
4.98947    
4.25896    
5.01512    
5.47733    
4.50494    
5.70020    
3.80578    
3.81967    
4.26213    
4.48663    
5.24124    
3.76680    
4.75506    
4.50492    
5.20515    
3.82780    
4.99436    
4.97228    
5.43563    
4.52526    
5.00165    
4.53117    
4.73723    
5.45632    
4.50506    
4.50766    
3.79489    
4.77268    
5.45478    
5.23132    
4.27976    
4.52064    
4.71692    
4.51396    
4.27081    
5.48464    
4.73089    
5.94469    
4.29945    
4.47507    
4.73012    
4.52550    
4.27259    
5.45141    
5.03425    
3.53807    
4.73355    
4.50329    
4.29190    
4.97668    
4.72302    
3.30209    
4.73350    
4.49231    
4.97647    
5.69707    
4.73575    
5.70560    
4.52077    
4.48766    
4.74121    
4.52738    
4.05447    
4.51196    
4.98825    
4.53832    
4.98638    
4.27096    
4.02913    
3.55027    
4.02020    
4.75233    
5.22848    
4.97816    
5.00728    
4.75398    
5.70442    
4.28365    
5.47486    
4.74679    
3.58308    
4.25091    
4.72935    
5.20651    
5.48694    
4.74624    
4.31034    
4.24717    
4.49516    
4.75582    
5.23447    
4.98426    
4.98069    
4.52745    
4.26580    
5.72845    
4.75274    
4.50125    
4.75204    
4.95355    
4.27647    
4.06475    
5.69814    
4.49676    
4.76200    
5.46833    
5.48493    
5.23152    
5.50575    
4.26703    
5.48147    
4.51930    
4.51151    
5.42784    
5.20167    
4.24083    
5.00180    
5.96155    
5.96586    
4.26711    
4.51845    
3.50969    
5.69865    
4.06287    
4.49987    
4.47203    
5.44622    
4.25829    
4.73670    
3.81665    
4.78564    
4.03487    
4.98673    
5.22151    
4.50380    
3.84964    
4.76462    
4.75263    
5.48717    
5.23874    
4.77081    
4.98330    
5.23515    
4.28373    
5.22348    
4.74511    
3.30746    
3.98443    
4.99808    
4.25949    
4.31557    
4.75447    
5.24036    
5.45835    
4.26691    
4.51155    
4.50750    
4.52246    
4.48767    
4.72893    
5.45686    
4.03415    
3.76870    
5.44554    
4.50302    
4.98215    
5.47919    
4.75437    
3.77549    
4.74364    
4.52302    
5.22580    
4.26545    
4.02725    
3.99950    
4.51420    
4.07065    
4.74944    
5.22576    
4.54524    
4.55011    
4.74667    
5.47363    
4.52509    
4.53045    
3.29868    
4.47980    
4.48780    
4.27120    
5.92243    
4.47416    
4.27698    
5.00492    
5.22348    
4.70584    
4.04200    
4.76095    
4.02663    
5.67669    
4.98521    
4.50622    
4.50528    
5.23746    
5.20661    
3.55548    
4.24769    
4.75239    
4.28610    
5.00691    
4.48868    
4.95577    
4.25715    
3.78629    
4.98850    
5.70160    
4.72707    
5.71923    
5.00388    
4.25718    
5.48068    
4.73493    
4.50624    
4.52240    
4.07167    
4.79230    
4.28018    
4.76939    
3.83353    
4.49529    
5.21579    
5.24720    
4.49944    
4.54638    
4.27970    
5.01949    
4.25637    
5.02494    
4.29737    
4.77601    
3.82211    
5.48455    
4.97009    
4.01995    
4.48046    
5.24227    
4.48713    
3.81023    
4.50270    
4.76229    
4.75272    
4.02706    
4.99657    
4.75501    
4.29598    
4.51195    
4.51669    
4.95750    
5.66913    
5.20649    
5.66130    
4.26024    
4.49856    
5.24232    
4.50225    
3.79464    
4.97198    
5.24104    
3.35675    
4.95594    
4.25286    
5.49607    
5.23208    
5.00514    
4.76592    
4.24591    
5.02092    
5.49851    
5.45504    
4.28996    
5.47784    
4.04234    
4.49924    
3.58354    
5.46108    
4.72875    
5.66906    
4.53251    
4.04046    
4.28039    
4.25921    
4.49133    
4.26757    
4.74130    
4.97944    
4.00723    
4.49396    
4.76203    
5.94844    
4.25372    
4.76662    
4.51767    
4.51931    
4.30347    
4.71091    
5.00561    
5.00538    
4.04102    
4.01437    
3.56118    
4.80305    
4.51330    
4.03798    
5.47391    
4.51187    
4.29407    
4.03336    
5.00493    
4.48487    
4.22599    
4.73429    
4.73827    
5.44206    
4.52709    
4.28489    
4.78696    
4.28200    
3.54470    
4.49941    
4.97095    
4.02856    
3.10218    
4.50065    
6.18628    
4.75938    
3.55468    
5.22168    
3.77471    
5.18206    
4.29323    
4.50154    
4.28879    
4.69978    
5.21337    
4.24878    
5.19467    
4.98642    
4.50945    
4.72121    
4.46591    
4.74637    
4.51499    
4.50574    
4.28772    
4.28391    
5.23478    
4.74192    
4.02499    
4.95610    
4.49355    
5.20006    
4.02145    
4.50253    
4.50098    
4.96991    
5.24720    
4.74601    
4.48731    
4.52012    
4.50170    
5.22745    
5.01904    
4.96992    
4.26326    
4.81173    
3.99410    
4.52667    
4.26193    
4.50578    
4.47508    
4.28588    
4.51065    
4.72023    
3.78765    
4.73631    
4.99882    
4.98044    
3.58011    
3.29990    
4.51636    
4.74042    
4.96293    
5.46725    
4.99036    
3.98816    
4.03698    
5.70769    
4.74632    
4.96613    
5.24642    
5.44046    
4.27515    
4.75863    
3.78902    
4.50841    
4.50567    
4.72563    
4.50823    
4.51587    
4.05381    
5.71031    
4.05471    
4.51359    
5.47597    
4.76739    
5.68525    
4.98605    
6.17727    
5.44063    
5.44458    
4.49473    
4.75121    
4.03121    
4.52825    
5.70796    
5.00638    
4.47652    
4.25409    
4.54463    
4.99274    
5.00444    
4.72917    
3.54752    
5.93577    
4.73184    
4.26869    
4.04097    
4.30031    
4.52020    
3.58394    
4.75148    
5.25389    
4.72650    
4.28757    
5.23097    
5.21447    
5.47724    
4.74240    
3.55593    
4.26564    
3.80252    
4.52266    
3.80042    
5.00126    
5.22656    
4.97575    
5.72139    
3.77049    
4.50819    
4.49219    
4.47254    
5.21864    
3.79005    
3.78330    
5.23091    
4.72952    
4.04359    
5.22000    
4.00048    
5.92303    
4.96780    
4.96517    
4.74175    
4.51818    
4.03291    
4.28696    
4.98715    
3.81661    
5.69856    
5.71201    
4.79392    
5.44278    
4.53034    
5.48065    
5.23176    
4.99945    
3.55197    
3.75320    
4.04571    
4.74592    
5.45547    
4.26037    
4.50236    
4.96216    
4.25883    
4.72488    
4.48926    
5.44876    
4.75296    
5.02384    
4.28814    
4.72946    
4.77583    
4.49531    
4.26693    
4.99263    
4.52140    
4.98708    
4.52138    
4.03332    
5.52142    
4.96410    
4.28271    
5.25540    
5.00302    
5.20296    
4.06581    
4.25161    
4.49679    
4.22306    
5.96199    
4.27721    
4.98406    
4.74211    
4.75967    
4.27132    
4.98771    
5.23486    
4.73005    
3.81619    
5.20988    
5.46849    
5.00331    
5.44396    
5.26135    
5.22383    
3.79776    
4.74440    
5.50334    
5.26203    
4.04287    
3.79350    
3.32150    
4.52111    
4.75502    
4.95956    
4.29557    
5.43034    
5.92362    
4.49996    
4.51587    
3.59323    
4.29041    
4.29514    
4.94916    
5.23514    
4.03375    
4.02363    
4.23144    
3.78902    
4.98042    
4.76500    
3.53062    
4.26379    
4.04230    
4.48816    
4.78178    
4.24533    
3.32956    
4.78413    
4.76464    
5.00460    
4.51201    
3.82575    
5.90814    
4.47860    
4.03794    
4.76839    
4.30206    
3.82579    
4.49192    
4.70824    
4.50070    
5.46245    
4.75917    
4.98676    
3.80232    
3.99299    
4.26349    
4.74376    
5.21967    
4.73991    
4.08727    
5.21686    
4.23789    
3.54180    
3.52668    
4.74661    
5.46046    
5.19292    
4.04714    
4.99824    
4.00225    
5.45082    
4.26417    
4.54427    
3.53879    
5.24808    
4.26612    
5.03145    
5.22334    
4.73601    
4.77053    
3.53266    
4.75481    
4.75424    
3.78817    
4.26903    
5.19709    
5.68373    
5.25000    
4.96842    
3.79077    
4.71988    
4.28159    
3.79461    
5.00373    
4.28506    
4.96442    
4.76784    
4.51016    
4.96993    
4.99907    
4.75453    
5.95917    
5.03066    
4.02836    
4.24846    
4.53383    
4.26937    
5.00484    
5.23812    
4.96543    
5.23082    
4.96290    
4.98201    
4.28811    
4.24269    
4.50091    
4.72601    
4.23821    
5.45933    
5.22058    
5.45694    
4.51260    
4.01949    
4.97618    
4.49444    
4.00545    
4.99909    
4.02003    
4.97431    
5.22776    
4.74145    
4.75014    
5.26207    
5.48482    
4.96659    
4.50188    
4.48204    
5.24758    
4.74837    
3.53312    
5.47246    
4.98651    
4.99148    
4.75752    
4.96663    
5.21235    
4.49968    
5.18815    
5.73224    
4.26791    
4.23636    
5.00202    
5.47350    
4.75683    
4.48314    
5.21762    
3.78905    
3.79406    
5.45086    
4.52110    
4.47237    
4.74660    
4.02375    
5.21177    
5.20083    
4.99340    
4.52517    
5.17841    
4.51402    
4.78558    
4.53195    
4.74087    
4.75434    
5.91563    
4.73338    
3.78834    
4.99093    
4.75897    
4.99218    
5.45726    
4.49363    
4.99878    
5.69944    
4.26865    
4.52975    
5.68692    
4.99808    
4.53065    
4.50335    
4.50406    
4.23913    
4.52627    
5.20860    
4.95312    
4.29095    
5.47932    
6.16633    
4.00006    
4.26819    
4.25866    
4.03482    
4.27566    
5.20630    
4.97999    
4.74880    
4.75923    
4.05846    
3.57098    
4.51720    
5.20564    
4.52409    
4.51612    
4.98569    
4.74142    
4.26866    
5.01417    
4.54277    
4.47116    
4.24473    
5.00905    
4.71306    
4.73969    
4.99630    
4.71575    
4.26718    
4.01081    
4.50221    
3.77629    
4.28521    
4.77492    
4.73822    
4.01053    
4.24114    
4.49737    
4.99094    
4.74676    
4.73180    
4.72251    
4.07234    
4.76201    
4.02472    
3.32576    
5.00062    
4.52742    
3.33228    
3.53295    
4.78462    
4.99741    
4.26397    
4.52400    
4.53397    
5.01184    
4.98214    
4.70975    
4.50793    
4.27501    
4.24934    
4.76959    
4.77228    
4.01828    
5.44959    
4.95531    
5.20073    
5.45482    
4.99950    
3.77808    
4.51813    
5.45523    
5.94090    
5.20728    
5.00673    
4.74375    
4.25059    
5.73631    
4.97462    
4.28268    
3.79992    
4.53295    
4.53046    
5.43238    
4.74072    
4.99130    
4.77501    
4.51878    
5.67089    
4.73733    
5.20573    
4.27542    
5.70801    
4.54126    
4.02931    
4.28298    
4.71198    
4.50713    
5.24527    
4.50433    
4.53209    
4.76586    
4.52017    
4.47522    
4.02341    
3.54249    
5.45237    
3.80056    
5.00082    
5.02649    
4.48769    
5.02151    
5.48109    
4.04530    
4.50268    
4.47773    
3.76304    
4.50597    
4.26669    
5.43839    
4.02423    
4.24702    
5.20338    
6.21392    
3.52497    
5.22627    
4.49827    
4.26905    
4.49796    
5.20794    
5.46568    
4.47946    
4.76897    
4.77830    
4.28803    
5.22688    
4.73875    
4.48160    
4.04180    
5.22665    
4.30619    
4.48940    
5.24842    
4.27482    
4.27253    
4.76860    
4.53556    
5.23756    
4.28731    
3.80010    
4.50947    
4.51952    
4.01747    
4.95194    
4.06396    
5.20805    
5.19022    
4.26496    
4.27013    
4.05753    
5.95704    
4.04751    
4.28503    
3.77247    
4.99519    
3.77821    
4.46980    
4.28852    
4.55016    
4.47256    
5.48676    
4.72638    
3.55742    
4.29661    
4.53027    
5.01849    
4.98042    
5.47562    
5.22477    
4.76802    
4.72749    
5.00764    
4.51780    
4.49966    
4.26731    
5.49145    
4.72964    
4.48918    
5.19986    
5.22330    
4.51214    
5.21940    
4.99255    
4.53143    
4.02239    
4.99218    
4.49514    
3.81454    
4.74949    
4.75343    
4.75778    
4.79088    
5.22988    
3.28069    
5.49323    
4.04696    
4.48022    
5.21303    
5.22173    
4.28316    
5.24894    
4.29459    
4.54982    
4.27177    
6.19406    
4.03257    
5.46925    
5.48122    
4.47641    
4.03689    
4.00966    
4.95237    
4.77737    
4.49271    
4.75535    
5.01362    
3.57858    
5.72035    
4.97147    
4.51753    
4.31096    
5.18597    
4.97069    
4.70400    
4.26259    
5.66446    
3.53903    
4.50996    
4.98048    
4.74891    
5.22843    
3.78705    
4.70483    
4.99078    
5.20781    
4.72669    
5.72780    
5.45174    
4.49003    
4.73737    
5.70930    
3.79826    
4.50027    
4.51458    
3.81398    
4.49310    
4.51139    
5.46489    
4.54721    
4.73075    
4.98389    
4.75497    
6.44694    
4.51884    
4.77077    
5.00838    
5.23843    
4.97537    
4.76994    
4.28172    
4.26415    
4.01497    
4.75449    
4.49708    
4.97518    
4.77601    
4.03678    
4.99666    
4.05428    
4.73905    
4.24405    
4.77838    
4.97909    
4.06633    
4.52207    
4.27790    
4.48138    
4.49121    
2.80680    
5.67419    
4.00406    
5.22671    
4.25506    
4.99775    
4.25435    
4.78206    
4.95898    
4.05311    
4.97517    
3.81849    
4.97221    
5.47571    
4.49337    
4.01350    
3.82822    
5.20008    
4.03955    
4.99922    
4.73917    
3.53836    
3.54816    
4.23737    
4.48530    
4.26097    
4.75670    
4.04729    
5.21987    
3.33078    
4.03499    
4.97366    
4.04227    
4.76763    
4.50927    
5.47405    
4.27044    
4.27440    
4.49965    
3.80981    
4.54483    
4.75899    
4.25540    
4.28564    
5.20417    
5.73830    
3.79863    
5.46041    
4.74400    
4.03449    
4.01221    
5.67780    
4.49683    
4.05666    
5.70672    
4.02907    
3.99560    
4.27943    
5.92217    
4.06493    
4.54896    
4.73574    
4.07786    
5.21266    
4.27240    
4.54069    
4.74119    
3.78472    
5.47070    
5.00555    
5.19280    
3.81423    
4.74908    
5.47438    
5.46206    
3.82334    
5.25041    
3.57102    
4.97283    
3.81536    
4.51048    
4.72965    
5.48214    
4.97652    
4.30352    
3.78516    
5.46209    
5.45363    
5.69431    
3.55492    
5.20873    
4.28422    
4.05404    
4.51557    
3.53753    
5.22824    
4.77765    
4.96738    
4.28019    
4.96058    
3.77673    
3.55461    
4.74919    
3.99786    
3.77501    
4.74812    
4.96592    
3.78901    
5.45665    
4.78950    
5.20722    
4.75054    
4.52734    
4.75440    
5.94140    
4.71932    
4.99002    
4.02414    
4.47502    
4.48734    
4.75654    
4.26025    
4.78487    
4.73569    
4.25444    
4.26580    
5.71375    
4.25097    
5.00827    
4.49873    
3.57065    
4.48843    
4.26686    
3.79075    
4.27259    
4.26881    
6.16879    
5.23661    
3.53711    
3.54260    
4.76778    
4.27289    
5.24916    
4.26704    
4.52167    
4.76962    
4.27877    
4.72386    
4.98064    
5.18768    
4.48570    
5.25741    
4.53067    
4.52302    
4.73945    
4.48746    
4.47909    
4.27006    
4.49840    
4.99016    
4.49960    
3.54688    
4.76879    
4.74151    
3.55634    
4.25083    
5.92007    
3.54802    
5.22491    
4.74019    
5.20729    
4.52667    
4.98838    
4.96168    
3.78603    
5.21425    
4.73005    
4.48880    
4.02255    
4.74119    
5.21500    
4.51863    
4.72282    
4.73513    
4.76286    
5.46440    
5.20200    
4.46708    
4.50913    
4.78842    
4.70724    
4.50089    
4.70893    
4.94371    
4.99822    
4.52898    
4.74932    
5.48021    
5.69008    
4.76115    
4.27973    
4.54991    
4.48629    
5.46150    
3.80555    
4.75184    
4.75164    
4.75262    
4.26632    
3.30406    
4.73872    
5.47662    
4.74530    
4.95974    
4.76844    
5.45831    
5.20138    
5.00260    
5.20342    
4.75656    
4.74450    
4.28129    
4.49261    
4.27721    
5.02293    
3.54699    
4.73427    
4.47938    
4.99108    
5.97576    
5.21971    
4.74336    
4.75857    
4.99870    
4.49332    
5.96743    
3.77721    
3.31249    
4.01588    
4.74273    
4.27854    
4.49969    
5.19501    
5.00712    
5.44165    
3.79049    
5.45413    
4.30364    
4.26504    
4.74873    
4.74456    
4.99059    
4.96386    
4.24738    
4.77421    
5.21997    
5.45107    
4.76341    
5.50303    
4.50063    
4.05469    
4.50692    
4.26369    
4.98792    
5.71038    
5.48124    
4.99982    
4.25617    
4.49575    
4.07277    
4.72774    
4.04135    
4.96250    
4.27733    
5.21944    
4.76635    
4.75662    
3.31391    
5.20777    
4.02342    
5.46113    
4.55886    
4.76088    
5.00274    
4.73982    
5.00649    
5.22322    
5.24421    
3.80490    
4.95500    
4.75305    
4.01680    
5.21874    
5.73001    
4.75561    
4.26353    
4.99960    
4.24362    
5.00941    
4.72710    
5.46401    
4.98169    
4.73767    
4.75627    
4.02687    
5.24787    
4.97507    
3.79500    
4.26105    
4.50888    
5.46989    
4.05180    
4.72512    
5.23357    
4.76105    
3.57566    
5.00033    
4.29662    
4.27555    
4.76172    
4.97231    
4.26693    
4.76872    
5.46289    
5.67722    
4.99367    
4.75514    
4.75376    
4.01219    
5.21394    
4.03160    
5.23298    
4.75663    
4.77421    
4.05357    
4.97957    
4.51134    
4.96431    
5.00211    
4.51814    
4.50876    
4.77771    
4.25476    
4.03354    
3.75507    
4.27484    
4.49511    
4.73227    
4.96762    
4.51531    
4.78040    
5.22855    
5.47895    
4.28627    
4.29252    
4.50751    
4.73906    
3.78943    
5.45854    
4.75138    
4.77174    
5.21888    
4.27140    
3.81989    
5.22937    
3.76398    
4.50296    
5.21843    
4.49946    
3.78406    
4.99952    
4.77649    
4.74527    
4.28387    
4.75820    
5.22010    
4.49045    
4.97312    
5.46739    
4.97071    
4.75163    
5.23519    
5.70167    
4.73343    
5.23955    
4.28916    
4.52058    
4.75681    
4.99318    
5.24408    
4.98048    
5.23018    
4.49861    
4.98409    
5.45770    
5.46304    
5.68464    
3.79659    
3.55505    
4.50614    
4.53607    
4.26645    
3.79630    
4.75494    
4.25301    
5.22258    
3.59214    
4.50556    
4.72387    
5.21831    
4.96615    
4.26295    
4.24380    
4.52321    
4.72434    
4.73738    
4.01826    
5.00136    
4.73509    
5.22832    
4.04149    
5.47201    
4.75884    
5.21374    
4.77369    
4.97993    
5.01326    
4.25093    
4.01596    
4.05464    
3.30175    
4.99829    
4.74535    
3.53697    
4.03859    
4.75290    
5.22237    
4.73123    
4.25232    
5.02099    
5.23019    
5.25936    
5.49245    
4.99506    
4.51432    
4.05456    
4.50119    
5.46799    
3.78484    
4.30630    
4.50613    
4.25876    
5.43209    
4.52513    
4.02613    
4.74829    
4.98691    
4.24379    
4.04800    
4.05096    
5.46223    
5.24636    
3.78215    
5.01268    
4.97858    
4.98004    
4.30770    
5.97757    
5.23458    
4.96130    
4.75527    
5.24737    
4.54594    
4.52601    
3.81816    
5.93118    
4.99932    
4.73746    
4.73453    
4.26431    
4.49310    
4.31128    
4.29598    
4.50780    
5.51104    
4.26550    
4.28001    
4.74803    
5.19285    
4.55382    
3.75659    
4.24911    
5.46333    
4.74181    
4.75379    
4.03954    
4.98880    
4.50174    
5.25219    
4.72550    
5.70121    
4.04430    
4.96679    
4.51379    
3.06857    
4.76029    
5.00827    
4.49543    
5.23316    
4.75496    
4.75488    
4.52127    
4.51162    
4.76343    
4.74175    
4.76526    
5.92314    
5.43335    
3.56504    
5.00479    
5.71169    
4.04789    
4.52115    
4.04700    
5.46142    
4.00455    
4.76434    
4.96609    
4.05553    
5.24890    
3.81074    
5.22170    
4.98044    
4.28838    
4.24064    
4.98130    
4.04202    
5.03725    
4.98565    
4.04284    
4.71630    
4.29259    
5.24377    
5.23096    
5.23198    
4.01224    
3.81186    
4.75058    
4.93973    
4.26415    
4.26196    
4.47589    
4.98644    
4.01813    
5.00715    
4.49957    
5.22111    
3.79387    
4.73526    
5.71860    
5.24616    
5.02406    
3.80127    
4.51751    
5.00452    
4.98162    
4.00892    
4.74470    
4.74704    
3.54168    
4.77250    
5.45697    
4.51321    
5.23021    
4.76019    
3.56763    
4.76156    
5.01242    
4.27835    
4.03523    
5.49187    
4.25808    
4.49579    
5.47528    
4.02676    
4.73893    
4.45957    
4.26939    
4.76729    
4.29328    
4.00952    
4.98760    
5.00408    
4.29585    
4.71283    
4.52040    
5.67663    
3.56272    
4.75714    
5.23679    
4.01404    
4.48804    
4.06206    
5.68388    
4.49121    
2.81191    
5.45250    
3.27401    
4.47060    
4.51286    
4.25540    
4.01304    
4.73855    
4.72300    
4.52038    
4.26872    
4.76242    
5.18737    
4.98931    
5.48393    
4.97092    
4.69854    
5.21818    
4.04661    
4.48256    
4.99769    
5.25153    
4.73418    
4.73094    
5.92321    
5.70561    
4.51335    
5.73234    
4.75248    
3.97334    
5.42327    
5.20833    
4.54018    
4.99875    
4.98888    
4.48214    
6.39673    
4.99478    
4.73713    
3.30997    
4.74565    
4.00637    
4.48651    
5.23611    
4.27780    
5.64981    
4.75428    
5.71606    
5.23781    
5.01076    
4.99560    
4.26191    
4.50510    
3.78557    
4.47873    
4.02363    
4.97586    
4.74230    
5.46402    
4.75373    
5.21701    
5.00673    
5.72948    
4.52268    
4.22280    
6.43081    
4.73234    
5.43532    
3.78493    
4.71989    
4.00321    
4.74739    
5.19160    
4.49399    
5.44013    
4.25920    
4.53582    
4.99315    
4.25067    
4.26604    
4.78907    
4.24632    
4.76279    
3.57476    
4.69793    
5.48438    
4.50100    
4.75761    
4.96214    
4.73002    
4.95926    
4.50661    
5.00642    
4.51056    
4.07161    
4.72574    
4.97977    
4.51575    
4.28103    
4.72423    
4.71259    
4.75179    
5.43973    
4.27228    
4.02478    
4.79098    
5.24117    
5.47103    
5.19161    
4.51793    
4.25011    
4.48132    
4.97535    
3.31336    
4.74591    
5.00952    
4.26061    
4.75495    
5.48648    
4.28473    
4.52970    
4.50268    
4.02993    
4.24124    
4.98642    
4.74686    
5.18655    
5.23631    
4.99901    
5.48251    
5.01770    
4.25992    
4.48534    
4.52289    
4.46669    
4.24708    
4.02726    
5.19866    
4.76108    
4.97727    
5.97858    
4.52964    
4.75439    
4.53413    
5.44730    
4.48857    
4.24211    
5.24700    
4.29763    
5.71750    
4.25727    
5.46585    
4.72737    
5.23803    
4.01826    
4.74562    
5.18313    
4.76091    
4.97689    
3.76620    
5.26303    
4.55060    
5.00108    
4.77485    
4.29524    
4.73442    
4.29987    
5.23208    
4.97530    
4.93617    
4.51493    
5.26605    
5.22864    
4.98421    
4.78705    
4.29850    
5.17768    
4.08439    
6.18591    
4.04833    
4.74534    
4.75827    
5.47539    
4.74230    
4.51717    
5.46650    
4.28286    
5.94896    
4.98675    
4.23619    
3.57342    
4.98242    
5.00279    
5.21298    
5.48904    
4.50729    
5.46129    
5.27780    
4.53242    
3.76772    
5.22346    
5.20503    
4.50381    
4.77235    
3.99454    
3.80108    
4.51604    
4.50878    
4.25962    
3.81511    
4.27930    
3.82372    
4.73840    
5.23373    
4.26608    
4.99335    
4.97903    
5.20596    
4.72927    
5.19413    
3.82167    
4.97581    
4.48341    
4.75493    
3.78751    
3.78940    
4.75951    
4.01674    
4.52044    
4.51523    
5.45418    
5.21062    
3.80149    
4.77838    
4.26119    
4.31967    
4.99035    
4.03764    
6.20986    
4.27268    
4.97517    
4.03852    
4.51542    
4.75593    
4.74483    
3.81517    
5.23354    
4.99904    
5.24985    
5.23303    
4.72278    
5.24211    
4.98003    
4.25863    
4.98464    
5.68404    
4.97623    
5.00353    
4.75626    
4.49365    
4.06670    
4.02247    
4.73527    
3.99453    
5.21738    
4.96732    
4.00242    
5.24033    
5.23902    
4.96495    
5.22546    
4.70677    
4.30716    
5.00443    
3.53993    
4.50499    
4.27433    
4.46189    
4.97004    
4.26989    
4.73880    
3.79209    
4.98493    
4.53360    
4.73866    
5.47317    
4.02442    
4.99298    
4.70691    
4.30134    
4.98191    
4.74295    
4.25081    
5.01220    
4.98269    
4.97360    
4.75054    
5.02081    
5.21226    
4.95649    
4.99105    
4.99765    
5.99223    
4.48676    
4.77349    
5.24632    
4.99330    
3.29973    
4.48492    
4.50117    
4.72914    
4.50442    
3.55983    
4.73940    
4.04245    
3.77873    
5.43470    
4.76020    
5.48191    
4.96603    
4.49021    
4.72702    
5.24231    
4.99602    
4.97541    
4.74808    
4.74976    
4.51703    
5.69422    
4.77862    
4.51020    
4.74711    
5.21351    
4.98458    
4.51404    
5.18858    
4.03099    
3.55102    
4.03820    
4.51377    
5.23487    
5.45443    
4.50826    
4.52625    
5.00272    
4.25914    
3.76137    
4.94958    
4.72581    
4.76129    
6.17641    
4.98092    
4.50905    
5.21657    
4.98041    
4.50126    
5.24409    
4.30044    
4.24429    
4.48639    
4.51516    
5.46068    
4.77220    
5.02358    
4.04737    
3.81086    
4.73943    
3.77937    
4.72332    
4.50591    
4.25086    
4.71709    
4.75646    
4.99068    
4.49470    
5.68907    
4.72979    
4.76652    
4.75926    
5.43519    
4.51428    
4.72827    
4.76660    
5.23486    
5.22806    
4.29192    
5.23666    
5.22083    
5.49050    
4.97661    
3.54686    
5.21215    
4.03801    
5.26112    
4.27116    
4.26361    
3.77854    
4.50634    
5.44286    
5.23188    
5.45653    
6.20131    
4.75841    
5.71081    
4.48862    
4.50563    
4.74117    
5.47078    
4.97626    
4.51448    
4.25269    
5.70505    
4.99021    
4.75484    
4.28263    
4.50328    
4.77856    
4.76915    
5.48518    
5.26805    
5.22930    
5.90343    
5.24152    
4.26563    
4.03921    
4.96874    
4.03124    
5.44302    
4.96414    
4.26715    
4.98043    
4.74743    
4.25204    
3.57868    
4.75100    
4.75907    
4.27811    
4.28035    
4.76928    
4.27103    
5.25454    
5.72088    
5.21272    
4.71604    
3.58654    
4.93997    
4.30239    
5.96925    
4.73199    
4.77571    
4.50092    
3.81184    
5.22727    
4.28939    
4.76360    
4.25589    
4.53221    
3.33795    
4.48842    
4.95571    
4.72491    
4.76340    
3.75156    
5.47235    
4.76229    
5.48353    
4.52439    
4.48892    
5.22163    
5.20554    
4.26760    
3.57273    
5.21869    
5.44560    
4.06186    
5.47694    
5.95104    
4.99471    
4.30713    
5.95303    
4.99117    
4.49637    
4.73012    
5.25103    
5.23988    
4.51263    
5.00339    
4.75102    
4.74592    
4.29146    
5.71434    
4.00359    
4.48661    
5.92504    
4.07681    
4.27807    
5.47359    
4.74979    
5.25903    
4.52117    
5.45608    
5.48799    
5.19770    
4.75941    
4.27729    
4.02711    
4.24639    
4.45574    
4.51614    
5.67273    
4.96963    
4.76172    
4.49921    
4.50602    
5.01260    
4.48735    
4.29577    
4.99758    
5.19341    
5.26104    
4.25834    
4.27475    
4.28324    
5.00109    
4.74991    
4.99315    
4.00774    
4.52960    
4.51490    
4.74522    
5.24080    
5.23576    
5.20819    
5.25167    
3.77385    
3.55921    
5.24077    
5.19662    
4.98280    
3.53153    
4.27401    
5.00225    
4.76224    
4.51029    
4.50613    
4.98753    
5.49360    
4.05672    
4.71926    
5.21297    
4.97071    
4.27192    
5.00357    
3.82883    
5.01960    
4.73722    
5.72575    
4.74231    
4.25255    
5.72097    
4.23908    
5.22152    
5.50862    
4.06047    
4.53478    
4.95784    
5.23545    
4.77082    
4.26524    
4.73963    
4.30953    
4.95766    
4.99608    
4.97086    
4.02859    
4.26653    
4.99367    
4.03084    
3.55746    
5.21208    
5.25453    
5.46545    
4.76653    
4.99654    
4.73308    
4.27620    
4.98962    
5.21523    
5.01583    
4.24887    
3.81250    
5.94639    
4.51682    
4.75490    
4.03111    
4.77415    
4.77259    
4.75434    
3.55873    
4.46582    
5.92948    
4.53764    
5.48583    
5.18039    
4.51359    
5.48421    
5.01797    
4.74004    
4.74185    
5.24501    
4.26671    
4.74005    
4.51025    
4.24898    
3.78393    
4.48416    
4.26339    
4.74587    
4.51039    
4.51549    
4.26144    
4.98338    
4.51537    
4.73656    
4.48901    
5.22804    
4.01121    
5.70382    
4.25014    
5.44221    
4.27624    
4.75208    
4.49847    
5.02481    
4.98233    
4.76082    
4.95523    
4.78972    
4.51139    
4.75459    
4.98311    
3.80504    
4.72200    
5.25122    
4.97720    
4.96884    
4.02943    
4.47337    
4.97726    
4.28659    
4.75987    
4.99426    
4.03245    
4.51884    
4.72338    
4.76223    
5.21598    
4.30858    
4.74139    
4.49215    
4.28617    
5.02778    
4.25735    
4.29765    
4.28448    
5.47254    
4.00964    
4.46841    
4.28342    
4.98086    
3.57979    
4.97912    
4.74050    
4.03541    
5.46905    
5.19118    
5.69621    
4.50324    
5.22600    
4.50521    
4.72899    
4.49106    
4.99647    
4.72528    
5.20854    
4.22618    
4.98694    
4.28395    
5.67908    
5.24493    
4.26760    
5.22490    
5.21801    
4.76175    
4.98927    
4.27723    
4.99045    
4.25990    
5.46501    
3.54446    
5.70799    
4.75170    
4.99619    
4.98206    
3.53343    
5.01375    
4.73696    
4.99278    
4.75319    
4.24893    
5.20651    
4.29923    
4.26648    
4.05877    
5.45953    
4.45708    
4.50151    
3.78538    
3.58596    
4.52800    
5.01554    
4.72756    
3.80993    
4.72013    
4.96479    
4.28065    
4.55530    
3.28512    
3.56987    
5.04331    
4.48347    
4.01004    
5.02897    
4.77050    
4.99206    
4.47605    
4.32266    
4.24263    
4.98717    
4.50394    
4.97406    
4.05212    
4.50956    
4.25835    
4.51966    
3.52686    
3.80437    
4.50371    
5.43283    
4.25975    
3.83341    
4.03698    
5.96636    
4.71731    
4.48457    
5.24426    
4.74071    
5.20192    
3.57521    
4.02656    
3.78227    
4.27984    
5.47217    
4.96444    
5.45690    
4.28352    
4.04325    
5.95244    
4.77299    
5.45958    
4.49801    
4.76606    
5.02395    
4.53189    
4.02767    
5.47681    
5.20451    
4.77078    
4.76025    
4.72202    
5.19911    
4.08484    
4.25703    
4.03118    
4.28205    
3.81408    
4.96628    
4.96507    
5.44029    
5.45273    
4.75855    
5.46454    
4.00662    
4.74348    
4.07509    
4.75169    
4.53138    
4.02574    
4.26835    
4.51341    
4.49391    
4.01274    
4.48485    
4.96211    
4.49031    
4.74851    
5.00009    
4.73316    
4.74857    
4.72580    
5.22778    
5.00111    
3.79464    
4.50486    
4.73898    
4.96317    
4.75752    
5.21487    
4.51128    
4.99496    
3.78698    
4.77961    
4.76440    
5.48249    
4.96948    
4.75684    
4.50613    
4.97238    
4.71632    
5.69479    
5.21299    
4.52992    
4.50460    
4.03808    
4.52221    
5.65562    
5.22037    
4.26969    
4.97222    
4.73299    
5.24152    
4.47943    
4.49535    
4.28861    
4.51268    
5.21955    
4.75615    
4.95193    
4.49418    
5.22740    
4.50476    
4.50894    
5.46932    
4.01442    
4.52868    
4.05466    
4.04622    
4.06052    
4.02760    
4.74845    
4.28171    
4.78477    
5.22408    
5.22187    
4.98320    
5.75599    
4.77449    
5.97061    
4.05238    
6.19228    
4.73435    
4.72688    
4.75320    
5.69346    
5.25201    
4.98437    
4.04681    
4.75917    
4.25078    
4.03858    
4.53254    
4.52775    
4.72810    
4.24209    
4.05139    
5.01421    
4.03567    
4.94442    
4.73261    
3.55029    
4.75544    
4.99909    
4.47570    
4.01599    
4.94980    
4.04384    
4.51750    
5.21232    
5.70891    
5.27315    
5.22763    
4.23790    
5.73749    
4.73754    
3.58297    
5.48703    
5.23997    
4.75220    
4.25918    
5.22693    
4.70553    
4.99368    
4.73225    
4.97231    
3.76744    
3.58422    
5.00977    
5.01880    
4.99108    
4.97484    
4.25806    
4.73389    
4.75344    
4.25851    
5.48455    
4.28218    
3.30329    
3.77548    
4.51737    
5.22709    
4.97088    
3.80415    
4.49327    
5.23030    
4.51254    
4.99148    
4.52863    
4.76882    
5.23243    
4.74180    
4.73446    
5.21275    
5.20365    
5.00820    
4.73984    
5.48699    
5.47718    
5.45781    
4.02267    
4.50075    
5.68818    
5.20830    
4.04672    
4.25638    
4.50841    
4.52972    
4.55309    
4.26665    
4.25235    
4.74733    
4.75005    
4.50600    
4.73273    
4.78184    
5.47465    
4.04072    
4.98578    
4.53336    
4.52265    
3.99791    
5.01830    
5.46228    
4.76202    
4.23689    
4.02609    
4.72849    
4.52128    
4.02087    
4.76076    
4.75657    
5.49655    
3.99806    
6.38507    
4.79380    
4.48548    
4.75023    
4.96671    
4.02000    
3.31785    
5.20903    
4.74977    
5.44310    
5.43763    
5.44643    
5.18082    
4.04261    
4.04492    
4.98236    
4.27772    
4.48058    
5.45888    
5.46704    
3.51370    
4.52957    
4.46542    
4.24615    
4.97171    
4.26907    
4.26688    
5.46285    
5.26079    
3.34499    
4.27437    
3.31796    
5.00791    
5.20964    
3.79339    
3.83934    
4.99207    
5.49693    
4.72106    
5.20405    
3.51245    
3.80256    
4.02930    
4.74191    
3.34813    
4.96752    
4.98185    
4.75712    
5.94643    
5.00811    
4.73600    
4.51525    
4.03095    
4.52407    
4.99368    
5.71240    
5.24487    
4.51647    
4.53172    
4.98007    
5.25250    
4.27137    
4.47095    
5.01227    
4.49952    
4.77441    
4.97926    
4.78751    
5.23296    
5.20009    
6.19456    
4.46349    
4.48938    
4.72398    
3.81489    
4.98686    
4.27090    
4.73106    
4.98113    
4.75579    
5.48205    
3.53984    
4.73422    
3.76076    
4.74978    
4.29380    
5.23954    
4.50672    
4.98158    
5.20631    
4.78628    
5.25685    
5.01590    
4.52648    
4.48853    
5.01571    
4.48548    
4.75503    
4.48871    
4.49372    
3.58208    
4.29412    
4.26517    
4.76387    
4.76648    
5.44709    
4.99051    
4.74124    
5.23709    
4.28580    
5.72650    
5.20783    
4.70856    
5.48818    
4.96967    
4.30598    
4.98358    
5.26161    
5.49149    
4.99152    
4.50197    
5.03208    
4.30158    
4.74784    
5.47609    
5.02342    
3.79133    
4.09143    
4.24504    
5.47836    
4.24704    
4.00436    
4.53760    
4.98735    
4.26688    
5.20039    
4.25192    
4.02411    
3.46514    
4.29870    
5.23173    
5.20032    
4.74507    
5.25344    
5.00039    
4.97891    
3.83927    
4.99601    
3.79203    
4.54795    
4.49305    
4.50597    
5.92625    
5.71700    
4.03056    
5.50437    
4.78953    
3.78266    
5.00084    
4.73739    
5.48191    
