3.05712    
1.93095    
0.60145    
2.01831    
3.04896    
2.92536    
2.98561    
0.94626    
3.01506    
-3.78296    
1.03887    
1.90959    
1.42537    
0.97919    
2.05897    
0.55479    
0.92027    
1.92387    
0.17182    
2.45014    
1.93379    
3.46345    
0.97804    
0.97290    
4.79958    
2.96514    
1.96131    
0.11818    
3.09083    
2.03441    
1.13345    
3.41868    
-2.51984    
3.90618    
3.04770    
-1.82191    
0.56535    
0.59512    
0.89208    
1.99926    
0.43934    
1.89746    
0.98702    
-0.03727    
0.73245    
-0.07013    
1.51624    
-1.54670    
1.10181    
1.99095    
-2.02901    
2.41494    
1.08713    
0.47765    
1.07400    
0.98252    
0.69776    
1.04668    
3.23457    
3.09020    
-0.92370    
3.92838    
2.99211    
1.05420    
3.06345    
-0.99913    
1.97241    
1.01680    
1.15229    
-0.62019    
0.95346    
-1.21887    
1.99203    
-0.01572    
3.92254    
0.51269    
-1.54535    
-1.42054    
0.51505    
3.52491    
1.46142    
2.32695    
-1.67701    
2.49367    
1.93471    
3.94629    
5.74009    
-0.05606    
0.48577    
1.04408    
1.55973    
0.48239    
0.09734    
2.02280    
-0.07175    
2.12801    
1.92130    
-0.84126    
1.53581    
0.19934    
0.06833    
3.06715    
-0.93857    
0.10646    
1.07462    
3.39750    
2.98650    
0.05078    
1.00312    
-1.38604    
1.88139    
1.11501    
1.96141    
3.18439    
1.54667    
4.06667    
1.99796    
1.46653    
3.08784    
3.40730    
1.48617    
1.88200    
2.53393    
0.99617    
1.51159    
0.16061    
3.93602    
2.51059    
2.00010    
2.02586    
2.00213    
0.51153    
-0.02600    
2.98896    
1.92075    
-2.02387    
-0.09944    
1.90246    
1.01729    
1.08879    
0.52335    
3.01879    
0.92772    
0.06814    
0.01190    
-0.02886    
1.94070    
3.04336    
0.03739    
0.13536    
2.46405    
1.00485    
-0.02266    
1.06241    
1.47097    
2.41451    
0.00233    
1.10396    
2.54892    
3.87475    
2.08819    
2.04920    
2.94402    
2.08371    
1.05100    
3.92911    
2.45045    
0.01648    
2.96860    
1.56938    
2.06989    
1.03478    
0.45543    
-1.36993    
2.96460    
2.06400    
0.42516    
-0.11995    
-1.82889    
-1.08380    
0.15993    
3.46793    
-0.79615    
2.01759    
1.55934    
0.00658    
0.97697    
1.02696    
0.05966    
0.01703    
0.38780    
3.05892    
1.38066    
2.01729    
0.59302    
1.82147    
4.99414    
4.03099    
1.94461    
0.55834    
0.03831    
2.94141    
1.00414    
1.06529    
-0.04307    
0.08725    
3.88577    
2.02491    
2.04527    
3.92693    
0.62323    
1.03984    
2.01932    
4.87113    
1.02373    
0.89425    
2.82382    
0.90001    
1.98165    
0.97202    
1.42485    
-1.45072    
2.44261    
-2.02674    
-0.49678    
0.56446    
3.90839    
3.94059    
1.10817    
0.01428    
0.93909    
1.56208    
1.99211    
0.96779    
1.57165    
0.11989    
-0.85445    
1.48877    
0.04630    
0.44726    
-0.53080    
-1.00755    
1.95057    
0.53805    
3.48944    
2.04389    
-2.00841    
1.49301    
0.06014    
2.10682    
0.97291    
1.54990    
2.36356    
1.13090    
4.86357    
1.99494    
-0.00545    
0.03946    
1.08145    
1.76653    
0.60615    
1.01842    
3.52604    
1.98721    
1.90862    
0.47368    
0.99112    
0.54698    
3.51114    
3.01768    
0.12177    
1.16932    
1.94019    
1.01626    
1.95768    
2.98703    
2.01905    
-1.95650    
-1.97484    
-0.53113    
1.01134    
1.48446    
2.96482    
3.39755    
1.97934    
-0.04777    
0.98010    
-2.08849    
1.02808    
1.89579    
0.40745    
0.12367    
0.91012    
1.96530    
3.74370    
-0.83338    
3.40717    
1.41667    
-0.04352    
-0.94648    
1.04089    
3.49982    
2.01593    
-0.76363    
2.97971    
0.59156    
0.13365    
1.88476    
-0.98421    
3.05720    
2.09423    
1.85128    
3.12751    
0.90139    
1.05310    
1.52861    
7.88487    
-0.60987    
0.04273    
-0.50757    
2.02476    
0.93750    
2.87245    
1.67755    
-2.02920    
-0.41312    
-1.02313    
1.01500    
1.51525    
0.93497    
-0.48466    
4.92590    
0.89383    
-0.95342    
1.34582    
-0.94593    
1.06082    
1.95714    
3.35422    
-0.82645    
1.84420    
-0.39332    
0.92013    
0.13463    
3.82478    
0.17140    
1.49306    
2.53248    
1.52280    
-0.00112    
3.46793    
2.98461    
1.05653    
-1.64195    
2.00513    
0.57323    
1.13165    
0.56876    
2.41814    
-1.02071    
2.08382    
-1.07532    
-0.42835    
0.98825    
0.14261    
4.44443    
1.54037    
2.05948    
0.12515    
0.19251    
1.02605    
0.16164    
0.88780    
-0.93128    
1.92750    
2.52583    
2.75635    
-0.86773    
2.48127    
3.95841    
2.16809    
1.03724    
2.98502    
2.84407    
-3.83191    
0.08713    
1.99830    
1.96909    
3.97944    
-0.47289    
0.33871    
0.93102    
0.02968    
2.12858    
2.05604    
1.10891    
0.02458    
2.50443    
3.46377    
1.95722    
0.95431    
0.12972    
-0.44279    
0.52782    
0.78406    
-0.39750    
2.91917    
0.09932    
2.95471    
1.96615    
2.92333    
2.08770    
7.37197    
3.92005    
1.01207    
1.82261    
0.99174    
-0.96495    
3.88171    
0.51275    
4.84237    
1.61031    
-0.10651    
0.42383    
4.41224    
2.01889    
1.16283    
2.97161    
-1.95457    
-0.87463    
0.03960    
0.19512    
2.01412    
3.42170    
1.02346    
0.12077    
2.97008    
3.07895    
1.89064    
1.94218    
2.43868    
2.03535    
0.87627    
-1.12680    
0.01977    
1.80657    
-0.80181    
-0.06936    
2.52118    
-0.93278    
1.48429    
1.00542    
1.04230    
0.36953    
1.51349    
0.48902    
0.42632    
2.05910    
3.84890    
0.48901    
1.08453    
1.05823    
-1.93219    
-1.80417    
-0.04050    
1.02099    
0.40450    
1.09583    
-0.91493    
0.03724    
0.51748    
0.00545    
0.04909    
-1.37260    
0.98644    
1.09041    
2.89915    
-1.06085    
1.89087    
0.90661    
2.99156    
0.05357    
0.63058    
4.41080    
0.51033    
2.04703    
2.91186    
1.46812    
0.58589    
-0.35730    
3.29195    
5.87617    
-0.37682    
-3.33005    
2.97360    
3.10933    
3.33153    
1.53517    
0.54095    
1.16817    
-0.92349    
2.96416    
0.48273    
0.64585    
0.94044    
2.06469    
1.00563    
-0.90724    
-0.36735    
1.00075    
1.10886    
0.91680    
1.94982    
3.75798    
6.82103    
3.05591    
0.78970    
0.05237    
-0.02691    
1.98036    
1.39292    
4.83703    
0.52359    
0.99866    
-0.46939    
-0.98077    
2.94037    
1.08173    
4.94106    
0.05050    
2.92916    
2.04659    
-1.05500    
1.98134    
0.06524    
3.35046    
2.03708    
0.05645    
3.81486    
1.14852    
-0.06232    
0.91303    
1.99094    
0.93338    
1.93913    
1.57037    
2.08363    
-0.52403    
0.58769    
-0.89574    
2.11095    
-0.84698    
1.07889    
-0.95076    
1.85143    
-0.94468    
2.43727    
3.04156    
3.88642    
0.12107    
3.94266    
0.05698    
2.45254    
-0.50149    
0.48057    
-0.22310    
3.04501    
0.99227    
2.01715    
2.99686    
-1.01871    
2.12509    
1.01319    
1.94747    
2.88133    
1.94185    
-0.40857    
0.51727    
0.89838    
0.95690    
0.05784    
1.86989    
0.01240    
-0.94707    
1.40940    
1.97343    
2.56556    
1.03376    
1.51075    
2.12717    
0.03210    
1.92766    
3.82705    
1.47853    
0.03068    
0.50551    
3.05338    
3.45553    
-1.00739    
2.05658    
0.42863    
1.83119    
2.43384    
1.09928    
-0.08012    
0.03197    
3.79335    
0.92801    
0.94939    
1.89308    
0.93837    
3.86601    
2.07076    
2.39512    
1.45068    
3.02403    
-1.36033    
1.00186    
0.41251    
-0.08394    
-1.72725    
3.59621    
1.06740    
1.97866    
-1.75500    
5.05725    
1.93890    
2.06447    
3.02789    
3.99974    
-0.80738    
0.10367    
3.03490    
-2.01418    
1.43175    
2.08348    
4.00389    
0.41522    
1.55316    
1.03380    
-0.89630    
4.75118    
1.86743    
0.03366    
4.91247    
-0.13647    
2.02280    
1.04087    
0.14950    
-0.03393    
-2.98164    
2.03567    
-1.11425    
-0.98579    
0.91448    
-0.97714    
0.56342    
4.34927    
1.90847    
2.00654    
1.09875    
1.51214    
0.03627    
2.09799    
2.51913    
-0.97894    
0.89672    
0.91251    
0.81565    
2.60249    
1.95197    
-0.92927    
1.09014    
3.38001    
-1.49138    
-1.85554    
-0.42297    
2.39338    
2.02024    
0.01761    
1.92838    
1.99849    
1.15218    
-2.85625    
2.08567    
0.07782    
1.01772    
3.93252    
0.00996    
1.50938    
0.93155    
2.05044    
1.08929    
-0.94252    
1.90836    
-0.06723    
0.05736    
0.97903    
1.91513    
3.55262    
-2.93740    
3.50390    
0.43712    
2.01205    
0.87991    
-1.44471    
2.40825    
3.83439    
1.45872    
-3.02871    
0.87312    
0.46978    
1.07064    
-1.01313    
1.97012    
1.54526    
1.07970    
-1.03753    
1.92526    
-0.00341    
0.28758    
1.06312    
3.31851    
0.58932    
0.03294    
0.99071    
1.06359    
2.91025    
3.10406    
-0.87757    
4.24872    
0.08311    
1.05409    
5.86863    
1.09299    
3.58604    
2.70947    
0.17633    
-0.98306    
3.49839    
2.63625    
1.06128    
4.43270    
3.34538    
1.11385    
1.04719    
1.48519    
0.04538    
-0.96386    
0.99294    
-0.83718    
2.89295    
0.03701    
-1.44531    
-0.48173    
2.55388    
1.98994    
2.32675    
-1.91573    
0.99284    
1.26994    
-0.02503    
1.62487    
-2.00541    
2.95749    
0.03410    
2.91546    
1.98583    
4.98888    
4.10770    
3.54045    
1.50512    
1.13669    
0.93593    
-0.94844    
2.40114    
1.43699    
4.81412    
1.39771    
3.89820    
-0.02301    
-1.80548    
0.90444    
-0.40869    
2.01416    
1.98667    
2.01262    
2.13924    
-0.91449    
1.46210    
-0.47885    
-0.04730    
1.03906    
1.06038    
1.15887    
0.00708    
2.18772    
0.00093    
1.60986    
-2.31583    
0.99301    
2.44710    
2.90791    
3.97847    
2.97844    
0.62793    
4.37030    
2.89920    
1.48392    
4.88971    
2.02704    
2.08745    
1.99261    
0.04113    
3.84915    
0.05586    
4.81870    
-0.07280    
1.98465    
0.53035    
1.97391    
2.00104    
0.05402    
1.99202    
1.44612    
0.14009    
1.61040    
1.13433    
2.03619    
1.91892    
0.19086    
0.00581    
-0.44146    
0.12279    
-0.00022    
0.10432    
1.07423    
1.97866    
0.94313    
3.84166    
3.00731    
1.40717    
2.10097    
0.68457    
0.07910    
-0.05416    
3.05628    
1.36650    
3.40079    
2.03101    
2.99070    
2.54808    
-0.84857    
3.84699    
-0.99814    
0.44010    
-1.13597    
4.48088    
1.01931    
2.04400    
5.85851    
2.68168    
1.84107    
3.00514    
-0.00287    
0.54949    
0.46792    
1.09974    
1.02182    
-1.92315    
3.85415    
-0.94877    
2.48368    
3.00302    
2.85763    
1.19136    
1.66067    
0.96847    
4.90338    
0.04350    
2.95703    
3.85865    
1.99263    
1.04957    
0.95454    
4.87858    
1.52181    
2.06263    
1.52327    
3.05095    
-1.33671    
1.13342    
-2.98416    
1.88461    
1.18843    
1.56049    
-0.41269    
-0.95833    
-1.76115    
3.05426    
-1.56956    
1.02478    
2.01159    
-0.85202    
1.99301    
2.00000    
4.50240    
2.95751    
0.04094    
0.82591    
0.45592    
-0.52074    
2.94486    
2.45854    
1.45233    
1.42280    
1.66288    
0.90193    
1.99173    
1.95178    
2.88731    
2.86966    
0.07156    
1.07640    
1.01005    
1.53146    
-0.03938    
-0.46744    
0.89892    
2.52300    
1.92077    
2.93014    
0.11026    
1.05870    
0.88099    
0.13927    
3.90634    
0.08824    
0.18992    
2.09481    
3.99441    
1.90316    
2.98711    
0.28410    
3.08843    
1.00223    
4.01316    
2.08676    
0.59173    
2.94164    
2.91541    
3.83309    
1.53378    
-0.90801    
1.99150    
3.98072    
0.45224    
-0.95040    
0.50870    
-0.07769    
3.04998    
0.94690    
-0.04605    
0.48169    
0.63107    
2.17755    
2.42368    
2.59161    
1.41536    
0.94554    
2.07730    
2.00940    
3.93491    
1.91104    
2.03834    
2.37895    
0.96700    
3.93124    
0.06518    
1.56543    
2.39916    
-0.00996    
-0.07295    
1.07578    
0.15836    
0.08108    
-0.91755    
0.52385    
1.98223    
0.46830    
1.92832    
3.43205    
3.97004    
0.98938    
1.93742    
1.98396    
-1.96958    
0.06657    
0.01740    
1.58612    
0.01541    
-0.98078    
1.48347    
1.92394    
0.97459    
0.80400    
1.96151    
1.97391    
0.91880    
1.99257    
1.15204    
3.05675    
2.42072    
0.10176    
1.98779    
1.04691    
1.23955    
2.45911    
-2.80081    
-1.55068    
2.96048    
-0.09085    
-0.03683    
-1.98825    
0.99521    
1.96601    
0.54194    
0.40932    
0.96959    
0.52669    
1.87865    
2.46584    
0.48939    
-0.57986    
3.00590    
0.14149    
-1.72771    
2.97510    
0.02872    
0.94326    
0.94138    
1.46919    
2.94393    
1.50155    
-0.45924    
1.61063    
2.89519    
1.05999    
-1.52694    
1.89676    
1.98915    
1.45901    
1.92688    
4.38066    
0.51249    
0.49257    
1.60258    
0.86455    
-2.38904    
2.14923    
-0.86232    
-2.04965    
0.05062    
1.47852    
2.00961    
0.99517    
2.41439    
3.01655    
0.05064    
2.96832    
0.97877    
3.57163    
1.07368    
2.91993    
-1.98322    
1.93049    
2.96988    
0.93093    
3.05850    
3.86957    
1.99567    
1.00229    
2.07253    
1.92573    
0.33659    
1.98094    
4.55901    
0.04727    
0.87950    
-0.08950    
0.56393    
0.06951    
1.42833    
2.13778    
4.48548    
1.89392    
2.77181    
-0.55207    
3.02716    
4.83827    
-0.19211    
2.02662    
4.05442    
-0.90238    
1.49221    
1.51404    
1.97501    
-0.25558    
3.20759    
2.54793    
2.54748    
2.01927    
0.07077    
0.06012    
0.89823    
5.05549    
0.50951    
2.06651    
3.53923    
4.12194    
0.99716    
2.96856    
-1.08792    
1.50246    
0.99037    
2.03037    
1.49738    
2.94292    
2.95123    
1.10853    
0.11920    
1.86980    
3.33071    
2.59645    
1.84719    
3.91641    
0.82623    
2.86029    
1.03313    
1.44569    
1.08965    
-0.00234    
0.02028    
1.97694    
1.83461    
3.06293    
0.12640    
0.00589    
3.39034    
2.99931    
3.92130    
2.46485    
2.98117    
0.68044    
-3.37557    
0.22899    
2.05564    
-4.83301    
0.44868    
-0.45630    
1.10308    
0.10584    
2.12537    
1.38465    
3.88166    
-0.51975    
2.93315    
0.87461    
6.36822    
-0.00810    
1.98022    
0.88511    
1.12205    
1.89144    
2.52126    
0.45451    
0.01095    
1.50392    
3.51419    
1.07762    
1.95409    
-0.07117    
2.88884    
2.92518    
4.86067    
2.51492    
-0.06105    
1.89990    
0.61816    
1.89769    
-0.38351    
2.84274    
1.62889    
0.98836    
0.98350    
1.19956    
1.83935    
1.02098    
0.98085    
0.06778    
2.09732    
1.11306    
2.76297    
2.02932    
1.11943    
3.51854    
0.31862    
-0.04615    
0.49864    
-0.57409    
1.94283    
0.98225    
3.92731    
-0.97575    
-2.28405    
2.88921    
2.88527    
3.36779    
0.01050    
-1.78293    
5.83906    
3.86937    
1.03724    
3.58982    
-0.57565    
-0.43271    
-0.42276    
0.90253    
1.02189    
-0.42137    
-0.03628    
4.87911    
0.07243    
1.94134    
-0.51854    
1.55833    
2.40498    
4.45552    
0.45963    
0.54969    
1.91445    
2.95069    
-0.70945    
0.88314    
2.98419    
0.13131    
3.99250    
0.95995    
0.04012    
1.97734    
2.92059    
2.42223    
1.00291    
-0.98348    
-1.01689    
1.92438    
-1.40616    
1.49956    
2.96557    
1.91438    
1.03425    
0.01553    
-1.41452    
1.88237    
3.34021    
2.07858    
-2.88808    
1.03623    
-0.90408    
0.45729    
-0.52265    
0.03781    
1.13339    
-0.38116    
2.94294    
0.91030    
1.91453    
0.05877    
-1.81508    
3.02015    
-1.48609    
-0.62077    
0.46398    
0.97276    
-1.14335    
3.96838    
0.44928    
0.95975    
1.00965    
0.96159    
1.51353    
0.08183    
2.06461    
-0.88796    
0.09360    
-0.37337    
0.15452    
0.53654    
0.44758    
3.00260    
0.98245    
0.94551    
2.94753    
1.41047    
-0.40794    
3.08750    
-0.80088    
1.98247    
0.67972    
4.40648    
3.03879    
0.45601    
0.51721    
1.05817    
2.50464    
1.50411    
3.80797    
3.13295    
-1.01095    
1.62163    
1.95876    
1.99416    
5.20835    
2.41408    
0.09329    
0.47065    
1.03253    
3.06019    
-1.95102    
0.06755    
3.87167    
-1.97977    
0.14227    
1.07716    
1.03096    
0.00025    
2.14728    
1.96788    
-0.11515    
3.94984    
1.52081    
0.87737    
4.96344    
1.97892    
-2.37848    
1.15061    
0.42738    
1.96588    
-1.03101    
0.91757    
1.56826    
-1.72961    
1.08858    
2.90487    
6.89777    
0.92387    
1.03486    
2.63774    
1.89560    
-0.56701    
2.94977    
0.97353    
2.44287    
0.95771    
0.03185    
-0.02240    
-1.00781    
1.48508    
1.47764    
0.89843    
-1.40706    
1.04007    
3.96857    
0.92623    
0.10688    
1.39522    
-2.32254    
1.07551    
2.01075    
1.36788    
3.38032    
1.95951    
-0.08972    
1.88685    
3.46580    
-0.99403    
-1.57745    
1.01564    
0.89209    
2.45306    
1.04737    
4.38059    
0.17327    
-0.15786    
1.03636    
0.98344    
3.66248    
1.43000    
1.33269    
0.79406    
-0.92706    
2.92727    
0.04512    
2.00828    
2.83430    
0.96622    
1.03191    
0.54153    
2.91600    
1.48972    
0.58107    
-0.00182    
1.53874    
1.06677    
1.07046    
-1.03049    
0.07425    
3.54061    
2.76086    
-0.04545    
3.93969    
0.98249    
-0.08619    
2.93970    
4.41050    
1.39986    
4.94959    
-1.00453    
0.49256    
1.92839    
-0.81905    
1.95903    
-2.85806    
0.96459    
1.09462    
0.04439    
0.90160    
1.93915    
4.92037    
0.96803    
1.11623    
2.99141    
-0.00799    
1.13117    
2.10217    
1.08682    
4.44438    
4.04019    
1.99659    
0.94932    
3.88248    
-0.99131    
4.91291    
2.46889    
1.54729    
-1.96496    
-0.91037    
0.88303    
2.46796    
0.03309    
2.30930    
1.07781    
-1.14313    
1.58034    
1.05869    
2.08416    
1.02645    
-0.83099    
0.06073    
0.90561    
-0.51270    
3.45594    
1.07275    
0.66191    
2.97116    
1.06281    
0.88317    
3.35068    
1.50261    
1.05222    
0.04956    
0.02809    
-2.87703    
2.04857    
-0.52803    
1.42950    
0.04945    
4.96141    
2.01046    
0.60941    
1.99242    
2.96780    
1.98926    
0.01927    
3.01609    
3.86409    
2.06521    
0.96515    
0.01553    
2.14773    
-1.76514    
2.14246    
2.96237    
2.90050    
-1.01691    
1.50463    
0.51322    
1.98990    
4.95826    
1.03559    
0.06796    
2.55618    
0.50394    
4.86780    
1.37039    
2.48306    
2.96109    
4.86516    
3.43106    
0.18715    
-0.79516    
1.47523    
4.30330    
2.93791    
-1.00549    
3.87369    
2.01709    
2.95934    
1.33184    
2.94052    
1.42653    
0.11333    
0.14009    
0.98223    
1.05058    
0.51682    
0.18345    
1.44577    
3.61635    
1.06360    
3.10012    
-0.08585    
1.10718    
0.54347    
0.65813    
-1.42773    
1.51491    
0.98728    
0.11499    
2.09392    
1.88098    
4.84662    
4.41883    
3.46329    
2.35735    
0.55271    
2.00971    
2.05222    
1.04220    
-1.95667    
1.06667    
0.51349    
1.45250    
-0.57325    
3.32736    
1.96619    
2.44511    
1.99939    
2.13320    
-0.04420    
1.01897    
2.90075    
0.42178    
0.04726    
1.07758    
0.02644    
0.00958    
0.10278    
-1.05346    
0.94537    
0.96788    
2.98771    
1.07889    
0.05998    
1.94481    
-0.94498    
-0.87890    
2.97546    
2.14567    
-0.03433    
1.54605    
2.93290    
2.07136    
0.95071    
0.09563    
0.98950    
1.56693    
0.16523    
3.85249    
1.07088    
1.58206    
-0.07296    
-0.00122    
1.07355    
1.17794    
3.36654    
1.10208    
0.89315    
2.01513    
4.93318    
2.06923    
0.37438    
3.86085    
0.04720    
0.94161    
1.50493    
3.57900    
1.89886    
1.08304    
5.00499    
-0.97763    
0.91370    
2.91650    
3.88494    
1.50277    
-0.12369    
2.18197    
2.84092    
0.02648    
2.59728    
1.45056    
1.79446    
0.59810    
1.10572    
1.30127    
2.38669    
1.05775    
0.99169    
2.89105    
2.03942    
3.96681    
1.93494    
2.02166    
-0.01173    
2.91928    
1.49395    
6.50372    
0.57912    
-1.79163    
1.97340    
2.45105    
0.08453    
0.46600    
-0.02517    
-0.06319    
0.15345    
0.08084    
2.46480    
0.00239    
1.98269    
2.01221    
2.04631    
2.99568    
3.46775    
-0.85656    
-2.44884    
0.92107    
1.13112    
1.56792    
2.13106    
1.48658    
1.57503    
0.32988    
1.04468    
2.09362    
1.04258    
2.02591    
2.99544    
-0.62274    
1.45799    
0.85008    
0.94350    
-0.86720    
0.90635    
3.85543    
1.95822    
2.99059    
-1.80341    
-0.90795    
0.01090    
3.00941    
2.99905    
1.04960    
1.08643    
4.47904    
2.50722    
0.98412    
1.71166    
2.87091    
-1.05448    
-0.28706    
2.01284    
1.11778    
1.06741    
-0.09203    
1.04640    
0.95006    
1.94899    
0.15118    
1.99630    
2.09905    
2.10526    
-0.52142    
-0.57731    
2.98164    
3.94082    
-3.96123    
2.79990    
0.28570    
2.87303    
0.84249    
2.92250    
2.07658    
-1.41041    
3.34130    
2.38970    
1.99221    
3.97280    
-1.82967    
4.13291    
0.97286    
-0.00635    
1.96903    
2.83589    
-2.92394    
2.90988    
-1.08734    
3.96783    
2.49074    
2.83644    
2.47713    
2.10239    
2.00807    
1.00733    
1.93656    
3.97743    
0.07803    
1.51919    
0.07234    
0.38881    
-1.92961    
1.95840    
2.16275    
0.94169    
0.64509    
0.98780    
1.00498    
2.09742    
1.54451    
-0.05093    
1.41764    
4.04877    
-2.01385    
3.95202    
1.03134    
-2.23205    
-0.08550    
2.90011    
-0.37892    
0.60724    
1.45815    
1.02668    
2.57112    
1.98146    
-0.79638    
5.49817    
1.00881    
2.39781    
-0.94749    
0.01276    
1.96094    
3.78208    
0.53440    
0.53680    
0.54431    
-0.89680    
1.04309    
-0.45926    
0.05405    
1.93448    
3.03061    
1.95064    
0.92889    
0.15913    
-0.53644    
1.03235    
0.55095    
1.91408    
-0.02812    
1.78205    
1.48610    
4.79051    
3.83720    
1.02019    
2.48889    
0.84109    
-0.91381    
-0.54280    
-0.95966    
-1.85703    
1.50675    
0.53920    
-0.01887    
0.53621    
1.38112    
-0.37848    
3.36025    
0.88163    
0.82681    
6.02688    
2.50912    
-0.45271    
1.93600    
1.80881    
-0.01953    
-0.16634    
2.47339    
0.90690    
1.04802    
-1.53478    
-0.25669    
1.93252    
1.00985    
1.62200    
-1.56171    
-0.14358    
3.98910    
2.35792    
1.97602    
2.86478    
0.95732    
1.02317    
1.03264    
-1.01372    
0.49010    
2.09324    
-1.00944    
4.98573    
3.88167    
1.12988    
4.77448    
1.10966    
3.01096    
-0.07933    
0.00786    
1.09554    
1.40660    
1.11316    
4.83849    
2.92553    
1.42784    
0.55200    
3.92145    
-0.81625    
3.51839    
4.01395    
2.07518    
1.02497    
3.87584    
1.11482    
1.98873    
0.91153    
1.01599    
2.09853    
-1.04035    
1.11008    
1.97778    
1.52996    
2.80668    
2.97731    
1.96530    
1.99926    
-0.81143    
0.11070    
0.39181    
1.48203    
3.01944    
3.04324    
0.98785    
0.53882    
3.04454    
2.94640    
1.35707    
-0.00684    
-0.90231    
-0.94012    
-0.02056    
-0.54804    
2.15603    
2.11292    
2.00363    
1.92448    
0.76611    
-0.44307    
-0.58671    
1.83584    
0.19135    
-0.07891    
1.01704    
-0.99217    
0.01283    
1.95447    
0.01603    
-1.88737    
1.00496    
1.10004    
1.56074    
3.95581    
1.77804    
2.00399    
1.52732    
-0.00134    
2.08262    
0.55241    
0.91916    
1.59519    
0.97370    
-0.49423    
2.03230    
1.08404    
1.11129    
1.40810    
0.94446    
2.89878    
1.97719    
0.43632    
-0.56382    
-0.15726    
-1.47901    
1.01195    
1.51391    
2.01130    
0.18928    
0.05647    
3.22974    
0.03313    
0.62265    
0.90615    
-0.03866    
3.41672    
-0.09824    
0.08785    
-0.45594    
1.05015    
0.87976    
1.92875    
1.80177    
2.94405    
0.02988    
0.57761    
-1.04058    
2.02186    
1.48434    
2.88972    
3.92351    
2.86935    
1.89263    
0.93307    
3.05604    
-1.90918    
1.46999    
-0.97205    
3.83306    
0.45305    
2.93739    
-1.84567    
0.02152    
4.91660    
0.10574    
0.12110    
0.48143    
0.55910    
-1.96256    
0.90703    
1.07429    
0.89895    
0.01021    
-0.33112    
2.84208    
1.45177    
4.48058    
-1.35759    
1.52962    
1.02606    
0.06723    
1.02560    
4.92034    
0.97127    
1.03310    
2.50778    
1.53364    
3.82633    
3.02184    
1.57486    
1.02681    
-2.01906    
0.03056    
0.10151    
3.06611    
0.19891    
2.16161    
0.21208    
-1.87165    
4.89999    
-0.14674    
0.88127    
0.99046    
-2.84656    
-2.82081    
3.02927    
-0.93654    
4.89606    
-1.05592    
6.33651    
1.95300    
3.88564    
1.11785    
0.94511    
3.63015    
2.13224    
3.00048    
3.32385    
-0.77003    
2.04870    
2.41739    
2.05456    
4.08461    
1.96115    
1.06937    
1.12814    
0.57336    
1.55482    
0.04705    
0.45733    
0.53284    
1.03879    
1.92384    
1.95369    
2.92276    
-2.37205    
2.97472    
1.97695    
0.95601    
2.58755    
-0.86386    
2.92206    
1.57486    
-2.10728    
-0.08538    
0.94664    
0.86354    
1.60152    
3.39891    
1.65465    
0.98933    
5.29961    
-0.48882    
0.14260    
1.03719    
1.00026    
3.31659    
-1.88544    
-0.77368    
2.49846    
-0.57609    
1.64588    
2.05218    
0.09949    
0.92859    
1.44580    
1.03526    
3.90988    
2.00844    
-0.95609    
0.08073    
0.90762    
2.40924    
-0.40012    
0.22849    
1.04339    
1.47926    
-0.06619    
0.01428    
4.01051    
3.92362    
0.04385    
2.98778    
0.15972    
2.46405    
0.45620    
0.09969    
-0.02454    
0.89397    
3.80870    
3.83677    
0.05430    
3.02818    
1.81214    
2.03341    
2.41234    
1.99844    
1.44353    
2.79543    
1.94807    
2.92114    
1.11127    
2.82947    
0.03085    
3.46027    
0.10182    
1.13948    
0.56863    
1.17858    
-0.81665    
2.41687    
1.07556    
2.49624    
-0.87062    
5.88480    
1.02243    
0.44688    
1.06377    
3.87832    
2.51752    
1.39830    
1.92566    
1.09691    
0.49869    
3.44314    
1.96992    
0.03931    
0.81632    
1.01325    
2.02628    
1.86075    
0.42241    
1.13762    
2.05723    
0.95352    
0.04706    
0.09269    
2.44097    
0.51760    
2.05767    
2.42980    
0.02056    
5.81980    
1.03949    
1.44694    
1.07674    
5.30106    
2.89817    
2.07161    
-0.35073    
4.89743    
2.00673    
1.48665    
1.10190    
4.43153    
1.58267    
3.94535    
2.07642    
-3.04233    
1.03852    
1.05885    
0.10484    
3.06885    
2.01903    
0.12807    
2.02749    
0.00852    
0.94791    
3.00254    
0.12153    
0.51254    
-0.99386    
1.51127    
2.13415    
1.09520    
0.56352    
1.14819    
0.13661    
2.98587    
-0.93056    
2.98381    
1.04812    
1.04596    
1.10232    
2.03660    
1.07321    
0.60231    
-0.96217    
0.64823    
2.48968    
0.09623    
1.03362    
0.15139    
3.03041    
3.28989    
2.45834    
3.35854    
-0.39422    
-1.38488    
-0.05329    
4.89607    
2.43523    
2.20104    
0.99246    
-0.03945    
2.45333    
4.01367    
1.14977    
1.88779    
1.01939    
3.06334    
3.04069    
4.89897    
1.52394    
3.96779    
-0.03674    
-0.50074    
0.39655    
1.92181    
-0.03294    
3.37980    
-0.98543    
3.88556    
-0.40655    
2.50274    
0.11671    
-0.44183    
1.05686    
2.02780    
1.95065    
3.79286    
2.07191    
0.81936    
2.04419    
-0.85021    
2.51353    
0.98804    
2.41677    
-0.03211    
1.02935    
0.18992    
-3.11599    
3.90335    
1.91894    
1.20185    
-1.44592    
2.96498    
3.02058    
0.83399    
0.35040    
4.04435    
1.05067    
-0.95456    
-0.48568    
1.42904    
3.38963    
0.03477    
2.00614    
1.50072    
4.87237    
1.05606    
1.11314    
0.54991    
1.45721    
1.94178    
-0.92808    
-1.37126    
0.90784    
-0.06225    
2.03299    
2.05280    
-0.03557    
0.04721    
1.00199    
1.59035    
1.98962    
2.62422    
3.90930    
-0.00370    
-1.35145    
1.41679    
0.44999    
2.51490    
3.82821    
1.49926    
0.02251    
-1.80131    
1.58312    
-1.98035    
2.97358    
2.50457    
-0.05925    
-0.83493    
3.88633    
-0.91527    
-0.00395    
0.43675    
2.03388    
0.87823    
2.52703    
1.99894    
-0.04139    
4.45730    
3.93330    
-0.00367    
0.03714    
2.90537    
1.99614    
1.89451    
2.17425    
2.17633    
1.98999    
-2.51507    
-0.88115    
1.99481    
1.10194    
1.70180    
1.17912    
2.04903    
-0.92812    
3.87735    
5.34041    
-0.00755    
0.62974    
1.11107    
2.51724    
2.95747    
2.58731    
0.02115    
1.00399    
2.07987    
0.96846    
1.59384    
0.97925    
4.88446    
-0.03461    
-1.49510    
0.51416    
2.87611    
0.92353    
2.45484    
3.95593    
2.49664    
-0.40660    
1.01289    
1.99419    
2.00393    
1.05484    
0.08358    
2.32961    
0.66331    
1.90884    
1.53432    
-0.54746    
2.87715    
-1.01454    
1.00526    
2.87944    
2.01257    
0.69815    
-0.36358    
-1.96044    
2.53677    
5.03108    
-0.54250    
0.00318    
-0.90912    
2.04567    
1.67219    
1.91377    
1.44425    
2.05714    
-1.32795    
4.90354    
0.99501    
0.60646    
0.96145    
1.10571    
0.11393    
-1.36880    
1.97976    
-1.85928    
-0.39441    
-0.90681    
1.46276    
1.07997    
1.05329    
0.04637    
2.99442    
1.94135    
1.98083    
4.33950    
2.05815    
-1.82068    
2.10782    
2.86394    
-0.03721    
3.43478    
-0.40313    
-0.93388    
3.97249    
-0.43619    
3.40418    
0.18143    
0.04442    
-1.96507    
1.96132    
0.09687    
-0.02971    
-0.88904    
1.53407    
1.92175    
-0.91029    
1.49995    
1.96891    
1.89738    
1.67237    
1.84821    
1.84073    
2.14579    
-0.03380    
1.41710    
0.87047    
2.87028    
3.97780    
1.95093    
0.96590    
1.92218    
1.57506    
2.10852    
1.53194    
-1.03463    
1.87982    
-0.58753    
-1.45815    
2.28675    
-0.97228    
3.55491    
3.97532    
1.97312    
0.96387    
0.43346    
-0.13979    
2.85823    
-0.95479    
1.12821    
0.00829    
1.86087    
4.06809    
-1.11392    
0.92118    
1.72876    
3.82798    
0.18795    
1.13776    
2.03476    
0.95961    
2.08942    
-1.40903    
-1.89807    
-1.79783    
2.42094    
3.45535    
2.44062    
1.92255    
1.99608    
-0.96332    
3.51979    
2.01974    
1.63347    
1.02341    
0.11371    
2.88887    
2.09140    
2.57166    
-1.04622    
-1.53464    
2.46473    
-0.46227    
3.16822    
1.92826    
-2.94052    
3.92194    
3.61769    
2.86520    
-0.06943    
1.53602    
1.48995    
3.05988    
-2.03683    
-3.27715    
2.09652    
0.01125    
1.58435    
2.98434    
-0.87553    
1.06506    
2.48175    
1.15044    
1.15607    
4.84886    
1.05124    
3.49189    
2.04502    
1.89597    
2.43512    
-0.00466    
0.49331    
0.86657    
1.00504    
1.43599    
1.90502    
3.00173    
1.97192    
1.59849    
1.57403    
3.04072    
-0.88073    
1.43186    
-0.93147    
2.49252    
-0.00753    
3.95273    
0.54581    
0.59066    
1.95141    
1.97541    
-2.02658    
-1.93520    
2.00211    
1.37876    
2.04728    
3.89595    
2.01831    
0.05834    
0.03729    
0.97330    
1.05298    
0.00863    
1.59709    
3.48881    
-1.10016    
1.94320    
0.10882    
4.36621    
1.91822    
1.99684    
0.98975    
2.04323    
2.97610    
0.03828    
0.13141    
0.48333    
2.55363    
2.86493    
4.38451    
1.02809    
0.96526    
-0.04608    
1.59142    
1.12404    
0.85601    
3.85625    
1.04681    
0.56867    
0.42593    
0.51506    
0.50696    
0.54443    
-0.94387    
-0.47832    
3.04762    
1.03081    
2.05702    
1.53220    
2.95982    
-2.84820    
3.91466    
5.33165    
2.98913    
-0.96851    
-0.05053    
0.02301    
3.47490    
0.95707    
1.87498    
2.03029    
-0.47645    
0.93690    
1.03526    
1.00996    
3.94255    
2.49085    
-0.46932    
-2.83252    
0.96758    
3.42966    
3.00226    
2.09169    
1.04520    
-0.07659    
-0.04690    
1.51859    
1.04264    
1.05747    
-1.76004    
2.08874    
0.85651    
2.07914    
3.05093    
-0.90742    
0.87172    
1.62530    
2.77064    
0.95256    
1.15774    
2.01686    
1.62045    
2.49050    
3.13124    
-0.54335    
3.50988    
-1.93150    
0.13400    
0.99943    
3.93285    
1.58064    
-1.04611    
-0.50235    
2.01320    
1.95744    
2.06642    
1.90910    
4.77518    
3.83948    
3.94618    
2.48491    
-0.05861    
3.48677    
0.91816    
2.02846    
0.88525    
2.92285    
2.13394    
0.96128    
3.36505    
2.40706    
-1.00287    
2.00173    
-0.09323    
0.95084    
-0.81944    
2.53745    
0.02747    
3.81791    
3.04798    
0.00617    
1.97269    
4.05192    
0.92309    
0.92850    
0.94144    
0.97195    
2.99452    
2.06288    
-0.94202    
1.06503    
0.98260    
3.91863    
-0.13343    
2.32949    
2.83473    
4.07172    
1.91247    
2.03268    
1.99854    
-1.86761    
0.23626    
-1.07539    
0.92647    
0.10101    
2.96006    
2.97806    
1.94010    
3.93297    
4.84165    
0.08229    
-2.03317    
2.16538    
1.52016    
1.97394    
2.42625    
0.07922    
2.08563    
1.51146    
0.02198    
1.01117    
3.94616    
-0.46898    
0.92039    
-0.59081    
-2.34578    
1.07253    
1.98005    
1.46500    
4.78581    
1.07339    
0.95716    
0.18176    
2.41555    
3.03913    
-0.02511    
0.52347    
1.02053    
0.50557    
0.93442    
-0.52590    
0.61824    
-0.02238    
1.95008    
4.90155    
-1.43587    
-0.89436    
1.93879    
1.15569    
2.47021    
-2.89496    
3.44555    
-0.56971    
3.91813    
-2.08930    
-0.88170    
2.12174    
0.98256    
0.03808    
1.09248    
1.95721    
2.98395    
-1.84713    
2.95204    
1.07435    
-1.93360    
2.08454    
-1.96057    
0.98293    
-0.07452    
2.08941    
1.43452    
1.97001    
-0.03044    
1.88297    
1.01259    
3.98472    
0.82250    
0.12672    
0.09073    
1.98302    
1.97706    
1.13817    
2.04345    
2.02356    
2.61200    
-0.01897    
-0.41651    
1.06775    
1.22022    
1.86764    
0.96137    
1.98691    
2.84228    
0.94919    
0.08960    
0.62665    
3.09488    
0.95164    
0.07103    
1.52489    
2.02400    
3.89530    
3.74994    
-1.03122    
0.21502    
0.06011    
0.79779    
3.01779    
0.08162    
2.09556    
0.89867    
0.03258    
-0.00435    
3.95940    
0.34639    
1.04963    
3.56637    
-0.34418    
1.94859    
-1.33202    
1.97152    
3.91501    
0.10282    
0.47296    
1.98259    
5.79477    
0.47304    
4.73506    
1.01207    
2.74587    
-0.07444    
2.40775    
1.36174    
2.93326    
-2.76650    
2.01735    
-1.03845    
0.51846    
3.76065    
1.53472    
2.79923    
0.94131    
1.98407    
1.13283    
0.52118    
1.11198    
1.83793    
-1.00848    
-1.52336    
-1.94041    
2.95166    
0.00291    
-0.90825    
1.00672    
1.15790    
1.91877    
0.57250    
1.89878    
-0.85255    
2.86054    
3.40752    
2.40462    
0.95123    
2.90806    
1.61577    
2.12867    
-0.89150    
1.00236    
2.95065    
2.95455    
4.39571    
-1.45482    
1.06370    
0.91942    
-2.42234    
1.10841    
2.96802    
0.01185    
1.53892    
-0.04983    
-0.84054    
2.86814    
1.89628    
3.36112    
1.99946    
1.09585    
1.48127    
1.09285    
2.98130    
0.08560    
0.86635    
-0.03756    
2.07642    
0.07009    
0.46566    
0.51350    
1.95708    
-0.11784    
3.88647    
-0.91919    
-0.49101    
4.92962    
0.01146    
0.00249    
2.98819    
1.53030    
3.00284    
2.96358    
2.04265    
-1.39084    
-0.17485    
4.89674    
1.55424    
0.66468    
-1.40210    
0.02223    
-0.07228    
-0.52475    
0.09821    
0.44656    
2.47718    
-0.90557    
0.47594    
0.54686    
1.92761    
-0.08709    
1.02766    
-1.95147    
0.96672    
0.97100    
2.43839    
1.46204    
0.00156    
3.01841    
0.99662    
0.84713    
0.07652    
0.95092    
1.90945    
-0.87977    
1.51140    
-0.00622    
2.09674    
0.07991    
0.96730    
1.50566    
0.94253    
1.08880    
2.97011    
0.51580    
4.05953    
2.89535    
1.84671    
0.66452    
1.03562    
0.91628    
0.18010    
0.06598    
1.11680    
1.39013    
0.16803    
-0.36967    
0.09122    
0.86708    
2.00708    
-0.47755    
2.48374    
2.04934    
3.89184    
2.98879    
-1.47443    
1.11057    
1.89805    
2.59688    
0.94029    
-0.07074    
0.97235    
3.37769    
1.93642    
0.99505    
1.57904    
-0.44308    
2.55261    
2.09439    
2.98367    
-0.08508    
0.39188    
1.46484    
2.00951    
0.11951    
0.02717    
1.53400    
1.41989    
0.97573    
0.03108    
2.92284    
-0.90675    
2.97965    
1.67474    
1.81806    
-1.01034    
3.00471    
3.07883    
-0.05381    
3.50580    
0.94617    
-1.75270    
1.51404    
-0.98187    
2.01646    
1.46446    
2.50533    
2.53057    
-0.02167    
1.46453    
1.08084    
0.94463    
2.62089    
1.98517    
0.35693    
1.46448    
1.62925    
0.55332    
3.87658    
1.40289    
-0.07365    
0.98258    
2.53496    
4.35257    
2.96262    
5.88797    
0.98396    
0.64408    
0.49796    
2.00198    
4.02043    
1.96747    
3.09150    
0.60057    
0.36520    
2.05766    
1.94969    
3.92577    
0.01284    
2.06775    
2.54007    
3.37665    
-0.75869    
0.52949    
-1.46326    
1.93189    
1.04545    
2.03841    
1.00399    
5.01954    
1.45934    
0.40927    
0.40004    
2.05386    
2.89947    
0.02857    
1.55464    
3.96981    
0.03412    
-0.11941    
1.90016    
0.10447    
1.61389    
1.94255    
-4.88754    
0.06981    
0.07828    
3.96982    
0.96581    
2.00261    
-1.41897    
2.95921    
3.40903    
0.12701    
1.06879    
0.97256    
0.90809    
0.54302    
2.95735    
1.06774    
2.05050    
2.92087    
-1.59876    
1.13409    
0.55882    
0.56766    
0.69454    
3.42209    
1.53527    
0.99454    
0.06068    
4.84673    
0.94955    
-0.44576    
2.04002    
0.98802    
3.02083    
-1.86435    
1.95522    
2.99783    
0.99216    
0.99827    
2.06117    
-0.45811    
1.02127    
3.03851    
-0.95423    
0.01779    
-1.16430    
-0.15411    
0.98652    
0.08291    
2.87268    
-0.39633    
-0.97287    
-0.89486    
-0.91997    
3.26215    
0.01628    
0.68304    
0.92659    
0.36480    
1.07991    
-0.91402    
0.15328    
0.05980    
2.52513    
1.99411    
0.11219    
3.91012    
0.11858    
1.98789    
-1.82165    
3.04698    
-1.90282    
4.47963    
-0.95849    
0.54736    
0.00051    
0.98348    
1.85960    
1.65329    
1.04158    
0.56018    
2.93413    
1.96760    
3.91306    
1.51131    
2.51165    
1.58951    
1.49040    
1.03319    
2.90336    
3.49284    
0.97664    
-0.05077    
2.47695    
1.03998    
2.02930    
1.60289    
1.91882    
-0.41571    
0.99605    
-1.00791    
0.99452    
4.44904    
-2.05523    
2.87117    
0.97209    
1.91427    
0.01256    
-0.92400    
-1.03348    
2.95248    
1.10011    
0.10391    
-1.91912    
1.10006    
2.07465    
1.53566    
0.97805    
0.97971    
1.10704    
0.86395    
0.83910    
1.04314    
1.05653    
0.96311    
-0.96017    
0.58146    
3.82426    
3.54293    
-6.74392    
1.00531    
0.99250    
1.94503    
-0.01443    
2.03971    
0.49927    
1.07198    
-2.37196    
1.42743    
0.17544    
1.11313    
1.42890    
0.91702    
0.23166    
0.03077    
2.52837    
1.47838    
-1.01731    
0.95863    
1.55586    
-1.98824    
1.92791    
-0.80772    
1.87164    
2.03413    
1.95060    
2.90372    
3.00376    
-1.88854    
1.35050    
-1.79139    
2.98859    
-1.83875    
1.98285    
1.91197    
1.09439    
2.88086    
1.98662    
3.35617    
3.99089    
0.08820    
2.07584    
3.91477    
1.00306    
0.07953    
1.53729    
1.93454    
-0.63181    
3.96894    
2.04471    
1.97762    
2.95284    
4.92698    
3.80428    
-0.41178    
2.01321    
1.98315    
4.86657    
0.16027    
0.84743    
0.53522    
4.85553    
0.18433    
0.54084    
0.99228    
0.03866    
1.37012    
0.21814    
-1.11695    
4.99243    
1.96679    
3.60318    
1.55173    
0.57526    
4.72049    
0.99572    
1.87999    
-2.00164    
1.63172    
1.99529    
1.94639    
0.07054    
6.82835    
0.03527    
-1.01433    
1.25311    
2.01985    
1.03738    
-0.45938    
2.04904    
-0.81443    
1.06702    
1.92135    
1.87543    
3.01242    
0.05470    
1.95952    
1.49445    
2.00691    
1.42616    
-0.40188    
-0.06121    
2.04443    
5.04917    
1.97284    
1.90503    
-1.25403    
-0.96329    
0.55415    
2.93015    
5.81332    
2.22705    
1.42186    
2.96584    
0.60259    
2.91967    
0.05811    
3.40607    
-1.00407    
-0.47682    
1.10455    
0.68509    
0.00314    
0.96993    
2.90104    
-0.94873    
3.99397    
1.62362    
0.99938    
0.00366    
1.96939    
-0.01527    
-0.89109    
0.79843    
1.99018    
4.94984    
0.10461    
5.86502    
2.08690    
2.40614    
1.45634    
2.04911    
1.98425    
1.57116    
-0.96900    
0.38158    
1.97041    
0.83786    
3.86109    
2.04539    
-1.90038    
1.00860    
0.08074    
1.89631    
0.13510    
1.44917    
0.06083    
0.95237    
4.59172    
2.43481    
2.02029    
2.07455    
1.02598    
-1.04506    
-0.79107    
-1.48915    
2.90470    
-0.61528    
1.50372    
1.45723    
0.06333    
1.89718    
2.04962    
2.95867    
4.19295    
2.29386    
0.44129    
-1.82555    
3.05721    
1.53239    
0.52232    
-0.42124    
2.04013    
1.98825    
3.55649    
2.05523    
4.73788    
-0.04590    
1.12670    
-2.09568    
0.60189    
1.93963    
-0.11186    
0.42325    
-0.01045    
2.10147    
4.34807    
2.93075    
4.84194    
3.13808    
-3.93374    
3.03461    
1.59599    
5.97738    
2.04687    
1.55685    
-0.92963    
3.49015    
-0.06278    
4.86004    
3.02964    
0.54432    
1.10601    
1.06593    
1.49343    
3.38666    
0.47502    
1.55261    
0.85415    
0.54373    
0.13193    
3.88918    
1.10169    
-1.17840    
2.96553    
1.06433    
4.00180    
0.19203    
3.87083    
0.01446    
1.94565    
2.00632    
3.81525    
4.83862    
0.60206    
1.48463    
0.51835    
3.38934    
0.01586    
1.98374    
2.35907    
1.83286    
-0.04132    
3.95236    
2.13799    
-0.12378    
2.43560    
3.93804    
1.56001    
-0.87001    
-1.00780    
0.67945    
3.84269    
-1.88609    
-0.51787    
-0.00795    
1.95874    
3.82004    
2.89608    
2.03834    
0.10899    
-0.49927    
0.99346    
0.11664    
2.01670    
0.96957    
0.11710    
-0.01861    
0.06836    
0.97252    
-2.03677    
3.12659    
0.05305    
1.01199    
0.38042    
0.98896    
-0.01558    
2.89462    
0.52552    
1.86991    
3.51238    
0.05352    
1.07852    
2.07423    
0.92122    
1.95929    
1.97599    
0.55334    
-0.98353    
1.67903    
1.48865    
3.01058    
0.70400    
-1.86636    
2.62699    
1.83065    
1.00474    
-2.34537    
0.53802    
6.27264    
-1.54442    
-0.80891    
1.94304    
-0.14830    
0.06256    
-1.95511    
0.06130    
1.46607    
1.56149    
-0.49699    
-0.38979    
0.08924    
0.92719    
0.02343    
-3.35231    
2.41802    
1.54501    
1.87188    
0.54092    
2.94881    
1.43297    
0.09380    
-0.07305    
1.99955    
0.46068    
0.12694    
1.99373    
0.48126    
0.66264    
1.98723    
0.50963    
2.55945    
1.01764    
1.97120    
2.86672    
2.06255    
1.89413    
0.06024    
-0.92157    
1.48516    
1.04466    
2.52592    
-0.02108    
3.80324    
-1.95429    
3.91902    
0.19067    
4.16780    
1.17251    
1.99134    
4.88152    
2.87492    
1.44399    
-0.03020    
0.00670    
1.90658    
1.44393    
0.13854    
0.48129    
0.98801    
1.47426    
3.02042    
1.40708    
1.02423    
-1.41047    
2.98770    
-1.88296    
-0.01212    
2.05400    
1.11083    
4.05625    
2.47773    
0.03646    
-0.03368    
1.87304    
-0.90144    
1.92387    
2.86310    
1.99459    
0.57785    
0.61853    
1.54575    
2.41095    
2.12660    
0.89030    
0.39465    
3.06290    
1.46655    
2.98537    
-0.90771    
0.17056    
2.99103    
3.87599    
1.06472    
1.06499    
0.93286    
0.10345    
3.93235    
-0.60704    
2.44751    
1.10100    
0.99529    
1.02198    
-0.38470    
-0.88514    
-0.03955    
2.03223    
-0.10941    
0.01199    
0.55268    
3.90333    
2.02738    
0.53218    
0.88487    
1.12540    
1.96015    
0.55365    
-2.74349    
0.59004    
-1.04149    
2.04325    
2.44650    
2.53586    
0.01503    
-0.89368    
0.56745    
0.61182    
4.15082    
1.01522    
1.10237    
0.01975    
3.30928    
0.96009    
1.91559    
-1.97493    
0.51872    
-3.28758    
4.04240    
-0.04121    
1.01617    
0.43889    
0.97784    
3.05935    
2.99885    
3.43023    
2.00935    
0.33647    
-0.50635    
1.00155    
3.99133    
1.90141    
0.44545    
1.95800    
2.50644    
0.03262    
0.03710    
3.01117    
-0.46170    
0.12024    
-1.50788    
2.54565    
1.02228    
3.12429    
0.93229    
-4.24872    
3.82201    
1.56642    
-0.95606    
-0.83065    
2.45681    
0.93576    
1.91625    
1.29263    
3.93620    
1.06756    
3.92414    
-0.85019    
-1.43944    
-0.98825    
0.43117    
6.94280    
3.08532    
2.02546    
2.10162    
-1.09932    
2.08717    
2.07097    
2.94525    
0.92533    
1.15322    
0.50853    
3.91140    
0.43642    
0.41049    
1.61207    
-0.46819    
0.48827    
-3.26334    
1.91574    
2.12561    
-0.05095    
2.02041    
2.15484    
2.01200    
0.22689    
1.84646    
0.11139    
0.94729    
2.05781    
0.91399    
0.07270    
1.32154    
-0.04929    
2.05244    
0.08211    
3.37806    
0.04632    
0.45158    
0.94003    
3.95034    
-1.99623    
1.20716    
0.94001    
1.13907    
-0.96393    
-0.53026    
-0.03319    
2.50519    
-0.47584    
0.18010    
1.99866    
1.98766    
-0.42626    
0.57859    
3.14255    
1.89248    
1.39684    
1.06487    
-1.96949    
0.99091    
1.11290    
0.93639    
0.48478    
3.01818    
1.55337    
1.05067    
2.77535    
3.03747    
0.01237    
1.04712    
2.46415    
0.06021    
2.98403    
-1.52897    
1.59019    
2.85858    
0.51863    
2.45626    
-1.86569    
3.50183    
-1.00025    
0.20403    
1.36319    
2.43160    
1.38705    
1.11209    
2.83937    
3.10441    
0.99244    
0.95577    
-0.53694    
0.05371    
0.88361    
0.80913    
0.98294    
2.06801    
-0.90672    
-0.02137    
0.46843    
1.97978    
0.49892    
1.09621    
1.98462    
-0.86387    
0.61561    
1.10133    
0.43286    
1.04049    
1.94205    
1.04810    
2.03321    
0.59041    
0.00218    
-0.13135    
1.92764    
1.02485    
1.56158    
2.44842    
3.45173    
2.49094    
2.45368    
1.06073    
3.86560    
0.86486    
3.09407    
0.10294    
3.06442    
-1.78951    
5.01165    
4.10579    
0.48572    
3.13020    
-0.87176    
1.98605    
2.66933    
-0.90023    
0.88167    
-2.33155    
4.04184    
1.92590    
0.92204    
1.88522    
1.06779    
1.47378    
2.86680    
1.60195    
1.89708    
0.07605    
3.06063    
3.91620    
-2.00159    
-0.95241    
1.00182    
1.53231    
3.85665    
2.93107    
-1.83553    
1.57539    
0.85871    
2.05494    
3.84577    
2.06959    
1.99040    
1.50373    
-0.07552    
0.54265    
0.60381    
2.08081    
3.01827    
2.50352    
0.96894    
1.91704    
3.89930    
0.03841    
-0.03090    
3.85191    
0.15289    
-0.06988    
2.95783    
0.91249    
-0.03878    
-1.09915    
4.84066    
5.38729    
3.33534    
5.10432    
3.85191    
0.90438    
1.99427    
0.01217    
2.04654    
0.90084    
1.90610    
1.01678    
0.45294    
-1.04471    
0.68982    
0.16253    
0.13987    
2.46121    
-1.94332    
0.97859    
-1.34834    
1.95090    
3.82718    
0.51058    
3.02239    
1.57635    
2.91331    
-2.44604    
2.01687    
-1.42546    
1.49584    
0.97519    
3.50059    
1.13850    
-0.92171    
1.03653    
2.79286    
1.50207    
0.09462    
1.96762    
-0.89743    
-0.05545    
0.04599    
2.97680    
-0.59079    
-1.58165    
1.09659    
1.09116    
4.29588    
1.02351    
2.46308    
4.58648    
1.98507    
2.64088    
1.40397    
0.48085    
0.91327    
2.48880    
1.92777    
1.02490    
3.03626    
2.02536    
1.51302    
0.99686    
2.03033    
-0.51746    
2.46116    
2.14531    
0.60576    
-0.91834    
-0.54433    
2.00746    
4.97073    
-1.80349    
1.53739    
3.33592    
-0.73713    
2.88962    
4.46715    
0.15312    
-0.00433    
1.56489    
3.09826    
1.51212    
2.82791    
-0.99926    
0.06101    
4.45719    
-0.37267    
2.50480    
0.03044    
2.89628    
-2.78132    
1.94427    
2.00503    
1.93569    
1.14100    
0.01600    
0.90706    
-0.85291    
0.76144    
0.47544    
0.03271    
3.54427    
2.18185    
1.94683    
-0.40783    
2.01134    
2.59703    
2.61419    
-2.43203    
2.10803    
2.07651    
-0.00277    
-1.82036    
-0.55695    
2.95780    
0.91518    
0.68195    
0.02795    
2.08263    
2.86846    
0.98523    
1.96618    
-1.83697    
-0.52388    
4.87949    
2.11735    
1.54315    
1.56488    
1.84237    
0.94234    
2.96318    
2.82424    
-0.58093    
1.48779    
0.50126    
1.09628    
2.49586    
1.00311    
1.91626    
0.63641    
2.47020    
1.44371    
0.07080    
1.82992    
-0.42583    
0.84051    
1.93056    
1.43373    
-2.93578    
1.95830    
2.88971    
5.28341    
-1.93695    
-0.41317    
-0.00337    
0.03139    
0.55358    
4.95826    
1.98929    
1.56767    
1.05323    
-0.59672    
1.19901    
3.41131    
0.99240    
1.95662    
-0.50190    
1.99544    
0.53305    
1.91101    
-1.45165    
1.96816    
1.99097    
-0.43194    
-0.62533    
-1.38989    
0.96379    
-1.01541    
1.09129    
1.08026    
1.43729    
3.91707    
2.07707    
1.03481    
2.48373    
3.39446    
2.62063    
1.98415    
2.40475    
1.48414    
1.89110    
0.54741    
3.51026    
4.45099    
0.99449    
4.93768    
-0.45856    
0.93878    
2.96956    
3.04086    
0.95599    
2.00593    
0.01231    
-0.43195    
2.82131    
0.94385    
-0.54445    
0.06921    
3.34446    
0.49533    
-0.50569    
3.48085    
0.23063    
4.46118    
0.92850    
1.08409    
-1.97141    
2.84415    
1.94402    
1.07285    
0.95624    
-3.10847    
1.05918    
1.04617    
1.96473    
0.55426    
3.02121    
-0.96004    
1.95652    
0.93199    
0.49221    
-1.36801    
3.39651    
0.97640    
1.58485    
1.85564    
1.49672    
1.81640    
2.05670    
0.06324    
3.92738    
2.85138    
3.15342    
2.08939    
-0.09602    
2.08123    
2.00179    
0.47132    
2.90264    
0.99750    
2.96075    
-0.00280    
1.09504    
0.10020    
1.15276    
2.04775    
1.03361    
0.91533    
-1.83495    
1.03628    
1.03326    
0.99058    
0.89505    
1.01912    
0.14553    
0.07771    
-1.40181    
0.93637    
0.11307    
1.00859    
1.96956    
-0.46397    
1.03584    
1.53170    
5.79218    
-0.16893    
-0.12177    
1.05467    
0.05339    
2.95957    
1.10266    
-0.96314    
2.57484    
1.01762    
3.46070    
1.00442    
0.04391    
0.53162    
0.07636    
1.56394    
-0.49831    
3.87550    
4.79770    
-3.44923    
0.06022    
2.02789    
0.53788    
-2.03231    
1.53117    
0.95277    
-0.48432    
0.08416    
-1.90245    
1.98608    
0.11380    
1.96135    
0.20715    
0.58049    
3.11857    
0.58226    
-0.01681    
0.98686    
1.52190    
2.92201    
0.20030    
5.38976    
1.54373    
-1.91755    
-1.29478    
-0.04276    
1.03212    
0.57638    
3.95593    
2.53679    
0.88457    
2.00237    
0.54285    
0.57761    
1.05697    
-1.42598    
1.12480    
0.09875    
2.45923    
1.87933    
-1.01724    
0.05814    
2.36776    
-0.54935    
1.88286    
0.07317    
0.43890    
-1.05346    
1.56117    
1.09420    
2.99835    
4.81303    
2.39175    
2.08415    
0.06016    
3.31136    
2.13042    
1.39189    
4.85228    
-0.97961    
0.85706    
5.94740    
5.47073    
-1.38719    
4.43468    
0.44415    
1.46109    
0.96224    
0.65634    
1.84671    
1.39867    
1.52744    
2.58370    
2.10340    
5.96240    
1.93630    
0.20324    
0.58641    
2.02706    
2.03574    
3.53245    
-0.96439    
4.40725    
0.57695    
2.55386    
2.44192    
-0.92129    
0.96478    
-0.09641    
-0.04983    
3.94297    
1.51011    
2.12309    
0.00536    
0.92003    
2.42407    
3.86247    
2.97890    
1.53489    
3.05354    
1.89055    
1.88233    
1.88114    
3.96945    
0.98918    
1.92355    
-1.96997    
2.88526    
2.07086    
2.08932    
2.05417    
0.09907    
1.44280    
-1.78220    
2.07524    
1.94668    
0.42584    
4.30466    
1.14162    
2.03204    
-1.02567    
4.52035    
1.12043    
1.00605    
0.19932    
1.98839    
1.91200    
1.53027    
2.94807    
2.98461    
1.96763    
1.53012    
-0.06334    
-1.46516    
0.06308    
0.96308    
-0.09083    
1.06306    
3.81917    
-0.98288    
2.15080    
3.98215    
2.88276    
0.10238    
-0.83856    
2.97560    
1.52628    
0.19359    
1.10113    
2.46697    
0.95867    
1.14487    
1.47813    
0.62158    
-1.52138    
1.51051    
1.04845    
0.13370    
1.57206    
0.73281    
0.64307    
1.81136    
1.51308    
3.87852    
0.01003    
1.44301    
1.02280    
1.96251    
3.87657    
0.01708    
0.11837    
2.06184    
2.15931    
0.95775    
1.56171    
-0.54135    
2.93685    
-0.13069    
3.86396    
0.03606    
4.80131    
1.15792    
0.52793    
0.92686    
0.02373    
-0.11195    
0.02864    
0.03486    
4.00609    
0.11101    
-1.05340    
2.48944    
0.55194    
-0.98375    
0.38542    
1.83593    
1.09557    
0.84449    
0.84566    
1.45117    
0.48598    
2.55309    
4.99738    
1.49675    
-0.55923    
3.01248    
2.05190    
-1.09862    
1.63117    
1.96941    
2.97910    
-0.02243    
2.47638    
2.85028    
-0.43909    
3.00280    
2.08967    
0.10569    
1.07125    
1.33481    
4.89996    
0.56201    
-0.59748    
2.57589    
0.04955    
0.40801    
2.88190    
2.02989    
2.53851    
-0.91215    
2.04395    
4.90443    
2.44786    
1.90744    
3.93412    
3.01186    
1.45578    
-0.47948    
1.00514    
0.03544    
0.01430    
1.95947    
-1.49479    
3.41258    
0.48568    
-0.01608    
2.92834    
2.95591    
0.98067    
0.04123    
1.53293    
1.04852    
3.01722    
2.01197    
0.00535    
-2.08647    
-1.81725    
1.06690    
-1.87784    
4.77808    
1.50935    
1.94570    
-0.97745    
1.10727    
-0.09342    
0.46135    
3.42448    
1.12066    
1.19801    
0.92588    
1.37402    
0.06999    
1.04929    
4.88437    
2.49871    
-1.17457    
0.40959    
1.95338    
2.00213    
1.98139    
0.09517    
4.46644    
1.50158    
0.59802    
1.06663    
-1.82480    
-0.83381    
-3.27348    
-0.01227    
1.02336    
0.94059    
4.01630    
1.50959    
2.96038    
0.10643    
1.55576    
0.66050    
0.67260    
0.14465    
1.45983    
1.57094    
0.93824    
1.09794    
0.00628    
-0.59149    
-0.94455    
2.44846    
3.97978    
2.04419    
1.02614    
2.98277    
-1.41543    
-0.80038    
4.04702    
-0.52005    
1.99631    
-0.45301    
1.13780    
-1.00703    
3.84770    
-0.91458    
1.50672    
2.05210    
-1.46781    
0.99417    
-0.05990    
1.54161    
-0.03854    
2.39787    
0.02561    
0.97117    
1.99573    
0.67836    
0.05222    
2.03652    
0.59291    
0.09562    
4.80472    
3.96516    
2.96598    
-0.08469    
0.04890    
5.34434    
2.99150    
0.55481    
1.08046    
2.87191    
2.98331    
0.44592    
1.04871    
0.95795    
1.91617    
2.04423    
-1.39603    
0.45642    
3.17534    
-0.05832    
3.81309    
3.87531    
3.90346    
1.01296    
-2.35718    
-0.49065    
-1.06082    
1.06966    
-1.06044    
-2.35673    
2.31253    
-2.40865    
0.95056    
1.07336    
1.99727    
1.94462    
2.95447    
0.06332    
-1.90136    
-1.87252    
0.80029    
0.14718    
0.55057    
-1.01336    
2.99200    
-0.96307    
-0.59542    
2.82296    
-0.03361    
1.59703    
0.09231    
1.96244    
0.97424    
-0.01620    
0.92134    
0.04730    
0.49009    
3.01930    
2.09761    
2.42179    
-1.89071    
4.37881    
0.03819    
1.51502    
1.42422    
1.87278    
-0.98902    
1.94020    
1.11561    
0.97413    
3.93790    
0.57128    
3.97283    
-0.52955    
0.99432    
2.90957    
1.46788    
2.04726    
-0.04240    
1.44096    
3.03713    
3.01205    
1.06663    
1.92063    
0.28469    
0.55531    
1.89602    
-0.42067    
0.03904    
1.92527    
2.93113    
2.85204    
2.06208    
0.44950    
4.91638    
3.46070    
1.14296    
-1.38913    
2.89263    
-0.99434    
0.92154    
0.94332    
1.87559    
1.97775    
2.91404    
0.69097    
2.94179    
5.00517    
1.00089    
3.05988    
4.02892    
0.89538    
1.09280    
3.74716    
0.45826    
-0.93678    
-0.48281    
-0.06049    
-0.13179    
1.09556    
-1.99790    
-1.01518    
0.53931    
1.00212    
1.95639    
1.04554    
-0.03346    
1.01794    
4.87419    
1.90368    
2.48224    
0.01438    
-1.11050    
2.99813    
0.55363    
0.58894    
5.84954    
2.47572    
0.01049    
1.92253    
0.10062    
0.02098    
1.99834    
0.45418    
0.08439    
-1.32215    
-0.11062    
0.92876    
1.83750    
1.97088    
1.03983    
3.02674    
-0.04387    
-1.93055    
3.03201    
0.91399    
-0.02932    
-0.04153    
1.84198    
2.01269    
3.88017    
3.97657    
3.93061    
-0.99108    
0.17876    
2.04038    
-3.88715    
-0.83956    
4.56523    
-0.50036    
3.00503    
-0.98010    
2.42465    
0.01804    
2.04389    
1.08482    
-0.46328    
1.03113    
1.07592    
-0.56087    
-0.94488    
1.24789    
0.96048    
-1.46589    
1.96204    
0.60671    
-0.02841    
0.53051    
0.07600    
-2.01672    
0.09444    
1.81007    
0.11182    
0.88051    
1.11530    
-0.80013    
1.11013    
1.08865    
0.12134    
1.00819    
4.80969    
3.02459    
3.07203    
0.99009    
-0.45494    
1.97197    
0.99336    
2.05137    
-0.90163    
2.14552    
3.93444    
-2.91226    
-2.96252    
1.09652    
3.41071    
2.18260    
-0.87353    
1.53211    
0.02042    
0.65631    
4.42894    
4.78798    
-0.87244    
1.98901    
2.93668    
-0.02021    
1.56083    
0.90923    
0.51146    
4.95103    
5.01898    
1.47967    
0.01275    
4.01512    
5.15064    
-0.92359    
0.17874    
1.02265    
1.94367    
3.88977    
4.92105    
-1.00399    
0.90623    
1.14073    
1.01907    
0.13427    
-0.52662    
1.92444    
0.70651    
2.84861    
3.36851    
1.01165    
1.00953    
1.46503    
2.03557    
2.00470    
2.34312    
0.50362    
0.52021    
2.83756    
0.68104    
3.01192    
3.90701    
2.09061    
1.86491    
-2.13729    
0.84915    
1.48894    
-1.87337    
2.55450    
0.04247    
1.43820    
3.00258    
-0.87112    
2.87218    
2.50630    
2.56228    
1.49712    
0.98241    
5.48974    
0.59220    
5.80107    
-2.88635    
0.14561    
1.90400    
0.60438    
2.52252    
2.94831    
0.49828    
-2.02305    
-0.12560    
0.34314    
0.52280    
1.45375    
3.72412    
1.11854    
0.59383    
1.36976    
-0.01105    
5.01978    
-1.91512    
0.43801    
-0.52801    
-1.77500    
1.50827    
0.98810    
3.26589    
0.06752    
1.69417    
1.05753    
0.98999    
1.90182    
0.06498    
1.08698    
-0.48164    
3.00011    
1.08262    
0.91777    
0.01993    
0.52920    
1.93090    
0.17663    
0.05012    
1.04004    
0.04541    
2.38924    
-0.42510    
0.98661    
4.42865    
-1.44274    
1.50713    
1.03807    
0.03942    
0.03731    
2.94487    
2.95394    
3.82590    
-0.04674    
0.01293    
2.03148    
0.50564    
2.01128    
-0.90016    
1.08488    
1.16550    
0.16466    
0.94933    
0.90135    
1.44179    
2.03375    
4.86465    
0.98835    
3.87583    
1.03320    
2.04007    
-0.92053    
1.02135    
1.03709    
-1.92142    
-0.85076    
1.85851    
2.46442    
2.98724    
1.92843    
1.00418    
1.06807    
0.15129    
1.39716    
0.48995    
2.99666    
1.98752    
2.42590    
2.11164    
0.94770    
0.05856    
-1.46194    
2.08194    
1.11304    
-0.89266    
1.96123    
0.48786    
2.05142    
-0.44564    
-1.94111    
2.55868    
2.13742    
0.44482    
0.98797    
-1.94398    
0.06987    
3.40515    
3.05166    
-1.09236    
0.02429    
0.48704    
0.58780    
1.88155    
0.55796    
4.00962    
1.10865    
3.98357    
-1.45227    
1.54985    
-3.77465    
2.97324    
0.46012    
0.11211    
-1.85431    
-0.92823    
0.89474    
2.95947    
3.46123    
3.88678    
4.94033    
2.54591    
0.53716    
-0.91190    
-0.38113    
1.81097    
1.02477    
0.04023    
0.93213    
0.96040    
0.53961    
4.85560    
0.95871    
1.03340    
2.13305    
0.12457    
-0.95801    
2.01041    
3.45165    
-0.90300    
3.59816    
2.02276    
4.93253    
0.55309    
0.98485    
0.19803    
-0.45724    
1.93103    
1.47799    
2.86328    
2.49653    
-0.44287    
0.98336    
0.04851    
1.98608    
-0.11609    
2.88570    
1.00735    
-0.00587    
3.02735    
0.26526    
1.86133    
-2.41837    
-0.04597    
3.01136    
-1.07546    
-0.00200    
2.59424    
2.92965    
1.09876    
1.91069    
1.53529    
1.02466    
4.46675    
4.13251    
2.91213    
0.01419    
1.35220    
-1.45537    
4.89701    
0.13767    
-0.87116    
2.93078    
0.98401    
1.07092    
-0.38273    
0.09098    
0.95989    
1.59595    
-0.47405    
0.41009    
2.01299    
1.40662    
-1.88874    
3.00605    
-1.03372    
0.09747    
2.86952    
3.36712    
0.57745    
1.12656    
-1.95938    
0.52906    
0.57670    
2.97605    
2.91494    
-0.43033    
0.11392    
3.78728    
0.92354    
1.50797    
0.06568    
3.87733    
1.99961    
0.02864    
2.09611    
3.71715    
0.99401    
0.04905    
3.88570    
4.94140    
-0.02539    
-0.50993    
