4.60476    
3.83997    
1.63195    
1.06914    
5.96844    
3.72588    
-0.79814    
-0.01954    
1.18147    
4.88148    
5.09101    
3.50836    
2.02396    
5.92803    
1.98488    
2.93536    
3.93109    
6.46376    
4.81424    
1.81546    
5.39144    
1.60991    
2.88015    
5.84379    
4.92873    
4.99294    
4.97520    
2.70189    
2.68251    
2.12902    
-0.56065    
2.93157    
1.92202    
5.03441    
3.03625    
3.35925    
-1.24952    
1.97225    
3.81262    
4.86172    
2.10905    
6.99416    
6.93800    
4.95478    
2.03382    
4.89058    
6.30748    
3.08297    
1.57118    
6.73787    
3.46342    
4.99308    
6.05268    
5.99918    
2.04009    
4.97679    
0.43401    
2.01906    
2.96866    
3.05902    
0.53575    
3.51563    
6.85605    
3.81909    
1.78474    
4.01774    
3.20004    
-1.74833    
9.76955    
3.94941    
4.42747    
4.98757    
1.97635    
3.09139    
3.08192    
4.90335    
4.27926    
3.04298    
2.90591    
3.51072    
1.93316    
1.08869    
4.10140    
3.89056    
3.86374    
2.51608    
-0.96238    
3.98303    
4.02059    
0.72063    
2.93800    
4.03824    
3.88513    
6.88367    
5.80862    
1.87037    
3.98537    
2.05198    
5.92075    
2.60696    
0.94352    
2.08423    
2.18793    
3.03826    
3.02212    
6.83647    
5.85935    
0.42141    
6.91938    
1.54117    
1.92951    
3.04922    
0.08346    
6.61644    
1.56009    
5.98490    
4.47562    
6.03571    
2.99188    
9.20980    
1.17821    
8.97914    
3.97106    
4.02393    
5.83914    
-0.95165    
5.91821    
-0.82751    
3.94575    
2.49171    
2.40920    
0.52878    
5.89304    
5.99072    
1.47200    
-1.28012    
-1.42568    
-0.86121    
5.98224    
1.00805    
1.05888    
3.95781    
5.84837    
6.94809    
7.09203    
5.41208    
2.02296    
2.09622    
-2.91879    
2.58552    
1.89848    
5.30922    
5.94307    
2.17993    
3.83209    
4.89804    
4.97804    
1.14850    
3.83733    
2.56458    
3.39942    
5.19248    
1.15602    
5.85790    
1.04596    
-1.10891    
1.49656    
5.94770    
5.47211    
5.84411    
2.95687    
1.20327    
6.00022    
3.92542    
4.85602    
3.02059    
2.44478    
4.82172    
4.20506    
-2.72981    
5.96236    
5.07889    
4.45768    
3.96002    
1.11186    
-0.89455    
4.61055    
3.88424    
6.44293    
3.45040    
4.37913    
4.91706    
3.55769    
5.88885    
5.26800    
4.74610    
3.64262    
3.97587    
4.94863    
3.53362    
-1.51323    
-1.37275    
1.50439    
-0.91288    
3.76175    
4.31481    
-0.86281    
0.96599    
3.39282    
3.07461    
3.00886    
-0.16540    
0.67427    
1.19423    
2.08619    
1.00563    
3.05774    
2.17347    
1.09723    
2.07319    
7.37841    
-0.77209    
5.90491    
2.65495    
1.11610    
0.13081    
4.78502    
4.94140    
1.90232    
1.36173    
4.05323    
3.90001    
4.86477    
4.46337    
2.60044    
5.09161    
2.46283    
4.49720    
5.43614    
3.06300    
3.87905    
0.97525    
1.43290    
-2.01659    
2.06779    
5.78839    
0.18944    
4.11251    
3.04805    
1.27045    
4.56482    
4.88414    
3.14719    
5.53732    
1.92054    
0.18603    
2.07158    
4.00044    
1.99994    
-0.36283    
3.44253    
3.00708    
2.98234    
1.98965    
2.59440    
4.32769    
4.92707    
4.99073    
3.89950    
3.98976    
4.99912    
5.08239    
2.88281    
2.09565    
2.04383    
0.28832    
4.04839    
4.26555    
6.85652    
5.01846    
4.76390    
1.04333    
3.95739    
2.01809    
4.83146    
1.65207    
5.00042    
2.97993    
4.05888    
2.92624    
4.88551    
4.79848    
4.81519    
2.35631    
4.91342    
2.50194    
8.28073    
1.61990    
7.93086    
0.18505    
3.88118    
4.90893    
2.91439    
3.59820    
6.38144    
6.03715    
5.39693    
7.86657    
6.76195    
6.80240    
-0.72889    
4.86548    
3.95984    
8.31931    
-1.90076    
1.15645    
2.57590    
1.05227    
7.28026    
2.16911    
4.55046    
0.96858    
-1.26480    
5.00523    
1.10165    
3.07764    
5.90352    
1.64207    
-0.61675    
1.98585    
3.09489    
2.04308    
4.81040    
3.58368    
3.41270    
2.81081    
3.44316    
7.75195    
3.08195    
3.03688    
-1.35231    
6.88333    
3.91099    
4.78207    
2.84262    
5.38123    
5.46536    
0.95231    
1.29026    
2.27747    
5.08710    
4.86153    
6.04522    
3.94854    
3.01179    
-0.37048    
3.11390    
2.03779    
2.81863    
4.49895    
5.44578    
3.40048    
0.31147    
4.90060    
8.90701    
4.23892    
3.13132    
3.41928    
1.17329    
2.57455    
6.92252    
4.04924    
3.10472    
4.09551    
-0.72834    
6.84271    
2.56731    
1.91164    
0.96890    
3.98215    
5.38620    
6.94954    
0.07741    
2.08385    
6.06065    
6.53078    
4.01583    
5.29443    
5.50711    
3.97431    
2.98786    
-0.98920    
1.97222    
3.02047    
5.91016    
8.72508    
3.97671    
5.96772    
5.08419    
3.55233    
1.12357    
3.98964    
3.18379    
2.03718    
6.43257    
2.94420    
4.48615    
2.40103    
2.92895    
4.00073    
6.03667    
2.84945    
-0.99010    
2.13057    
0.83903    
1.01962    
8.86490    
5.05128    
-0.85694    
4.41450    
0.67283    
4.31939    
0.97913    
2.11351    
3.09415    
4.91341    
0.29952    
2.58064    
3.94554    
4.91234    
2.88019    
7.86224    
4.45544    
6.92609    
7.89119    
-0.02625    
2.49784    
-0.00476    
3.93233    
4.04704    
3.84899    
1.87525    
1.07428    
5.84769    
2.49783    
4.04846    
1.96415    
6.85467    
4.18961    
2.08652    
4.96101    
2.55758    
4.98632    
3.15119    
2.13776    
1.01107    
0.65591    
2.57634    
2.04044    
3.89095    
5.73595    
4.88397    
7.92881    
4.54473    
2.10029    
6.38463    
5.15020    
2.55938    
5.10066    
3.99380    
6.99866    
6.91677    
1.02941    
4.20166    
4.93669    
5.96253    
1.05745    
2.13325    
3.01019    
-0.41255    
3.96367    
0.21119    
2.66153    
2.90580    
5.14646    
1.16221    
7.81002    
4.02109    
3.91359    
4.94781    
2.91442    
5.80923    
5.05006    
5.11499    
4.99860    
2.60323    
4.49118    
5.91822    
2.95750    
-2.86679    
0.98758    
4.04715    
2.01716    
6.99923    
4.31147    
2.93687    
1.14760    
3.01672    
2.16231    
5.81163    
4.74080    
3.94999    
4.46969    
4.81486    
5.02959    
6.06762    
1.03116    
3.83676    
0.19739    
8.85117    
5.92268    
3.96938    
3.79032    
4.51180    
1.15470    
8.85844    
9.26237    
5.87913    
1.61310    
0.63337    
1.07182    
5.00361    
1.49491    
2.52493    
1.46706    
3.88516    
6.41067    
-0.00478    
6.37235    
3.07854    
3.45545    
5.39219    
4.74201    
3.10916    
2.11108    
3.97280    
2.12747    
5.66042    
0.88983    
2.96967    
2.93629    
1.14302    
6.85657    
2.01084    
1.01122    
2.97672    
3.92936    
4.53345    
3.17025    
7.74716    
2.27998    
7.36910    
1.15660    
1.30761    
5.89233    
2.95560    
5.40446    
1.98488    
3.56278    
2.98088    
4.12263    
6.30850    
5.80662    
-0.92807    
5.12940    
3.90211    
6.49579    
5.74908    
3.42969    
2.74636    
5.94613    
4.48756    
2.92546    
1.15791    
2.00694    
-2.81552    
5.88152    
4.88206    
2.39686    
6.28002    
2.40968    
3.46708    
7.68547    
2.11376    
4.39950    
3.60579    
0.17845    
3.91075    
4.07046    
0.73310    
1.94399    
2.27126    
5.03642    
5.41447    
3.95189    
2.00994    
3.96123    
2.14999    
3.99775    
4.02555    
5.90138    
1.63492    
2.25668    
2.06262    
4.93470    
4.50520    
3.92218    
1.83333    
2.89197    
2.45621    
2.89538    
1.09866    
4.84790    
3.02559    
6.26679    
7.49479    
5.05491    
1.82949    
3.51139    
0.06925    
1.41501    
2.98121    
2.95452    
3.32541    
1.07779    
6.30845    
4.00724    
1.14735    
5.09494    
2.93804    
4.86905    
4.09735    
4.05952    
4.98041    
7.63713    
5.05126    
2.00806    
7.03355    
0.59524    
3.44091    
4.43217    
4.00740    
5.57739    
4.07222    
4.58625    
6.84475    
3.00278    
2.05375    
0.08251    
4.08799    
2.92804    
2.14983    
2.91580    
2.96977    
5.07555    
6.44795    
3.57754    
3.90996    
2.01586    
2.15965    
3.35236    
0.05897    
2.88182    
2.91837    
8.30577    
3.91951    
3.92193    
4.94932    
4.97339    
2.58627    
8.08113    
1.08970    
3.03173    
1.03698    
4.10568    
2.40476    
2.89232    
2.92369    
3.92446    
5.09477    
8.71344    
0.57960    
0.99945    
-1.04146    
8.02839    
5.99403    
4.97409    
1.87603    
6.39253    
9.34186    
5.95404    
3.98093    
9.34462    
3.39372    
3.04319    
5.41032    
3.13581    
-1.72749    
3.82151    
2.65285    
4.98652    
3.80159    
3.74458    
-0.32815    
2.91379    
2.51117    
1.97792    
5.01051    
1.52528    
7.59583    
0.32537    
3.06990    
5.00689    
3.83985    
7.42538    
1.95272    
1.91656    
-0.86333    
4.20426    
1.06113    
2.06344    
3.59892    
3.59340    
2.07423    
4.34231    
5.80031    
4.40947    
3.97897    
4.38919    
0.92253    
4.05942    
6.34810    
3.02047    
2.90880    
6.99486    
3.92872    
1.19612    
1.14840    
0.12655    
2.40651    
2.99595    
2.01895    
5.88933    
2.95963    
2.58266    
4.94538    
2.00486    
4.84766    
1.46788    
3.03421    
6.28395    
0.09903    
5.08091    
0.15524    
3.84779    
4.36735    
4.92400    
1.21596    
0.07137    
2.02533    
3.40925    
2.59307    
2.62286    
0.49755    
6.57109    
1.05203    
5.07009    
1.59856    
0.03649    
7.06020    
2.17350    
5.98152    
3.09504    
2.16590    
5.80255    
4.47454    
4.93031    
4.71259    
-1.78984    
0.04722    
5.91412    
1.93732    
4.72022    
6.88520    
3.09913    
7.45245    
3.46543    
5.95088    
3.91697    
3.91099    
3.97579    
-1.93309    
2.51299    
3.01271    
2.69798    
5.00866    
2.09138    
3.20136    
2.91502    
5.90302    
5.09014    
1.99848    
5.40575    
2.66733    
1.03430    
0.49830    
4.48292    
3.84108    
7.05868    
4.47887    
1.00096    
1.82346    
6.18873    
3.01623    
10.43378    
1.01052    
6.49468    
1.53074    
3.11750    
1.23871    
4.03735    
5.89250    
3.00649    
2.87957    
2.12099    
4.97905    
1.97977    
1.38120    
4.41560    
0.93149    
3.36898    
4.92416    
3.96067    
1.69684    
2.02745    
-0.26994    
0.02362    
2.08617    
3.42674    
-1.86369    
2.52198    
3.79002    
2.07199    
3.87501    
4.03553    
9.80300    
6.86333    
0.55841    
8.93258    
3.98785    
1.18961    
3.03291    
2.99981    
5.14886    
6.77162    
-1.71201    
2.01419    
4.38988    
0.60851    
7.44668    
1.03843    
7.82633    
0.53402    
-1.93894    
5.12767    
1.05162    
3.47672    
0.61869    
7.03899    
5.92544    
0.97860    
1.95055    
1.97821    
-0.74695    
4.12600    
1.96184    
2.68264    
3.39880    
4.53320    
4.95964    
5.98790    
7.36544    
1.40052    
1.06615    
3.46538    
4.09576    
7.03100    
2.90064    
4.82277    
5.29004    
-2.73700    
3.05814    
5.07649    
6.80835    
-3.71937    
4.58948    
6.74025    
0.53895    
5.33358    
4.50265    
3.40803    
2.93906    
3.98721    
5.92669    
5.08769    
4.97472    
2.04522    
1.03544    
3.49851    
1.63129    
1.54422    
2.96841    
2.97500    
3.43886    
3.93258    
-2.76740    
1.96392    
7.89964    
7.49435    
3.95713    
3.81941    
0.63012    
2.19388    
1.53231    
5.16349    
4.12861    
5.93574    
6.95201    
4.83994    
1.11191    
4.10660    
5.80397    
3.83138    
6.90687    
2.14035    
0.95780    
2.93735    
4.11748    
5.97019    
4.98050    
3.02310    
4.66661    
1.02212    
7.44208    
2.50974    
1.91930    
1.52402    
7.70038    
5.73975    
4.49771    
2.84157    
1.15071    
5.02388    
3.76475    
5.39058    
2.92243    
5.08690    
0.93034    
4.01066    
2.09371    
5.10620    
2.99271    
6.35169    
0.16017    
4.99793    
2.54443    
5.06407    
2.98076    
2.03958    
4.10744    
3.41598    
1.14682    
5.79678    
1.95469    
2.93400    
2.49612    
8.73435    
1.20993    
1.13101    
2.15154    
2.02124    
3.18411    
4.13759    
3.03127    
3.97929    
2.00518    
3.53680    
3.52091    
4.02438    
5.97526    
1.59603    
5.98105    
4.86115    
4.35154    
7.83381    
2.38892    
5.42142    
4.00720    
4.98325    
0.33935    
2.60660    
4.05659    
-0.80308    
6.76655    
4.42377    
3.73165    
3.72564    
1.89695    
5.47067    
5.91810    
4.92353    
4.02756    
5.88827    
2.12305    
1.95425    
1.73090    
4.93699    
4.93010    
0.15145    
3.13115    
4.10073    
1.93110    
2.09855    
1.99359    
1.90329    
6.03307    
3.01542    
2.23715    
2.47504    
3.03793    
8.24090    
2.95557    
4.06074    
3.88491    
1.89403    
6.86721    
5.86960    
6.83652    
5.93428    
3.52278    
2.10746    
4.86120    
2.05348    
1.94610    
1.02255    
-1.84126    
2.99914    
2.00140    
1.97968    
1.13353    
2.36748    
0.12119    
5.08599    
-0.78025    
5.07431    
0.12331    
1.95424    
1.01428    
2.84276    
6.49091    
5.07641    
1.06913    
2.09495    
-3.81928    
4.91777    
3.84304    
3.96499    
5.90148    
5.84256    
3.82649    
3.65419    
-0.02920    
5.94253    
-0.84581    
5.80572    
6.42172    
6.93302    
6.36520    
6.44156    
2.84078    
1.16169    
1.20218    
0.92083    
4.02178    
0.13571    
4.93190    
2.12260    
1.66229    
5.60686    
8.43868    
3.96409    
3.88817    
1.07301    
5.10912    
2.18749    
6.81993    
0.43093    
3.95693    
5.87890    
1.75289    
3.54512    
3.06751    
3.51639    
5.89750    
-0.70804    
6.34295    
4.98930    
2.99088    
0.00286    
5.87388    
5.93760    
2.54305    
1.92923    
6.81374    
2.29841    
0.94816    
4.95771    
3.16841    
3.99306    
7.98001    
4.00201    
3.55025    
3.35251    
6.42661    
2.92514    
7.14969    
3.09392    
-0.07919    
5.47565    
8.81059    
2.87093    
3.97369    
8.79131    
7.95506    
2.47058    
4.82336    
3.96708    
0.04615    
3.16661    
5.16673    
0.73023    
2.46956    
7.30833    
5.98676    
4.09297    
7.03629    
5.11973    
3.13904    
4.83774    
2.96402    
5.82404    
4.92670    
2.12867    
4.93261    
3.47975    
2.96096    
6.49732    
3.09309    
1.59533    
5.87790    
-0.65447    
1.92162    
6.81908    
3.01370    
3.49209    
4.13769    
3.16709    
3.10720    
3.03056    
5.99927    
3.91091    
4.18560    
1.04545    
3.92411    
3.04612    
6.87403    
3.96107    
2.13110    
2.72191    
2.56703    
-0.04148    
3.05613    
1.97088    
3.07022    
5.03584    
3.06118    
8.81382    
4.14424    
3.09692    
6.97708    
2.10895    
2.06505    
4.77975    
7.86310    
3.92128    
2.16003    
3.53514    
1.89477    
4.91870    
6.38658    
0.99035    
4.80944    
3.09187    
3.00272    
4.88032    
4.05648    
3.00799    
4.87005    
2.97133    
1.08304    
0.17006    
0.06471    
4.85657    
6.80989    
1.07406    
6.38390    
2.90838    
5.91246    
4.97170    
4.99341    
5.36790    
5.91941    
0.08137    
0.43178    
4.82453    
3.96838    
6.96416    
3.69594    
4.11318    
4.01822    
3.22467    
1.07943    
0.97860    
1.97071    
3.87624    
10.32861    
5.95465    
2.53739    
3.00655    
4.02078    
2.00873    
3.69880    
2.96151    
5.50408    
3.84845    
1.59085    
5.88862    
5.97049    
4.09941    
2.06466    
1.48375    
1.13594    
1.98504    
8.80545    
4.97544    
1.92874    
1.93850    
3.86037    
4.39763    
4.02259    
5.50251    
2.85019    
6.09120    
5.00213    
0.55630    
-1.41512    
3.06397    
6.94583    
4.82746    
6.86519    
5.92018    
3.05653    
3.47570    
3.82970    
2.20155    
3.96323    
-0.73217    
2.22395    
0.02312    
4.94636    
3.08926    
4.02271    
4.21091    
5.97328    
2.03212    
2.20254    
1.07759    
2.04539    
-1.80546    
7.26087    
5.50396    
3.02337    
7.81796    
1.16891    
1.64181    
3.14611    
3.96206    
3.77642    
1.15701    
3.94939    
4.87090    
5.98474    
2.11638    
3.39746    
4.96646    
3.39376    
5.90046    
1.03089    
4.97624    
1.01562    
4.01025    
5.42802    
2.06391    
7.87220    
0.62951    
2.07921    
4.09159    
3.06544    
4.05716    
3.41919    
4.05323    
5.99183    
7.78657    
1.97497    
6.28103    
3.07431    
2.49542    
5.81700    
5.09720    
1.08446    
0.98099    
-0.80556    
3.10457    
4.83191    
4.28398    
0.89888    
1.99833    
1.67996    
2.03645    
2.62155    
4.02218    
1.56844    
8.88005    
4.03319    
0.53560    
5.25440    
5.09473    
7.00142    
3.96152    
5.02051    
3.03735    
4.85870    
1.91158    
3.94346    
3.95575    
2.53464    
4.50037    
1.60895    
5.99028    
2.02245    
8.09408    
4.82435    
4.81511    
0.46982    
4.35248    
1.13447    
0.56899    
-0.31228    
8.77432    
2.84307    
7.01818    
7.72400    
-0.72959    
5.98621    
1.88854    
3.97142    
4.81135    
4.95185    
4.63557    
2.45891    
-2.20897    
1.95311    
5.04853    
1.48051    
6.00613    
0.94832    
4.95935    
3.03628    
1.98682    
4.70811    
3.81346    
2.59374    
1.91537    
5.55318    
4.46331    
3.11448    
5.93373    
1.58605    
3.94035    
9.47710    
2.97239    
5.37565    
0.14419    
0.15205    
6.44505    
0.04655    
4.99386    
2.90720    
2.62201    
2.70013    
2.46054    
1.08841    
2.96548    
3.94331    
4.79959    
2.15812    
6.47920    
5.98095    
0.55443    
0.23259    
-1.37793    
2.79374    
-0.77874    
6.85804    
0.07919    
3.86747    
5.41776    
3.97052    
0.18070    
4.46381    
1.65785    
-1.39033    
4.55607    
2.18911    
6.22151    
4.96961    
4.95305    
6.69657    
2.05946    
3.35651    
4.10943    
1.54775    
4.82238    
2.08390    
2.54206    
5.88872    
1.68239    
4.62513    
2.13137    
1.61721    
6.97445    
5.02306    
3.44841    
2.61154    
7.42605    
0.13141    
5.99785    
1.95727    
1.82458    
5.73597    
8.29153    
4.93599    
1.94170    
4.99599    
8.35766    
5.10180    
1.85487    
7.77604    
2.11158    
-0.42613    
5.38908    
2.98636    
3.93753    
4.02724    
4.92632    
1.90369    
3.46684    
2.93934    
4.08556    
4.00077    
1.07428    
4.47037    
2.53382    
2.05044    
1.22635    
7.90469    
4.63271    
-0.81794    
3.82824    
5.08426    
4.95254    
0.98470    
2.04277    
5.94444    
1.55870    
2.90809    
4.99238    
4.46836    
1.95846    
3.03744    
0.02636    
3.95714    
10.48231    
2.56230    
6.90345    
2.00909    
6.33599    
6.44974    
1.59714    
5.01149    
1.31469    
8.84007    
3.49940    
1.98549    
5.55469    
3.09551    
2.01703    
2.97491    
5.78477    
-0.12216    
3.08222    
5.29723    
5.41806    
3.07854    
-0.84592    
6.02677    
5.07835    
6.02655    
3.92379    
-0.97718    
3.92162    
3.95167    
0.98732    
1.11707    
3.03307    
-0.16868    
3.12587    
0.19095    
4.76361    
7.62924    
-1.43762    
2.17382    
-1.38601    
5.90780    
-0.35139    
5.62767    
-0.02118    
7.27390    
7.11255    
-1.78405    
1.80909    
3.47145    
-0.88967    
1.19939    
3.80261    
3.95969    
5.33911    
2.14694    
3.01874    
4.10543    
9.34829    
3.79978    
4.81316    
1.96776    
3.06713    
3.99956    
2.09841    
0.57356    
1.58874    
0.47991    
3.09551    
2.39961    
2.99081    
1.96452    
5.13105    
7.28880    
1.93508    
4.88024    
5.93715    
0.03510    
4.49061    
2.69159    
0.09137    
2.95940    
5.99236    
5.75504    
-0.91863    
2.12986    
6.93306    
2.89683    
-0.90707    
1.91472    
3.63813    
2.53890    
3.93619    
5.09738    
3.95747    
7.77097    
2.42466    
2.08852    
2.12280    
5.82759    
4.95248    
6.02033    
7.84268    
5.26373    
5.51825    
2.60162    
1.99293    
3.08067    
4.97327    
2.03524    
5.01524    
3.01271    
4.07021    
4.00712    
5.14848    
2.57233    
1.06781    
-0.89782    
5.87425    
4.91991    
5.86391    
1.13149    
4.03543    
-1.34106    
6.42084    
3.11787    
3.88060    
4.94253    
6.16904    
3.09740    
3.93727    
8.89756    
2.86322    
3.05393    
3.33676    
3.98443    
4.98254    
5.93431    
1.34274    
1.48385    
3.44267    
4.01852    
6.01010    
3.98672    
5.02417    
3.93741    
1.97973    
4.04739    
2.07637    
3.99373    
3.88008    
3.16162    
-0.34140    
3.54079    
3.00813    
4.42371    
3.08731    
3.15381    
2.11010    
2.09404    
5.95234    
3.47075    
4.85259    
4.90724    
6.00334    
4.99052    
-0.48069    
4.06981    
6.01142    
3.17328    
1.01943    
6.03481    
1.13853    
1.02693    
4.39009    
1.02986    
-0.92218    
1.14306    
5.10432    
3.10128    
3.03920    
-0.76556    
2.62913    
0.66816    
8.85797    
2.12184    
1.96058    
1.19293    
5.11482    
2.47189    
4.70246    
1.09466    
5.96130    
0.11132    
3.95800    
3.75018    
3.56407    
1.90638    
5.40127    
9.83783    
5.79604    
-0.05208    
0.90084    
2.50536    
7.86925    
3.93117    
6.02668    
5.01394    
4.96599    
0.09682    
4.40363    
3.87235    
3.05581    
0.99681    
2.19738    
1.97611    
2.03993    
5.79552    
5.51366    
5.80634    
2.56522    
2.95534    
2.20001    
6.94052    
4.04717    
2.98342    
3.87111    
4.99094    
4.83290    
3.03387    
1.01279    
0.06309    
0.97876    
5.90818    
3.95453    
5.85620    
-2.68182    
2.18616    
1.50008    
-0.74356    
6.87246    
1.05318    
3.06821    
1.56073    
7.29369    
-0.48676    
8.97017    
-0.81992    
3.09873    
6.98047    
3.84875    
5.90992    
6.98028    
2.08509    
2.68765    
3.99137    
2.93940    
6.01641    
3.58394    
4.41178    
1.52428    
5.09079    
4.43227    
2.10401    
-1.97495    
9.29260    
7.53902    
3.14419    
-0.82368    
6.92051    
2.98641    
0.13150    
4.07614    
0.23003    
2.97185    
0.76218    
4.82582    
-1.90392    
1.87197    
5.03376    
4.93205    
3.04459    
2.22423    
4.84592    
5.90313    
4.41440    
3.90876    
4.86735    
1.01984    
2.04043    
3.95527    
5.84316    
-0.82992    
4.49229    
3.95038    
2.90126    
5.78645    
1.46011    
5.86482    
1.78498    
5.02599    
0.04999    
1.89037    
4.05987    
7.79524    
4.56494    
1.99228    
2.09367    
3.82331    
1.92730    
3.14480    
0.43498    
1.52850    
0.12909    
6.35366    
3.67057    
2.09243    
4.32287    
6.48433    
3.01401    
5.94852    
0.15804    
5.15201    
3.86823    
3.03274    
2.01243    
2.15136    
1.01118    
2.15979    
6.98222    
5.14704    
6.80632    
5.54264    
0.89832    
6.86616    
3.97529    
1.98452    
5.97141    
1.85220    
1.20227    
0.91968    
1.11450    
2.87910    
4.98976    
2.06482    
5.43803    
2.85671    
6.93304    
6.82947    
3.92325    
2.02053    
4.94836    
4.15470    
3.94006    
4.75785    
4.48351    
3.99846    
-4.35329    
-3.37613    
5.11742    
3.55718    
4.53681    
3.53198    
1.52505    
3.96942    
5.06213    
9.40118    
5.02126    
6.37001    
1.54366    
3.09034    
4.84112    
2.93704    
3.43928    
2.91250    
2.72375    
6.94670    
4.91957    
4.44227    
2.08732    
3.22097    
4.53410    
-1.00944    
2.20517    
1.86617    
2.92634    
4.98306    
4.99929    
-0.82783    
1.09956    
5.37824    
0.05680    
7.98581    
3.09888    
5.85971    
1.98967    
5.95235    
5.88547    
2.98084    
3.43976    
2.89461    
2.17284    
5.04586    
6.02534    
-1.78127    
7.89187    
0.81628    
2.83048    
2.08735    
-2.38950    
4.34387    
3.99999    
5.96568    
2.02953    
5.85031    
6.99748    
2.12233    
5.95260    
3.04370    
7.94498    
3.40650    
2.05666    
2.47133    
2.96198    
5.40688    
4.37649    
3.05537    
0.97601    
1.05645    
6.56293    
2.99007    
3.92072    
2.89534    
3.10962    
5.49069    
3.58654    
5.03312    
2.02053    
4.84798    
6.07840    
5.06474    
1.97394    
5.44318    
1.58952    
0.00842    
1.08404    
4.00417    
5.48316    
3.25792    
4.99206    
5.91208    
4.83223    
3.09157    
2.85564    
0.07464    
5.08659    
5.47963    
3.02455    
4.44257    
2.84531    
5.04230    
4.74306    
1.99836    
3.10528    
4.97190    
1.60586    
3.08857    
5.90814    
2.07084    
1.97481    
7.28486    
5.07259    
3.92029    
2.91141    
6.95250    
1.99897    
6.28314    
4.72684    
2.25802    
4.87216    
8.66864    
1.96981    
5.75747    
1.85982    
4.91670    
1.94911    
3.90240    
7.03414    
2.96688    
1.96964    
3.47915    
4.97550    
3.99592    
5.38597    
3.19760    
2.96381    
3.85013    
3.95769    
6.87638    
3.45350    
0.26387    
3.85793    
4.95890    
4.34477    
5.50435    
1.94352    
4.98961    
0.07070    
4.81137    
2.84893    
3.96216    
4.98975    
4.96904    
1.15477    
0.24716    
0.73482    
5.03614    
2.79082    
3.40746    
3.93098    
4.05064    
2.97634    
-0.39357    
0.20832    
4.99938    
0.28034    
1.81026    
-0.00721    
2.06644    
3.34333    
8.77280    
4.90315    
4.42141    
3.00327    
2.02539    
2.45587    
1.09291    
4.95240    
2.98063    
1.01161    
5.83471    
2.53136    
2.08362    
4.96402    
3.09521    
3.05451    
-0.29626    
-0.78188    
1.02114    
1.05113    
0.94630    
2.81538    
2.01875    
2.94453    
2.92873    
0.89446    
2.54567    
3.98391    
5.86291    
3.55469    
6.84688    
3.88184    
5.07470    
3.20053    
3.49924    
4.95989    
4.17766    
2.15819    
5.96114    
4.01579    
4.89669    
4.03280    
3.97751    
2.18463    
2.97858    
2.03810    
1.13643    
3.63051    
7.82156    
5.02803    
1.03546    
4.93430    
2.99580    
3.97770    
-0.04751    
3.92488    
2.51493    
4.82111    
4.89898    
6.91799    
3.08084    
5.84298    
4.94981    
-1.82600    
2.75815    
3.88670    
2.16148    
6.81151    
6.91433    
3.11477    
2.99632    
6.85530    
5.39542    
1.88967    
3.97045    
3.07927    
4.85543    
-1.46192    
7.86845    
4.23559    
3.89277    
1.01871    
2.06626    
5.90715    
4.02678    
5.07093    
2.51220    
2.08324    
3.48167    
4.41850    
4.96689    
1.37936    
4.96410    
4.90027    
5.86834    
4.03589    
5.36176    
5.65356    
1.57420    
1.64825    
4.94056    
3.18541    
2.94882    
6.14991    
1.96006    
3.53363    
2.02256    
3.88431    
0.11957    
-2.25890    
1.41598    
3.94659    
3.41231    
2.19739    
2.94307    
3.74714    
3.37727    
3.78167    
6.85015    
5.41192    
1.93990    
5.45986    
6.85545    
3.12648    
1.52743    
3.91620    
3.57385    
2.43189    
1.87127    
6.50312    
2.99776    
6.85359    
1.88517    
4.88228    
6.83056    
0.99979    
10.19401    
3.05126    
-0.04814    
-0.06375    
-0.96198    
1.50251    
3.89429    
2.48327    
2.44282    
2.52677    
1.49302    
3.57283    
4.75590    
-1.27064    
3.88067    
3.96958    
-0.44422    
4.06650    
3.93151    
4.46371    
3.92933    
1.17312    
3.11493    
-0.65940    
6.94099    
5.70694    
-1.03819    
4.62370    
3.87242    
3.65327    
1.39170    
2.08639    
3.12553    
3.37237    
1.07329    
3.04652    
2.95722    
4.03596    
4.83881    
1.09561    
1.07456    
5.92340    
1.05536    
4.88418    
0.14243    
4.91751    
4.85214    
5.10954    
3.52806    
8.87244    
2.85304    
3.02279    
4.03871    
6.95187    
4.03917    
-2.92942    
5.01089    
6.32920    
-0.75881    
3.86997    
3.17602    
3.98688    
5.02892    
4.92670    
2.97592    
4.43666    
7.87542    
1.61726    
1.04701    
4.10755    
3.04574    
0.04562    
3.01633    
1.01960    
1.65120    
3.04399    
5.01083    
5.86668    
3.59081    
3.72199    
6.47720    
5.00668    
4.86467    
6.98983    
6.76877    
5.87941    
6.95248    
4.86116    
4.87195    
1.86232    
-1.26942    
6.35733    
5.49054    
3.96288    
5.09584    
4.61446    
4.84904    
5.12583    
0.04701    
3.86504    
3.85752    
5.69299    
2.58882    
4.98225    
3.81266    
1.70910    
1.55113    
4.52524    
3.01450    
4.86365    
-0.86597    
2.52655    
3.43461    
2.89082    
5.39740    
4.07262    
-0.33898    
6.02816    
7.84074    
4.90586    
5.34587    
-0.33122    
5.97057    
5.92438    
3.38015    
5.16842    
4.57959    
3.06187    
2.99501    
3.07714    
2.93370    
2.08620    
9.12128    
3.98998    
3.16231    
6.05536    
1.54508    
5.18271    
-1.04313    
0.83689    
2.98296    
2.81153    
2.99426    
3.89609    
7.99118    
8.27660    
5.36529    
0.01279    
3.13717    
2.57228    
3.85693    
4.94041    
1.93569    
5.90253    
2.47880    
3.56084    
5.02285    
7.07593    
3.16125    
-0.85327    
3.02117    
4.46536    
4.84397    
2.86005    
4.54826    
2.12453    
3.33051    
2.54001    
-0.16886    
3.05315    
4.12860    
5.02175    
4.50172    
6.99807    
2.96958    
2.08608    
4.86661    
1.59608    
1.95467    
3.82492    
3.03536    
4.02452    
4.11516    
3.96420    
0.17810    
6.79905    
2.19349    
0.69595    
1.11028    
2.04082    
5.81761    
4.97524    
3.19472    
5.96198    
8.88595    
5.79598    
1.25922    
3.96383    
3.90725    
2.19338    
2.57093    
2.48747    
1.11091    
2.30178    
3.92305    
1.60398    
1.00862    
3.87914    
-0.43549    
-1.93168    
6.57095    
2.54004    
3.29577    
5.00512    
7.81334    
2.42519    
5.93761    
1.49902    
2.17083    
0.08534    
4.86169    
4.03902    
5.04022    
3.04253    
4.01311    
1.91818    
7.37657    
1.98436    
3.06625    
4.63160    
3.71819    
1.02462    
5.05695    
6.48539    
3.00000    
7.83899    
3.11650    
2.35419    
3.59805    
3.98354    
5.10636    
3.45585    
1.77975    
3.04184    
3.09538    
10.01952    
1.22443    
-1.82928    
3.97523    
6.72249    
2.53480    
3.02925    
2.18440    
-1.69432    
5.42691    
2.93559    
4.98483    
3.02453    
3.11421    
1.05086    
9.82813    
2.06509    
4.35251    
0.07191    
5.00970    
4.01408    
4.98189    
1.11400    
3.01121    
3.01392    
-1.38486    
-0.84503    
2.62773    
5.93870    
5.05151    
6.99439    
-0.90445    
1.61380    
6.48613    
7.96456    
1.99852    
6.79092    
4.08817    
5.82162    
3.16426    
3.83266    
4.44016    
2.13661    
4.00241    
4.42134    
1.52136    
4.84978    
4.82711    
5.01127    
2.11258    
5.43751    
-0.06670    
5.79042    
4.88971    
4.85422    
3.98879    
0.10413    
4.45200    
4.94282    
0.92063    
4.74958    
1.14910    
0.08496    
3.87247    
-0.78268    
6.02030    
4.97241    
0.14933    
8.58277    
3.91047    
1.92938    
3.84856    
3.97947    
2.70217    
3.43386    
5.03821    
2.56673    
2.02542    
6.95554    
-0.88921    
5.27210    
-0.37270    
3.88086    
0.09867    
5.32547    
9.07630    
0.26857    
1.96916    
3.85235    
1.00472    
3.08191    
2.14578    
5.83628    
4.03770    
5.85282    
4.02717    
4.22164    
3.95447    
0.97643    
1.89159    
5.41442    
3.47870    
1.00281    
1.64398    
5.77594    
2.89890    
4.82749    
0.24435    
5.89742    
1.94351    
3.06390    
3.02267    
1.58027    
4.99465    
5.17064    
5.94060    
2.13304    
4.09851    
4.93797    
6.05651    
8.25422    
5.99703    
6.42587    
8.93110    
5.74575    
1.17501    
3.98913    
4.40294    
-0.02582    
3.99046    
4.02311    
4.07303    
2.98935    
4.93657    
6.92797    
4.99918    
6.41167    
5.88649    
7.00428    
6.78415    
7.79750    
2.87143    
2.01790    
0.54942    
6.01572    
2.87952    
0.00142    
1.08383    
5.95734    
3.55679    
5.97019    
0.12237    
3.96602    
6.00746    
1.61891    
1.13237    
-0.49666    
3.95455    
6.33523    
-2.28209    
2.98529    
3.47088    
4.99713    
2.95467    
2.97296    
2.16388    
2.61996    
0.26729    
4.32550    
2.05500    
1.52646    
4.58007    
-0.79784    
4.78708    
2.96551    
5.87066    
5.02233    
1.83377    
5.93127    
4.42236    
4.08320    
2.90295    
6.69874    
3.06848    
5.87179    
0.48450    
6.80041    
3.48620    
4.00260    
2.92086    
4.35675    
-0.00583    
1.14172    
3.13815    
8.95932    
3.15429    
1.47881    
0.95027    
5.13425    
5.03060    
5.02005    
0.16892    
-1.45134    
2.23293    
4.95186    
0.64939    
-0.44748    
2.49594    
6.28851    
3.51242    
4.05515    
2.89017    
8.94449    
4.01296    
5.00749    
1.13829    
-1.35975    
0.95984    
3.99655    
4.08915    
2.97960    
5.88891    
6.55731    
4.05325    
2.15530    
3.92233    
1.50857    
-0.39195    
3.96645    
7.51340    
8.87821    
6.96469    
2.34415    
3.97625    
3.59188    
1.18456    
2.05663    
3.91309    
3.69770    
2.06260    
1.90773    
6.81540    
4.92034    
2.44729    
4.01778    
1.94319    
3.98881    
5.46401    
6.66302    
3.79630    
3.99876    
3.92172    
0.67662    
3.94868    
3.35824    
3.89854    
4.01558    
-0.18994    
5.97996    
1.95742    
6.91487    
1.25092    
1.03229    
4.97381    
5.98274    
0.15084    
1.03731    
2.43228    
4.09100    
5.41711    
5.45372    
-2.93882    
4.43509    
0.08680    
2.92176    
0.04432    
2.15902    
1.97309    
2.59853    
6.85443    
3.77260    
4.79692    
-0.71677    
3.04516    
7.82802    
1.16244    
6.79934    
4.86277    
1.99109    
0.54397    
6.54557    
0.57920    
2.66255    
4.03521    
3.46126    
2.21759    
6.43482    
0.56758    
4.92141    
2.58318    
4.76248    
1.97237    
5.93481    
3.88131    
2.93792    
5.47068    
-0.01472    
0.92771    
4.87595    
2.02562    
7.66806    
4.93294    
2.52388    
5.56735    
4.95626    
1.55970    
6.97986    
1.64060    
4.65265    
4.09100    
5.87784    
5.13801    
1.97970    
0.84961    
4.03774    
4.99879    
3.93473    
4.94865    
9.64731    
5.39486    
5.49755    
0.50944    
5.37942    
4.87559    
6.92422    
3.04953    
3.98964    
4.96807    
5.35273    
-0.36960    
1.08392    
4.10103    
2.48320    
4.90597    
4.92341    
3.14078    
5.93861    
4.21998    
0.96298    
6.87807    
4.63804    
8.50378    
4.99383    
4.95072    
3.09014    
6.00518    
0.98080    
2.06422    
3.02335    
2.96488    
2.98977    
0.11721    
3.03143    
4.93835    
2.03753    
2.76450    
2.96255    
-0.73300    
5.79541    
1.09987    
3.54026    
0.73655    
7.87950    
4.00690    
2.22877    
5.88436    
0.47578    
2.12410    
6.03278    
3.54440    
4.13600    
2.37458    
2.33725    
2.38693    
5.89811    
7.34805    
2.59072    
2.95426    
-0.32037    
3.62359    
2.09027    
5.93948    
-1.84454    
0.27804    
2.04926    
5.02070    
4.92846    
2.56436    
3.51823    
5.15053    
5.47983    
2.51511    
2.16034    
6.81770    
2.98923    
2.07701    
6.83593    
1.95407    
5.45287    
3.78157    
2.54353    
2.06124    
-0.78236    
3.85341    
2.48309    
1.98393    
5.84765    
3.22646    
3.96688    
-0.39515    
3.09567    
0.43123    
6.28962    
7.87280    
-1.39792    
1.85904    
3.05906    
4.90972    
4.86781    
5.99068    
0.84701    
3.00610    
3.38520    
5.90548    
5.74454    
6.72295    
-0.04542    
5.84569    
2.03821    
1.52701    
3.91586    
2.55555    
6.46107    
4.03881    
3.98898    
1.94451    
1.98816    
0.98619    
1.64946    
3.19731    
-0.91364    
5.03132    
6.56648    
4.94858    
3.91373    
6.58073    
2.89664    
7.87857    
0.55363    
3.93719    
2.95239    
0.12512    
2.17942    
3.20487    
2.09625    
0.03454    
3.02432    
6.79461    
2.09010    
-0.78593    
4.51367    
5.12687    
1.92684    
6.95617    
0.93664    
-1.89689    
1.02490    
4.46577    
3.73259    
6.87562    
0.63540    
2.05547    
2.11370    
5.06400    
2.33341    
6.82387    
2.96305    
4.88133    
-1.40332    
3.98077    
4.03639    
1.73975    
3.41270    
4.61156    
2.06486    
6.48751    
3.99938    
1.19886    
3.53678    
2.00788    
4.89669    
5.01018    
5.14496    
1.59435    
4.99816    
3.05634    
5.90456    
0.12103    
3.40040    
0.41652    
3.96123    
0.65088    
4.02173    
4.94140    
3.94773    
-1.02634    
3.98524    
5.44157    
0.98882    
2.04777    
4.03107    
1.01295    
1.04044    
3.10109    
3.90883    
1.03555    
3.07900    
3.01114    
2.56805    
4.97455    
2.92419    
6.91123    
7.83172    
2.27120    
0.21544    
2.96646    
5.06607    
2.51784    
3.39912    
3.08368    
1.95204    
1.62479    
6.00480    
6.93541    
8.93600    
5.05492    
2.14557    
3.99985    
1.00859    
4.01088    
4.85583    
2.34368    
3.03644    
3.99049    
0.89183    
4.51501    
6.95708    
-0.97743    
3.12393    
5.06014    
1.58316    
5.82446    
2.15729    
0.13615    
5.41895    
5.21282    
0.86126    
5.35072    
5.32803    
1.50852    
1.10715    
4.03131    
2.96591    
0.06154    
5.50773    
3.09132    
3.74150    
1.12836    
6.04265    
2.95511    
7.99208    
3.69736    
5.83434    
3.94225    
1.90069    
5.80360    
4.99914    
3.02148    
6.98181    
-0.84802    
3.52256    
5.03258    
5.95309    
-0.75209    
4.44374    
1.49430    
4.00244    
5.93219    
1.02434    
4.92918    
1.45622    
2.88266    
3.91791    
4.70807    
0.93442    
6.79507    
4.12816    
5.03672    
5.03519    
3.94627    
6.87210    
2.13822    
3.01077    
8.97224    
4.06953    
1.83039    
4.00500    
8.38093    
6.93170    
3.07919    
5.82201    
2.09189    
0.08361    
2.45023    
3.54647    
4.08796    
-1.88367    
2.05977    
1.01634    
4.93818    
3.21836    
5.49201    
-1.03121    
5.99710    
2.50512    
2.17818    
5.95391    
1.00356    
0.15634    
5.95350    
0.08019    
-0.00674    
1.51369    
6.76766    
2.99635    
5.80788    
6.45176    
5.89218    
5.94445    
2.94083    
1.09489    
8.90687    
3.93460    
1.83122    
3.41024    
4.00356    
4.89852    
-1.15567    
1.59677    
1.96110    
2.13099    
4.02056    
3.46613    
3.58843    
2.40743    
4.37685    
3.79802    
2.18997    
5.87046    
5.93827    
-0.92236    
5.91189    
-0.42693    
3.14372    
3.94287    
4.04273    
4.90258    
3.96790    
2.90574    
-1.02302    
3.11831    
1.89991    
1.02921    
2.48888    
2.92203    
2.15461    
-1.91315    
1.05847    
4.98194    
4.98074    
-0.80515    
3.19095    
4.81730    
2.53813    
5.39860    
-0.95926    
6.96911    
3.59829    
7.77152    
1.23752    
7.01916    
5.05298    
1.02110    
2.59266    
4.02431    
1.99969    
4.07711    
1.19140    
2.54559    
4.02865    
8.38358    
1.25097    
4.11807    
2.91899    
3.98157    
5.01274    
4.02774    
4.28652    
1.80061    
3.84493    
4.99881    
3.41512    
2.05475    
3.09671    
4.45175    
1.06110    
0.59506    
-0.78183    
0.66469    
4.49000    
2.07101    
4.91877    
2.00007    
2.97018    
5.98654    
2.95255    
1.51073    
5.97843    
3.86315    
2.93882    
2.92728    
0.22523    
3.94206    
3.15355    
2.86496    
5.41529    
2.07710    
-0.91802    
-0.81241    
4.49125    
1.13445    
4.00751    
4.05380    
4.74273    
4.91547    
4.99048    
4.03186    
4.88277    
5.89564    
5.36786    
5.75650    
5.33894    
6.75295    
1.98133    
2.06265    
4.91296    
2.06089    
0.96627    
2.06562    
1.07217    
3.90513    
3.14855    
1.07633    
5.43212    
4.62971    
0.12117    
2.96912    
4.96718    
2.09430    
3.47681    
-0.95184    
5.71553    
1.93682    
4.98017    
6.51976    
5.07584    
5.54533    
2.91233    
6.79857    
-1.29781    
2.69044    
0.98167    
4.15180    
0.26445    
6.38098    
1.05011    
3.54352    
4.46588    
4.97605    
4.44199    
1.11783    
6.92921    
1.61594    
7.85352    
1.90417    
0.58444    
4.07618    
4.91732    
0.91107    
5.43219    
1.52833    
4.05109    
3.86906    
3.79520    
4.90113    
2.46920    
3.05465    
3.03658    
2.90723    
7.02885    
0.08009    
5.17191    
1.98974    
6.91560    
0.92862    
4.04610    
1.86044    
4.35771    
4.99643    
0.43552    
5.91621    
0.83035    
7.71129    
3.11642    
4.93987    
3.46371    
0.94025    
1.67390    
3.45308    
3.46317    
5.80068    
4.65663    
6.87283    
3.54869    
3.48880    
6.40296    
-1.89542    
1.15807    
2.04916    
4.02053    
4.03651    
4.97823    
7.97839    
3.01498    
3.97289    
2.12147    
2.08955    
8.29569    
4.18568    
0.58786    
5.82042    
3.55754    
-1.91130    
4.21796    
2.04039    
3.81778    
4.05033    
2.57991    
3.92372    
2.97731    
4.91173    
3.88126    
3.82518    
5.18741    
5.03801    
3.49347    
1.82612    
1.98587    
5.86753    
2.01917    
4.48449    
8.42237    
0.97387    
1.98306    
3.24893    
4.05669    
3.55670    
3.11430    
3.05174    
1.02072    
5.17712    
5.49160    
7.75567    
1.69987    
5.05656    
-2.58085    
5.90362    
5.05803    
5.02080    
1.73405    
2.79987    
4.90424    
2.52623    
4.02364    
3.06150    
-2.63528    
6.90610    
2.99214    
5.94001    
3.07224    
3.12391    
3.24436    
1.04877    
2.98966    
4.16960    
2.94722    
5.93393    
2.19942    
4.87461    
4.84554    
-0.46073    
-0.93590    
4.46200    
2.43481    
-0.01461    
2.07950    
2.86352    
2.07807    
-0.09967    
5.53216    
4.94882    
5.01653    
4.80212    
3.89034    
1.89500    
4.92485    
3.03989    
2.09174    
3.49147    
3.97375    
3.41436    
5.83106    
1.01276    
3.04973    
2.04883    
2.92678    
4.99065    
4.48025    
1.15589    
2.24212    
4.48662    
1.45692    
3.04882    
4.46535    
0.16108    
0.26635    
3.91930    
1.02861    
-0.47175    
2.92907    
2.09145    
6.26728    
-3.32390    
5.83774    
1.12933    
4.04149    
-3.80596    
0.96872    
5.01069    
3.03209    
5.01657    
3.95998    
1.68166    
6.04646    
4.03211    
4.03188    
3.93137    
2.52698    
3.57240    
2.08640    
6.84704    
1.10649    
3.04950    
5.99717    
4.93171    
5.62869    
1.50743    
4.98600    
1.62163    
1.42939    
2.05200    
2.47121    
2.29663    
6.16227    
2.91568    
2.51463    
5.71613    
1.91497    
2.98648    
4.40204    
4.81469    
2.12322    
6.95096    
2.96420    
2.99839    
3.04191    
2.00755    
4.54341    
4.06103    
2.03957    
4.84502    
-1.98196    
4.53424    
3.97599    
0.00488    
3.51942    
9.44523    
5.74249    
0.99519    
2.06025    
3.46355    
8.31216    
-0.00621    
1.04172    
1.99183    
8.29585    
3.05766    
3.99733    
3.62529    
1.32107    
3.51191    
3.60354    
1.92066    
2.02934    
-0.03052    
6.86742    
6.53065    
5.25398    
6.85013    
2.74179    
2.83825    
2.92708    
4.98119    
0.61574    
3.58945    
3.08674    
2.96953    
5.53272    
2.12000    
3.41564    
2.96980    
2.13975    
1.87008    
4.00792    
3.41297    
8.24205    
6.24365    
3.06734    
3.08375    
1.10963    
2.95661    
3.99958    
1.85739    
2.20963    
3.91605    
-0.77750    
4.76188    
2.05401    
-2.92536    
1.65970    
3.89915    
3.14070    
2.52283    
3.14980    
1.42547    
5.89114    
4.02706    
1.91587    
5.33707    
0.52479    
0.61378    
6.80187    
4.00060    
5.95198    
5.01685    
5.06389    
5.15501    
2.51731    
0.92606    
4.01318    
3.83042    
3.53886    
0.04649    
5.33054    
6.11041    
3.97660    
1.97529    
4.54806    
1.44993    
2.99476    
3.60396    
0.80495    
1.98917    
5.94908    
6.89896    
6.96687    
2.02865    
2.08529    
3.96487    
1.85692    
2.18570    
4.92996    
3.01777    
2.12361    
8.92968    
1.99366    
2.92942    
1.15755    
3.62906    
2.88699    
-0.90692    
4.94923    
4.02877    
4.91096    
4.07474    
3.95341    
5.05567    
5.89579    
2.91388    
4.09539    
4.87071    
1.38323    
1.01046    
3.91052    
4.94593    
2.94638    
1.91979    
0.55684    
0.99955    
3.22248    
1.53621    
3.50276    
7.04945    
4.99621    
3.14948    
4.08361    
6.02476    
-0.80998    
5.34900    
3.05971    
-2.65370    
4.96279    
2.50574    
1.57211    
4.50044    
0.05164    
2.01864    
-0.30758    
3.12496    
4.01229    
5.91729    
1.53022    
2.99244    
0.68264    
2.92858    
3.14207    
4.49480    
4.92194    
3.56615    
6.88003    
1.92255    
2.01413    
2.81388    
2.97682    
1.08479    
6.03129    
3.31979    
9.00275    
5.95905    
3.87947    
1.94665    
4.47497    
1.62648    
0.09763    
3.52595    
4.14746    
5.92982    
6.86978    
4.99319    
0.61997    
4.92136    
4.83303    
3.20710    
2.42663    
2.82288    
1.10283    
2.92292    
0.05454    
2.86534    
2.06830    
1.95901    
6.91137    
3.99414    
0.92596    
2.13531    
6.69641    
1.16616    
1.92505    
3.64772    
6.93439    
-0.03422    
2.00743    
-0.30738    
3.99170    
1.01596    
1.22980    
0.09432    
1.00737    
3.77824    
0.85051    
1.19559    
0.03217    
4.95862    
2.92812    
4.70899    
4.03386    
1.00808    
3.99303    
4.47199    
2.46825    
6.43948    
2.58998    
1.67189    
4.43379    
1.16802    
1.11546    
2.92785    
3.42238    
3.00910    
2.98255    
4.87785    
0.96577    
7.78053    
2.03077    
1.98935    
6.97756    
0.98902    
8.35626    
3.03770    
1.01548    
6.42248    
5.48489    
1.89434    
5.89177    
3.23744    
1.13472    
3.15841    
1.97224    
6.05389    
1.85768    
0.98947    
5.89723    
3.94773    
2.54686    
7.79206    
0.09758    
3.54185    
2.54922    
5.55632    
4.82747    
3.90839    
2.22310    
2.07714    
6.91853    
7.04746    
4.00664    
0.08342    
3.93798    
5.76499    
6.88703    
2.03744    
5.00537    
0.73100    
3.02809    
1.96389    
3.92807    
2.00285    
4.28445    
4.48545    
3.56816    
4.51096    
6.02606    
5.49636    
4.46374    
0.15267    
3.95782    
2.55050    
5.89379    
2.01150    
4.32092    
2.80404    
3.58245    
1.95117    
4.40842    
5.17144    
5.86366    
3.02683    
2.34915    
5.91581    
2.45929    
-1.77795    
4.43136    
4.87411    
-0.87163    
3.90416    
4.77246    
5.06768    
-0.39117    
4.37381    
2.63975    
4.90164    
1.07806    
2.01197    
-0.37629    
3.16620    
2.21670    
2.85720    
2.91622    
0.07844    
1.61044    
4.94045    
4.88063    
5.85514    
5.64331    
3.01568    
3.78328    
2.32758    
2.99813    
3.06680    
2.99111    
2.91774    
4.82833    
1.10330    
3.84537    
4.95485    
0.02925    
4.96392    
5.52281    
3.56387    
4.95373    
2.14726    
4.46658    
5.96672    
4.14787    
4.13363    
5.85434    
3.62815    
3.05693    
1.62924    
3.13153    
4.89204    
5.07996    
3.82681    
1.56453    
4.60619    
6.02816    
3.00194    
2.95956    
-2.35811    
2.43195    
3.25678    
1.00775    
5.49774    
3.55507    
0.11860    
4.92939    
7.89644    
2.39560    
2.38812    
5.01422    
1.12342    
6.99943    
-1.40273    
4.88248    
7.27348    
3.37291    
2.92134    
2.61010    
4.09169    
2.07399    
3.88722    
2.94252    
5.93430    
2.07754    
2.97459    
-0.98488    
-1.31590    
1.92199    
1.04268    
8.91221    
0.02409    
3.43345    
6.74609    
4.07435    
5.96170    
-0.02202    
3.82128    
0.93410    
2.62076    
1.93973    
6.84279    
6.99974    
6.39803    
1.60421    
3.66647    
1.67401    
4.83621    
7.33764    
3.99057    
0.99631    
2.02585    
4.00307    
2.45870    
6.12696    
4.91414    
2.90207    
8.45236    
3.09521    
-0.84017    
3.14864    
3.90992    
7.94047    
2.98169    
0.94873    
1.58901    
3.04803    
5.45450    
5.84063    
-1.84480    
3.82356    
1.01266    
3.12246    
6.85862    
3.03317    
5.02230    
6.42828    
4.35658    
3.06582    
3.89848    
1.95272    
3.92715    
-0.76717    
1.95431    
1.78098    
-0.10771    
1.01818    
5.43605    
0.10924    
4.85541    
3.85668    
4.09690    
0.07622    
1.49497    
2.99982    
5.92631    
3.58600    
5.87421    
3.01712    
1.53428    
4.00976    
6.86384    
2.97157    
-0.93285    
3.53755    
7.05119    
4.07030    
1.76467    
2.51632    
1.07813    
2.94530    
4.61381    
3.60122    
5.94888    
2.33676    
3.58515    
4.02041    
4.98119    
-0.13013    
1.97402    
3.97842    
2.03877    
7.96582    
0.14376    
1.07376    
2.48432    
2.04282    
6.51303    
2.01724    
-0.02272    
3.00209    
3.11113    
3.98107    
1.84694    
3.11317    
2.53596    
4.14856    
3.05728    
-1.81755    
3.95585    
-0.77083    
0.07474    
1.19485    
4.93775    
8.00248    
1.56344    
2.97797    
4.79961    
4.99889    
7.26771    
0.75848    
0.95721    
4.11488    
-1.83882    
1.13072    
-0.36272    
0.95896    
4.87811    
-1.61285    
5.06084    
4.09185    
4.08359    
5.87485    
2.81038    
6.35035    
3.95714    
2.00412    
4.05712    
1.01748    
4.89511    
3.95701    
1.05334    
2.13210    
4.60944    
1.21057    
1.58013    
5.05125    
6.51126    
4.48742    
6.46843    
2.95025    
5.76654    
4.80323    
1.98183    
4.31834    
2.07074    
1.06774    
-0.74811    
2.92475    
0.95344    
4.01864    
1.91027    
2.46843    
6.99246    
3.84838    
3.04481    
3.64199    
3.89250    
6.77572    
4.81977    
2.55744    
-0.91585    
4.41883    
1.98013    
5.50331    
2.92728    
2.98199    
4.39755    
2.05762    
8.67989    
3.93417    
3.19182    
5.39635    
5.02981    
2.57217    
2.89945    
4.28261    
1.54289    
0.01660    
4.78474    
5.02218    
5.39176    
5.44152    
-0.85900    
4.06964    
3.42428    
6.86076    
5.36015    
7.87020    
-0.97033    
2.41527    
6.85849    
3.76401    
5.95666    
8.37194    
2.98848    
-0.78745    
1.51275    
4.82874    
2.24624    
3.50999    
2.48486    
2.87629    
6.92466    
3.01810    
-1.30194    
2.98080    
3.08756    
8.92064    
2.40441    
6.00222    
2.51305    
4.91636    
5.39422    
2.42175    
-1.03035    
4.93114    
2.09573    
2.12215    
3.99241    
2.58513    
8.92973    
4.26847    
5.86033    
2.59489    
1.93562    
4.58349    
3.90386    
4.90500    
6.00865    
-1.91843    
4.79431    
5.06046    
4.09811    
2.43893    
0.47496    
1.32105    
1.97470    
4.97198    
2.93255    
6.03657    
4.94547    
0.02852    
-0.80244    
3.13405    
3.35319    
2.84489    
1.06482    
4.20871    
1.97213    
4.44818    
1.07506    
6.89977    
3.01879    
3.09088    
1.51703    
3.96982    
6.04472    
1.10188    
0.27499    
1.96933    
0.85241    
1.51113    
1.49872    
-0.47006    
4.89939    
4.92947    
1.09406    
7.25982    
3.08297    
4.06995    
2.05163    
5.97166    
6.10077    
5.06887    
0.54766    
3.01304    
9.89973    
4.86481    
3.45006    
1.05594    
2.07816    
0.63747    
5.90400    
5.63484    
4.96046    
-0.02095    
5.92435    
1.10053    
4.41604    
3.51794    
6.97747    
4.72011    
2.19283    
3.89979    
9.38580    
4.00554    
1.98568    
6.30466    
3.45259    
4.95302    
2.60089    
4.28605    
4.07324    
4.47760    
2.02340    
-2.76639    
-1.45584    
5.06275    
4.02302    
3.47819    
1.45526    
4.92338    
1.98224    
3.97654    
4.58153    
6.38620    
5.44065    
4.99905    
3.03807    
2.12615    
-0.76770    
2.90950    
-1.83786    
4.09675    
1.94914    
4.51499    
2.63389    
1.58199    
-1.51375    
6.79808    
2.21697    
6.87582    
5.51342    
1.40631    
1.13864    
5.20876    
1.14587    
3.61123    
1.53804    
4.92617    
5.32617    
2.48021    
3.90633    
-0.36831    
5.06832    
1.97975    
7.52559    
0.19711    
1.98702    
4.98777    
5.03287    
4.86690    
5.93020    
3.46788    
5.48131    
6.53053    
7.38651    
1.66850    
1.02060    
4.81496    
2.02553    
2.60072    
2.51993    
-0.86892    
1.45701    
3.03492    
1.01076    
4.97061    
3.53315    
2.97909    
3.71013    
6.72228    
3.20719    
3.96736    
5.86158    
3.07521    
0.21075    
4.03452    
3.89535    
-1.40670    
5.36714    
6.85874    
-1.26722    
3.19746    
7.39982    
6.93388    
1.05418    
4.98540    
5.97892    
5.06623    
3.52075    
3.81299    
2.41734    
5.03436    
3.79844    
-0.09148    
1.62856    
4.86074    
1.31107    
6.91600    
4.94214    
2.98879    
4.46111    
2.01941    
3.56427    
5.94879    
4.38391    
1.85701    
7.04908    
5.82138    
1.70258    
2.54091    
3.02077    
-0.60211    
1.19909    
3.36354    
2.34811    
5.45877    
7.94616    
5.85428    
1.91053    
-1.83878    
0.10362    
2.90448    
2.98784    
4.45151    
6.96161    
4.87043    
4.39938    
4.97991    
6.80778    
4.98254    
3.08347    
3.98574    
2.42061    
2.98313    
4.02837    
4.96306    
3.89977    
0.58233    
1.89587    
3.02642    
3.74461    
4.96490    
4.98425    
2.07974    
3.07785    
2.95288    
2.88646    
3.01662    
2.52619    
2.93307    
4.04976    
6.90792    
4.45451    
4.01494    
5.99684    
0.98819    
6.72737    
2.90428    
4.98924    
3.80617    
5.77046    
4.87367    
4.43893    
1.06218    
1.92167    
3.97706    
3.48125    
5.03031    
3.04277    
1.34732    
2.03250    
0.66840    
2.55842    
0.69351    
3.83859    
5.40522    
4.61266    
-1.88743    
4.55207    
3.99798    
2.97245    
4.75177    
5.86904    
4.32147    
2.27052    
3.95880    
4.53665    
2.68521    
2.99925    
-0.87986    
2.22365    
3.82984    
4.90469    
3.84070    
3.77995    
2.15428    
3.48193    
2.91336    
2.07386    
1.88607    
6.88121    
6.70038    
8.05232    
2.77085    
2.33211    
3.99446    
5.00944    
5.58439    
4.60293    
2.45174    
5.01878    
5.01059    
1.93433    
2.51206    
-0.93740    
1.08442    
2.09977    
1.10705    
7.49567    
6.67518    
3.64127    
2.31330    
5.35232    
0.64985    
2.05510    
3.98820    
5.52422    
6.98404    
3.79323    
4.89891    
2.21376    
2.94662    
3.40859    
4.94762    
4.03208    
0.02770    
5.93592    
7.47496    
3.04790    
1.94329    
5.04488    
5.97876    
0.65456    
6.92674    
0.11500    
3.10928    
0.86540    
3.11533    
2.83388    
4.97914    
1.84352    
6.82161    
7.59142    
6.81870    
4.08497    
3.88494    
0.91384    
2.10920    
8.96134    
7.05213    
4.06319    
5.07809    
4.97157    
6.33628    
3.59301    
1.97493    
2.49827    
4.99907    
2.07125    
8.19951    
6.35125    
-0.01135    
4.06769    
3.97177    
1.33659    
3.00027    
-1.84596    
2.54404    
5.33257    
3.78756    
7.95332    
3.47806    
4.02329    
-1.00872    
5.80486    
6.80774    
4.21687    
4.98130    
5.89891    
0.49180    
7.92834    
5.99002    
2.03824    
4.77095    
3.07957    
3.98978    
2.51515    
0.43660    
-0.37554    
-0.75481    
2.97763    
2.47203    
4.09166    
4.90475    
4.93556    
2.44489    
1.07919    
2.12761    
1.26572    
1.96801    
0.09164    
0.94985    
4.04286    
-0.01764    
3.91592    
5.34644    
5.55914    
5.03580    
4.02161    
3.98111    
1.90049    
1.30454    
2.64949    
-0.00287    
0.00267    
2.21678    
2.51878    
5.77809    
2.98327    
7.49966    
4.10646    
5.06094    
2.90909    
4.88773    
0.08767    
2.09914    
3.83014    
2.81549    
3.85741    
4.98424    
3.03333    
2.67625    
5.00687    
4.01190    
3.13586    
0.91003    
2.18183    
3.01361    
5.01195    
2.40144    
3.13236    
4.69563    
0.23687    
3.06187    
5.00350    
0.03798    
2.08935    
2.07919    
0.90057    
2.98291    
1.70135    
5.15292    
5.42315    
3.96418    
2.04515    
3.23308    
1.19066    
1.54532    
2.16930    
2.75309    
3.00376    
5.11756    
0.09612    
0.60949    
0.10827    
2.50211    
0.52849    
-0.79652    
5.39663    
3.58851    
4.08487    
0.10119    
3.94988    
2.17956    
0.59112    
0.99176    
5.01351    
6.91635    
1.70764    
1.31440    
7.39934    
3.65714    
-0.15914    
2.95079    
7.17632    
1.98627    
3.00058    
2.85054    
2.10951    
2.94723    
3.20653    
2.83098    
2.63527    
1.44057    
-0.98168    
1.03446    
3.02388    
-1.76741    
1.51438    
3.08157    
5.83972    
3.30486    
5.81112    
2.83606    
5.43193    
7.44183    
1.86535    
3.84528    
4.01825    
1.51577    
4.84637    
2.48283    
5.29555    
1.08513    
3.03380    
6.90332    
2.02733    
4.97000    
0.48222    
2.90596    
3.64623    
1.08452    
4.99004    
4.04323    
8.67768    
5.21875    
2.98018    
2.48203    
4.84737    
4.05438    
4.95884    
3.52303    
3.08606    
-0.05828    
1.51797    
3.02783    
3.08791    
2.60888    
7.85081    
3.93933    
1.47502    
4.83968    
1.66605    
0.84564    
9.74374    
0.09898    
3.35415    
1.04713    
3.01522    
8.38572    
4.71261    
2.50885    
4.01970    
3.50555    
1.86111    
3.46019    
4.08698    
3.97608    
6.90652    
2.12832    
1.39908    
2.47977    
1.87175    
5.03557    
3.03512    
6.07412    
7.38957    
6.04675    
3.11951    
0.05463    
0.92116    
2.96069    
-1.30760    
2.04257    
4.85199    
3.04259    
5.98351    
3.15260    
1.50483    
6.94698    
3.46207    
3.56684    
2.03497    
1.55912    
-0.77412    
4.50419    
2.69303    
5.81989    
7.84924    
4.03954    
2.95700    
5.81988    
2.53589    
5.61953    
4.86200    
4.58301    
1.08853    
0.67474    
5.88861    
6.82786    
2.50278    
3.22419    
1.09925    
1.10912    
1.86763    
-0.85959    
5.92228    
4.84101    
3.17695    
1.94005    
2.06039    
2.96433    
4.41009    
3.68985    
3.02224    
1.57471    
0.42465    
1.57224    
3.32457    
4.40666    
5.88626    
4.18131    
3.61741    
4.47871    
0.82198    
5.09445    
4.04426    
4.53932    
-0.86564    
1.51513    
1.04846    
0.63354    
6.85596    
2.94703    
0.13274    
4.96221    
2.47752    
1.91348    
4.51890    
6.95953    
5.73313    
-0.96362    
4.01202    
2.97922    
4.02370    
0.18567    
2.50749    
3.64363    
3.86356    
5.85700    
3.86497    
3.94671    
2.64601    
6.46129    
4.76584    
4.96072    
3.91461    
3.03987    
2.24842    
1.90511    
0.56518    
3.08018    
5.91847    
7.35748    
3.69094    
5.79678    
3.87605    
-1.41464    
1.15368    
5.55016    
6.51063    
4.94844    
5.79728    
8.45053    
3.83812    
0.23499    
8.90433    
1.02836    
2.16668    
6.88247    
-1.96197    
3.51618    
4.89781    
6.68940    
6.86384    
2.99994    
3.00621    
5.92706    
3.08734    
1.04610    
0.99310    
4.17975    
6.67338    
-1.93076    
-2.02535    
2.02898    
4.82088    
2.41861    
1.24062    
7.75306    
3.50010    
3.89603    
1.71831    
8.38539    
3.97674    
6.89337    
3.01585    
5.82886    
1.13499    
1.00838    
3.45750    
0.99411    
5.69500    
1.92446    
1.02076    
2.88465    
2.65601    
0.57178    
2.06199    
7.03186    
3.57296    
0.86526    
2.89234    
2.49790    
2.42261    
0.18855    
5.92581    
7.31240    
-0.83073    
3.10630    
4.62512    
4.47270    
4.93564    
5.96224    
2.57819    
6.51705    
3.96389    
-0.79134    
2.47730    
4.09199    
1.55752    
3.99024    
3.77190    
3.57253    
4.04811    
2.98619    
3.86859    
1.07915    
2.60869    
3.42724    
1.97637    
5.15799    
2.43097    
5.81378    
4.12854    
3.95217    
3.50846    
2.99142    
4.90530    
3.19624    
4.88426    
4.37222    
6.82000    
1.94555    
4.96158    
4.87855    
4.80178    
2.50667    
4.03901    
1.91973    
-0.83150    
4.78789    
3.14388    
0.16570    
4.82227    
2.02844    
4.89245    
5.90787    
4.90988    
3.96463    
2.04628    
4.56212    
4.87138    
0.06936    
7.94090    
1.19204    
4.95731    
3.67312    
3.50684    
4.86587    
7.30935    
3.03265    
2.84099    
4.50718    
1.83616    
5.25983    
3.99981    
3.05016    
4.62628    
5.03422    
-0.91263    
2.04448    
5.20055    
3.05425    
0.49317    
3.01564    
1.03720    
2.41967    
5.90173    
2.17428    
4.98918    
2.40741    
4.09071    
5.47878    
5.39545    
7.23100    
4.12446    
-1.42217    
4.90664    
3.90499    
5.09387    
4.58362    
3.14176    
3.98907    
4.55013    
5.03211    
3.48068    
2.64526    
3.13126    
4.03616    
4.96060    
3.86027    
2.58437    
2.94756    
2.97232    
4.02474    
-1.81691    
3.90069    
3.01490    
0.51681    
2.88504    
6.08937    
2.91070    
-1.40843    
3.08567    
5.16202    
7.96267    
6.78802    
3.08914    
4.10119    
5.70784    
4.83903    
1.54516    
3.01579    
3.99456    
3.85089    
1.43906    
1.00037    
0.64126    
5.98213    
2.95595    
1.00661    
3.00445    
5.74407    
-1.87789    
1.13004    
2.90811    
2.98909    
4.92117    
2.10920    
4.81829    
5.95533    
-1.05610    
-0.86222    
3.87459    
4.82430    
4.79030    
4.14832    
0.84043    
3.82424    
5.98549    
6.83224    
7.94451    
8.75823    
5.04296    
3.14121    
1.00188    
3.69498    
4.41681    
4.18501    
2.40754    
1.10195    
5.96023    
0.14928    
3.71882    
0.98636    
5.00554    
4.00002    
8.86428    
5.47902    
6.98372    
3.04012    
-0.42644    
4.18359    
4.27465    
2.53710    
4.44727    
4.03907    
-0.93894    
6.04833    
4.84674    
1.93457    
7.44068    
5.82818    
3.13841    
6.87326    
5.30071    
2.16410    
0.99462    
5.58986    
3.84086    
3.00750    
6.48324    
6.76395    
3.66347    
0.71280    
1.51289    
4.98436    
2.90477    
3.05962    
4.44526    
1.49182    
0.63228    
1.87295    
7.29533    
2.12401    
2.84234    
3.88462    
2.09143    
1.05028    
6.85662    
1.53566    
1.07156    
1.18745    
0.15686    
1.02923    
3.12052    
2.97931    
-0.03355    
3.99190    
4.00201    
6.38552    
1.11463    
1.88445    
6.03826    
