4.90014    
0.77133    
2.52952    
2.78167    
2.51043    
3.73869    
2.77190    
2.74828    
2.32908    
1.07889    
3.24966    
2.24056    
2.54745    
4.43875    
3.91951    
2.72056    
2.48481    
2.28279    
3.19310    
1.78351    
1.26878    
2.95623    
3.96664    
2.98254    
2.25779    
2.77453    
4.70564    
2.50956    
4.94386    
3.92931    
2.54102    
2.95446    
3.02230    
2.78427    
3.47095    
2.04763    
2.48301    
2.97288    
4.42409    
1.77882    
2.75150    
3.24545    
2.28490    
3.14938    
2.72878    
2.27512    
2.52619    
2.95768    
2.74997    
2.71422    
3.01276    
2.25325    
2.96909    
2.96749    
3.01136    
2.30947    
2.90091    
2.74709    
2.95867    
2.05989    
2.51159    
4.17636    
0.86509    
2.54209    
2.77430    
2.01759    
0.86969    
4.39797    
2.49135    
2.03797    
3.73835    
1.34534    
3.19765    
1.99701    
2.27586    
2.82077    
1.59120    
2.82192    
2.05934    
1.08775    
3.18568    
2.67831    
3.21987    
2.04315    
1.56473    
1.55146    
4.17115    
2.57116    
3.44338    
4.43932    
2.76279    
3.74298    
2.70302    
2.24662    
2.98241    
1.77699    
2.02639    
3.72611    
2.25620    
2.76229    
3.47461    
3.19171    
2.25393    
1.99671    
2.22802    
0.84422    
2.28195    
1.79410    
2.78166    
1.79258    
3.25100    
0.38635    
2.05274    
1.99894    
1.51471    
2.21547    
1.27963    
2.75633    
2.50303    
3.49542    
3.21099    
2.77869    
1.08456    
3.66915    
1.50860    
1.80887    
2.49439    
2.96079    
2.25161    
2.74389    
2.69924    
3.28893    
2.31571    
2.53003    
1.58947    
2.71118    
1.36137    
0.90751    
3.00314    
2.95020    
3.23680    
3.45392    
1.75274    
1.53645    
2.40900    
0.57292    
1.35454    
2.01976    
1.40453    
3.46952    
1.80396    
2.78433    
2.33515    
3.01692    
1.30454    
3.66673    
2.50490    
2.26290    
2.52566    
2.50347    
2.97411    
2.54570    
3.70370    
1.52180    
2.76730    
2.00457    
3.24143    
2.51178    
1.28190    
1.58253    
4.66551    
2.02823    
1.03359    
2.96241    
4.70754    
3.99271    
3.01607    
4.14156    
3.02956    
1.54600    
3.76649    
3.22393    
1.05292    
2.75142    
4.70281    
3.98749    
3.45398    
4.42827    
3.72849    
2.53014    
3.96327    
3.97175    
3.71385    
2.94113    
3.69040    
1.78292    
2.69126    
3.22588    
2.03399    
2.49828    
2.55216    
1.52755    
3.71836    
3.70233    
0.34632    
2.03755    
1.97058    
3.18953    
2.27409    
3.21685    
3.21514    
2.79158    
2.03551    
2.02171    
3.00106    
2.72646    
0.77807    
2.31951    
3.93789    
2.96149    
3.01817    
2.57109    
3.25229    
3.70110    
1.31307    
3.94791    
1.29293    
0.34289    
2.74762    
3.69038    
2.01446    
-0.40029    
1.54674    
2.70942    
2.52395    
2.78435    
2.54485    
2.73464    
2.77246    
1.53565    
1.76122    
2.25447    
3.01115    
2.03327    
3.95597    
1.77747    
3.20565    
3.42714    
2.25770    
2.23870    
3.18854    
2.52620    
3.25596    
2.77003    
2.50074    
2.25388    
3.71024    
4.22335    
2.81019    
4.19105    
2.27231    
1.10555    
2.03554    
2.98456    
3.97994    
2.51113    
1.10439    
3.68631    
4.38665    
2.54662    
3.46502    
3.41340    
1.03373    
2.94549    
2.52600    
3.00243    
4.41707    
0.83656    
2.45630    
2.74380    
2.76021    
2.42619    
2.95910    
2.26606    
1.37087    
3.00101    
2.49197    
2.48675    
2.29034    
1.73919    
3.43866    
1.04300    
1.94107    
3.01271    
3.00668    
2.75877    
1.51738    
1.07360    
3.17840    
2.46588    
2.02207    
3.45895    
2.71685    
3.92499    
1.59908    
2.51319    
1.79462    
1.94420    
5.16041    
2.96409    
2.01402    
3.70837    
2.06952    
2.76088    
3.20420    
3.23410    
3.43448    
3.94676    
3.43300    
2.04969    
2.49930    
2.26076    
2.99907    
2.91339    
3.76584    
3.42689    
3.93738    
1.53809    
2.06084    
2.69227    
2.25891    
2.27909    
2.30968    
3.01425    
2.75277    
2.75279    
2.47609    
2.05283    
3.94709    
2.52923    
3.49868    
3.20084    
4.92616    
1.08878    
2.93097    
3.69069    
1.82541    
3.44908    
2.98802    
2.54177    
3.94068    
3.93046    
2.52263    
1.95999    
2.79337    
1.28886    
2.04376    
2.21593    
3.89032    
1.56186    
2.22975    
2.44529    
1.52245    
2.74852    
2.48554    
0.63508    
3.94792    
3.46581    
2.77536    
1.79120    
3.20378    
3.45080    
3.00128    
3.45304    
2.31250    
2.99760    
2.95286    
1.79300    
2.04711    
4.17865    
3.00621    
2.98142    
3.45585    
3.42948    
1.81875    
2.52737    
3.70122    
2.99395    
2.75041    
1.28504    
2.02211    
2.54304    
2.50272    
2.56331    
2.95728    
1.47468    
3.73212    
2.49571    
1.56909    
1.51432    
3.48611    
2.25691    
4.12002    
2.81125    
1.97381    
0.60231    
2.55448    
1.30190    
2.30450    
2.78719    
1.56020    
2.98337    
2.08224    
1.74100    
2.55253    
2.21032    
2.45483    
3.97420    
2.23784    
1.54543    
3.72170    
1.99385    
3.25898    
2.01517    
2.25774    
2.77314    
2.27795    
2.55344    
3.68206    
1.06882    
2.30376    
2.79292    
3.46931    
3.24612    
2.24372    
3.71781    
3.97458    
2.23407    
1.52625    
4.42099    
3.50530    
2.02031    
1.79217    
3.75762    
3.56074    
3.02444    
3.46345    
3.04157    
3.03466    
3.98338    
1.74737    
2.55639    
2.51852    
3.94444    
4.21307    
3.73223    
2.74775    
2.73410    
3.68244    
2.54951    
2.51694    
1.56900    
1.53921    
4.58992    
3.70562    
2.56261    
4.68287    
2.48659    
2.24050    
2.66271    
4.20890    
2.99260    
4.23957    
2.49971    
3.20333    
2.25056    
1.75724    
0.85434    
2.49419    
1.13992    
2.00020    
2.71348    
2.52810    
2.24910    
1.07124    
3.43794    
3.19151    
1.73415    
2.07843    
1.26627    
2.52623    
2.26632    
2.74182    
3.99368    
3.20369    
2.72238    
2.31879    
1.58536    
2.76218    
2.77351    
3.42670    
3.25358    
2.00409    
2.73758    
2.73678    
3.66766    
2.94126    
1.77252    
3.23749    
3.47687    
2.74720    
3.26122    
1.78192    
2.55342    
3.27518    
1.79532    
3.95721    
3.67651    
2.04181    
3.94512    
2.98115    
2.44908    
2.26635    
2.25763    
4.37387    
2.03043    
3.96112    
3.46059    
2.76354    
3.93935    
2.73854    
3.92867    
0.35540    
1.30614    
4.40483    
4.12110    
1.55530    
3.21724    
1.28793    
1.80344    
2.47951    
2.51963    
1.81575    
1.35680    
2.26738    
3.72559    
2.29767    
2.49855    
3.48747    
0.86940    
3.24478    
2.44197    
0.83576    
1.83615    
1.02420    
2.52873    
3.32187    
2.24872    
2.77217    
3.00512    
3.22592    
1.98890    
1.82387    
2.47464    
3.70922    
2.22855    
2.28909    
2.74510    
2.54228    
3.72793    
1.27468    
3.94154    
3.23913    
3.19239    
3.77617    
3.92901    
3.47104    
3.46965    
1.80254    
3.24017    
1.48539    
1.31810    
3.00524    
2.94551    
2.73371    
1.76273    
2.03312    
3.66535    
0.82331    
2.35415    
4.43507    
1.97799    
3.42290    
2.03139    
3.22065    
2.30161    
1.83496    
1.79797    
3.24754    
2.08909    
3.46740    
2.90980    
3.25264    
0.60999    
2.50905    
2.43657    
4.19793    
3.25501    
2.49267    
1.49741    
2.04565    
2.01390    
3.68757    
3.52718    
1.10648    
3.44457    
2.24710    
3.21988    
1.73500    
2.70845    
2.74423    
4.88875    
4.89645    
3.93445    
2.00729    
2.24300    
1.26004    
2.94847    
2.21273    
2.97302    
3.22819    
1.57306    
2.78781    
2.02517    
3.43358    
1.52197    
4.21911    
2.47616    
4.20786    
4.18678    
2.73878    
3.21897    
1.54266    
2.97849    
2.33061    
2.77194    
2.73182    
4.22970    
3.71715    
2.70953    
3.70417    
3.93720    
3.01681    
1.31013    
2.49880    
3.21546    
2.98780    
2.80086    
2.52181    
3.49105    
1.33224    
1.51819    
3.21446    
2.98112    
3.49242    
3.93612    
3.22338    
3.71225    
3.25638    
1.74567    
3.45583    
2.72864    
2.50714    
2.51681    
1.31143    
2.72996    
2.22446    
2.52805    
2.73088    
2.23099    
2.74372    
2.44589    
1.76421    
1.97651    
1.99677    
3.00958    
1.80343    
2.96056    
1.34032    
1.32126    
2.32755    
3.46447    
2.21779    
2.29401    
2.70767    
1.75816    
2.69201    
3.69582    
2.48913    
2.31933    
2.46500    
0.58649    
2.50128    
3.92705    
1.14659    
3.47107    
3.17626    
2.81015    
3.88499    
2.05916    
2.27051    
2.00069    
2.22720    
2.28422    
1.31383    
2.03477    
3.46183    
0.85411    
3.19235    
0.80823    
3.01891    
2.52603    
2.54238    
2.97385    
2.07425    
1.98216    
2.72270    
2.97247    
0.59492    
2.00050    
2.27447    
2.96285    
2.00255    
1.79359    
1.07029    
2.07590    
2.04620    
2.75238    
2.55397    
2.73368    
3.27842    
1.29106    
3.93385    
0.59175    
1.31996    
3.97516    
1.33129    
3.41298    
3.25081    
1.37407    
2.96912    
1.30577    
3.74814    
2.25764    
2.27152    
2.46385    
2.26513    
2.24406    
2.95168    
3.72332    
1.55621    
2.02727    
1.98954    
3.71802    
1.32174    
1.80847    
2.55778    
3.44167    
2.77610    
3.23351    
2.21738    
2.05391    
1.96435    
3.45976    
2.01924    
4.20897    
2.73753    
3.92243    
3.49100    
1.55775    
3.47056    
0.88342    
2.94540    
1.56658    
3.73074    
2.72786    
1.81261    
2.91539    
2.25867    
2.06146    
1.54979    
3.00533    
5.17444    
1.80762    
3.26012    
2.30536    
4.16206    
3.24736    
1.57256    
3.96186    
2.51110    
2.26487    
2.41962    
2.54280    
1.04052    
4.43894    
2.02736    
3.00652    
2.76635    
3.16852    
2.49210    
3.13198    
1.79665    
2.98201    
3.69721    
2.51356    
3.25984    
1.32931    
3.01200    
2.78573    
1.04756    
3.69105    
4.63343    
3.01675    
1.53428    
2.29973    
1.81771    
2.51331    
1.30550    
1.63045    
1.77712    
2.08794    
2.52795    
2.79919    
2.28575    
2.26277    
3.20771    
2.52146    
2.97850    
4.18645    
3.89875    
2.06859    
1.32936    
1.78594    
3.00089    
3.00427    
1.76069    
2.51254    
2.73601    
3.67025    
3.05043    
2.03810    
2.00618    
2.73189    
1.82420    
2.06803    
1.48732    
2.03869    
3.45244    
2.00613    
1.59287    
1.04752    
2.30826    
2.53028    
1.85868    
3.70743    
2.50973    
1.96388    
2.50411    
3.25486    
2.26992    
1.79158    
1.28591    
3.47074    
1.31870    
1.12930    
2.72271    
2.46893    
1.55227    
4.44327    
2.97343    
1.53155    
1.24446    
2.44355    
3.71870    
1.33683    
1.57212    
1.82294    
4.16941    
1.78893    
1.80193    
1.54306    
3.47635    
3.43665    
3.21051    
2.75261    
2.21528    
1.34664    
0.79068    
2.75166    
1.25776    
3.43391    
4.24440    
4.21421    
3.89326    
2.96997    
4.18941    
3.73854    
3.48392    
3.69157    
2.03509    
2.27555    
3.48919    
3.92760    
1.76602    
3.68544    
1.11469    
2.51354    
2.46266    
2.96360    
2.76551    
1.80712    
3.15840    
2.55878    
3.52668    
3.71370    
3.23892    
2.05028    
2.02319    
2.75202    
1.79534    
1.27407    
3.88809    
3.93013    
2.31413    
3.72892    
1.53286    
1.34984    
1.85064    
2.74432    
3.45800    
3.21419    
3.48498    
1.28799    
3.93155    
2.97501    
3.25454    
2.46997    
3.22557    
3.63674    
3.24721    
2.57545    
1.97951    
3.44808    
4.66176    
1.35517    
1.95577    
3.92401    
2.28364    
2.96192    
3.45532    
2.73739    
3.66043    
2.76520    
3.44627    
1.56313    
2.99234    
2.97941    
4.61798    
2.24870    
3.91019    
2.78589    
1.78253    
2.94109    
2.95354    
4.20531    
3.90480    
2.81547    
1.61015    
1.80718    
2.52391    
2.10275    
0.88407    
2.96809    
2.93480    
3.73622    
3.03384    
0.58816    
2.76436    
2.03649    
2.24886    
4.17597    
2.97836    
3.00026    
2.49297    
3.15147    
1.29387    
2.49531    
2.26559    
2.25696    
1.56989    
1.32482    
3.47392    
3.40671    
3.91873    
1.56710    
2.78167    
2.51579    
1.50392    
1.06734    
2.99673    
1.77734    
2.30514    
4.41215    
2.21768    
3.25816    
2.77942    
2.98457    
2.29215    
4.82264    
3.42457    
3.47395    
3.17756    
2.25008    
1.76217    
2.72271    
2.96486    
3.21468    
1.72389    
2.05611    
2.95047    
1.49898    
2.07737    
2.72734    
2.25340    
2.59101    
2.55261    
3.42569    
3.16762    
2.26117    
2.26283    
2.02843    
4.19162    
1.57607    
0.54871    
2.73890    
2.48468    
1.55485    
3.69935    
2.51606    
1.11184    
1.51577    
2.46950    
2.54013    
3.67572    
2.54096    
3.46199    
2.59558    
1.80459    
3.69400    
3.02244    
1.33444    
3.43144    
2.23609    
2.76970    
2.76362    
3.90765    
2.73232    
3.21927    
2.32108    
1.56421    
2.94351    
2.76955    
2.04299    
2.31217    
2.28879    
1.32088    
2.00266    
1.73320    
2.07682    
2.72758    
2.73278    
2.77050    
3.18943    
2.72396    
2.26652    
2.27274    
1.26418    
2.05103    
3.68446    
1.10512    
2.48128    
2.54601    
2.32582    
2.00615    
1.74438    
2.28108    
3.95377    
2.03648    
3.25028    
1.55106    
2.47691    
2.01032    
2.54357    
2.01200    
2.27708    
1.79442    
3.48485    
2.02677    
2.76089    
1.79158    
2.45754    
0.35550    
1.50829    
1.76877    
3.73711    
2.97927    
2.50895    
3.30200    
3.48608    
3.17007    
1.72826    
2.98918    
3.47222    
2.50538    
3.26583    
0.89971    
2.76790    
3.70364    
3.43200    
3.01140    
1.07193    
3.47674    
2.73505    
1.04339    
2.50207    
1.56390    
1.97609    
4.43399    
1.61492    
1.87324    
4.22903    
2.29738    
1.52244    
2.95920    
2.27816    
2.78148    
3.15640    
1.79349    
3.23467    
2.02796    
3.43601    
3.51386    
3.89675    
2.02087    
1.55152    
2.98513    
2.28472    
2.06921    
2.48701    
1.75271    
2.28376    
3.96739    
1.77934    
3.28153    
2.28317    
2.01577    
1.30952    
1.32958    
2.74022    
3.02888    
3.45562    
1.24854    
2.29017    
2.74437    
1.53919    
-0.61062    
1.29960    
1.06007    
1.57197    
2.93643    
2.04938    
2.32556    
3.66210    
3.24367    
2.03065    
2.04604    
3.92458    
1.76819    
1.62704    
2.21207    
2.05290    
3.73546    
2.23885    
2.01332    
2.99881    
3.71820    
2.31926    
1.81535    
4.64757    
3.00301    
2.78321    
2.97197    
2.74968    
1.51197    
2.25003    
3.27184    
2.03218    
1.74288    
2.48619    
2.04138    
2.79780    
3.75520    
1.80182    
2.29453    
2.02318    
2.00028    
2.48714    
2.29264    
2.02238    
2.25626    
4.88052    
3.46895    
3.23646    
3.01174    
2.51023    
4.46400    
3.66133    
3.71644    
1.81746    
0.60150    
3.50064    
2.00930    
0.58039    
-0.09691    
1.04512    
1.31317    
-0.13381    
2.31080    
3.71252    
2.05364    
4.45475    
1.76055    
2.29814    
1.56666    
2.33607    
2.02763    
1.31588    
1.02827    
2.99271    
3.23944    
1.53000    
4.86071    
3.90274    
2.80712    
1.59098    
3.04117    
3.24342    
3.69296    
2.72937    
1.33060    
1.06142    
2.47762    
2.76518    
2.78204    
2.52016    
3.49589    
1.93940    
3.49160    
2.48212    
3.39957    
1.77007    
2.48012    
1.83361    
2.01373    
3.23215    
3.16384    
2.25709    
1.56786    
3.50090    
2.92274    
1.95471    
2.52844    
2.49244    
2.74252    
1.28924    
2.93780    
2.93937    
2.76370    
1.52236    
1.38662    
2.08419    
3.70515    
1.30949    
2.97256    
3.47677    
1.79856    
2.53291    
2.72345    
2.27877    
4.48253    
3.00690    
2.27987    
2.48159    
4.39027    
2.06118    
2.02942    
2.50480    
2.68886    
1.47099    
3.23969    
2.95745    
2.50623    
2.24736    
2.81466    
2.31513    
3.24712    
0.60403    
2.96412    
2.22887    
1.76932    
2.98893    
3.91522    
1.53974    
0.57081    
1.32244    
1.79421    
2.01288    
3.46237    
2.45637    
2.76845    
4.89842    
2.52232    
2.09102    
2.05313    
2.07719    
3.39351    
3.92293    
3.66799    
2.92715    
2.52256    
1.56062    
3.51799    
2.97992    
1.32401    
2.21621    
4.65821    
3.23335    
4.21063    
3.95411    
2.73357    
1.29479    
1.33566    
1.50099    
3.47563    
3.21740    
2.59630    
3.43822    
3.92047    
2.98532    
2.73334    
3.25556    
4.64604    
2.45495    
2.74621    
2.23718    
2.25942    
3.44964    
4.23635    
2.09287    
2.46947    
2.50140    
1.06157    
2.82063    
1.52716    
2.96727    
3.43700    
3.44044    
4.19741    
2.74715    
1.80572    
2.75358    
2.95145    
2.28761    
2.01792    
2.74301    
2.26537    
3.90152    
2.47336    
5.39417    
3.24866    
2.53212    
2.23139    
2.55898    
1.88084    
2.04890    
3.93454    
2.47681    
2.26997    
0.66577    
2.99763    
1.26947    
1.77582    
3.72809    
2.99653    
1.82055    
2.98320    
3.76200    
1.50320    
2.75531    
2.26733    
1.59114    
2.03362    
1.55725    
2.53112    
4.18153    
3.21912    
1.75940    
1.57720    
3.03933    
3.72989    
3.18803    
4.25932    
1.79159    
2.00141    
3.47537    
1.29495    
3.25434    
3.24515    
3.67106    
2.28203    
3.24673    
2.97615    
3.47576    
3.73830    
3.98001    
3.91867    
1.04607    
1.52338    
3.71760    
1.28964    
3.00360    
2.07908    
2.17324    
2.74331    
2.25704    
2.27142    
2.97439    
2.24152    
2.25488    
2.93583    
2.26089    
3.25195    
1.74406    
3.50053    
3.94370    
3.70920    
0.61501    
4.17012    
0.55524    
3.48028    
2.53635    
4.87346    
2.47471    
2.50494    
1.02761    
3.03064    
3.48002    
2.02646    
4.20582    
0.58262    
2.52790    
2.96295    
3.70931    
2.95510    
4.40175    
4.17551    
3.96824    
1.78497    
1.95954    
1.33286    
1.54457    
2.97400    
2.51794    
3.96219    
1.56523    
3.25221    
2.96032    
3.92954    
2.01021    
2.27007    
1.79646    
1.25346    
2.23201    
1.78364    
3.26515    
1.99493    
2.98746    
2.77025    
2.76763    
3.49559    
2.46641    
3.25152    
1.57600    
3.48188    
2.50824    
3.45981    
3.69077    
1.80751    
2.49914    
3.46717    
2.02920    
2.44736    
1.81183    
1.29966    
2.20873    
2.73354    
4.18416    
4.16267    
1.30172    
2.71044    
1.05804    
2.95804    
2.71704    
2.49527    
1.54280    
2.04753    
1.98121    
2.53815    
1.32299    
3.24221    
2.23865    
3.72756    
2.53742    
2.97230    
3.48104    
1.56170    
0.85128    
2.02345    
2.99690    
2.22262    
3.22895    
1.10179    
3.41760    
1.76698    
3.72099    
0.75408    
1.51882    
3.23854    
1.29576    
2.98817    
2.68059    
2.97751    
3.50083    
2.54580    
2.01893    
1.33036    
2.91592    
1.83111    
2.74420    
3.19478    
1.10026    
4.66686    
2.01082    
2.74609    
2.31213    
2.75683    
3.24943    
2.76248    
2.94994    
2.05942    
2.71563    
3.71953    
5.15375    
3.03024    
2.31684    
2.05036    
4.17769    
3.00339    
2.27036    
1.05286    
1.53048    
2.51061    
1.57678    
3.91549    
2.25286    
2.72804    
3.44949    
3.21710    
2.97601    
3.94942    
1.77966    
2.23855    
3.46042    
2.53371    
4.38862    
1.31880    
3.72338    
2.75538    
2.28777    
2.03459    
1.50968    
2.75800    
1.49765    
1.57267    
3.00162    
2.27630    
3.66348    
3.01649    
1.55486    
2.75797    
1.97645    
0.60452    
2.20806    
3.74887    
0.76903    
1.87476    
2.79257    
3.71347    
2.28940    
2.55133    
2.49769    
2.95954    
3.01599    
3.71039    
2.29989    
2.30769    
2.04755    
3.73541    
1.60216    
1.28392    
1.80115    
1.33440    
2.05878    
1.98490    
3.92257    
3.17259    
3.43035    
3.48703    
2.52663    
1.76356    
2.03852    
3.95361    
1.53312    
3.21032    
2.99233    
2.98205    
2.04830    
2.46013    
3.51435    
1.84167    
2.71914    
2.25144    
3.50586    
2.05924    
2.55195    
3.04550    
2.99372    
2.26133    
3.26597    
2.52435    
1.48727    
2.03715    
3.41566    
2.96914    
3.44736    
2.94370    
3.00989    
2.27812    
3.00168    
1.51314    
1.35577    
3.26264    
1.54526    
2.99033    
2.00097    
3.50171    
2.04659    
3.45175    
2.03612    
2.47631    
2.74196    
2.72355    
1.27732    
1.55608    
3.19964    
3.72808    
3.16459    
0.63965    
2.97449    
2.51353    
2.03499    
2.05158    
1.32464    
3.21338    
2.02339    
2.70418    
2.75941    
3.46911    
1.53997    
2.73854    
2.51538    
1.26758    
4.25612    
3.92887    
1.33812    
2.03094    
1.48572    
3.50886    
2.96493    
2.70745    
2.29335    
3.94672    
2.53047    
2.27956    
2.28566    
1.30862    
2.46742    
3.70174    
1.55775    
1.59252    
1.80227    
3.21419    
2.71896    
3.21222    
2.95930    
1.82210    
1.80880    
2.04744    
3.70876    
2.79298    
4.63903    
2.25700    
3.70624    
3.93929    
3.19981    
3.95674    
4.19906    
2.31721    
2.78966    
2.45833    
3.00310    
2.50503    
2.75735    
3.00196    
3.43295    
0.10355    
2.23343    
2.74179    
1.56005    
2.51106    
3.15466    
2.76168    
1.98525    
2.05810    
3.21204    
2.51402    
2.51056    
4.15541    
3.00203    
3.66664    
3.04333    
0.34828    
2.30605    
3.42644    
2.73593    
2.80098    
1.82809    
3.40334    
2.04738    
2.45366    
1.01349    
5.35747    
3.21484    
2.03269    
4.18304    
3.94015    
1.29818    
2.27727    
3.67017    
2.57440    
2.52465    
2.26128    
3.91748    
2.99739    
2.75088    
3.45050    
2.99247    
2.79171    
3.22774    
2.42593    
2.71463    
2.44231    
3.71993    
5.61104    
4.18132    
2.94982    
2.28889    
2.49316    
3.66994    
0.64316    
2.70978    
2.98318    
2.50748    
1.53284    
2.08498    
1.58838    
2.31011    
2.52099    
2.28697    
4.15390    
2.75561    
3.52004    
3.44156    
2.26494    
2.73079    
3.66637    
2.27533    
2.96796    
3.01461    
2.01895    
2.55205    
2.25202    
2.99562    
3.71083    
1.08906    
1.55174    
2.72543    
1.53187    
3.24078    
3.49342    
3.68619    
2.95818    
2.44057    
2.82153    
2.25360    
2.90977    
4.34332    
3.44187    
2.74469    
4.25190    
3.20727    
1.83964    
1.83373    
3.45551    
2.76968    
2.01324    
3.47711    
1.75578    
2.97616    
3.47649    
4.19569    
3.28006    
3.02674    
1.86125    
3.47702    
3.73106    
3.24075    
1.83933    
2.56723    
3.43465    
2.51352    
1.29672    
2.96998    
2.55278    
3.20797    
1.56938    
1.07883    
2.43598    
2.97334    
2.77755    
2.59997    
2.25340    
2.50684    
2.98867    
3.76031    
3.02171    
3.72800    
1.98587    
2.21051    
2.96866    
2.04602    
3.70962    
3.02184    
3.51263    
2.77736    
2.30116    
2.49387    
3.48840    
2.47206    
3.01506    
2.50119    
3.47683    
2.93821    
1.32437    
2.25005    
2.78038    
3.19963    
4.15355    
2.25495    
2.51717    
3.40605    
2.95790    
1.77754    
3.00787    
2.99076    
2.49208    
2.72364    
2.26380    
3.49674    
2.47842    
2.69359    
3.69412    
2.98021    
2.53549    
4.43859    
2.71211    
1.77187    
2.26554    
2.78035    
3.67241    
2.70652    
2.52633    
3.40862    
0.35597    
0.78258    
2.96064    
1.54836    
3.93018    
2.56983    
2.51977    
2.03794    
3.43318    
2.91306    
3.45691    
3.00590    
2.54739    
1.78000    
2.96366    
3.71225    
0.82741    
2.01814    
2.98425    
4.16573    
2.96314    
1.08076    
1.76268    
2.76930    
2.22036    
2.72049    
2.06124    
2.75099    
2.19875    
2.96555    
2.55919    
3.96812    
-0.15410    
2.53083    
3.44392    
1.51831    
1.12259    
2.30825    
2.01539    
1.78700    
1.08758    
2.50336    
2.96132    
2.48652    
4.12411    
3.68617    
2.50048    
3.70736    
3.46883    
3.20291    
1.77863    
5.36980    
2.01662    
2.45726    
2.94629    
3.45034    
2.49893    
0.11198    
3.45895    
3.74835    
2.24566    
0.58288    
3.26032    
0.50913    
3.21712    
3.47263    
1.75297    
2.01465    
2.00045    
2.54256    
3.46387    
1.82696    
0.57850    
1.55869    
2.71272    
2.49992    
2.06241    
1.77253    
2.96709    
2.47215    
1.30981    
4.38744    
2.01369    
1.98606    
1.99770    
2.71904    
2.96123    
2.99703    
2.34186    
3.52815    
2.99127    
2.98898    
2.47111    
1.54784    
2.00149    
2.30583    
2.98577    
2.25687    
3.78050    
1.98239    
2.72587    
2.73357    
3.00512    
2.07777    
1.53250    
3.44484    
1.29293    
3.45539    
2.97763    
3.46598    
2.98778    
3.25412    
0.86010    
2.72960    
2.27166    
1.54296    
3.00362    
2.96330    
2.04094    
2.28770    
2.73477    
3.46231    
1.58385    
2.28229    
1.34342    
4.19242    
1.31611    
3.98291    
1.78095    
3.21020    
2.98697    
2.45143    
2.49537    
0.09896    
2.94365    
2.79096    
4.21402    
2.74901    
2.98712    
2.73708    
3.95538    
3.02595    
1.83908    
1.81834    
2.52214    
2.27722    
4.23567    
1.09519    
3.20493    
1.83445    
2.24726    
1.97985    
2.23530    
1.13309    
2.50745    
2.77915    
2.52710    
2.26243    
1.31847    
2.53545    
4.14664    
2.46030    
3.05367    
2.47926    
2.51980    
3.20793    
2.48303    
1.37012    
3.20346    
3.26356    
2.25618    
0.86268    
3.17263    
3.22357    
3.43655    
2.74021    
3.01310    
2.99013    
3.01428    
1.77272    
2.28044    
2.02882    
1.50743    
2.79846    
2.99884    
1.34077    
0.81587    
2.01389    
1.29766    
4.67781    
2.03515    
1.73425    
2.01494    
3.73807    
4.16333    
3.47890    
2.26732    
2.07526    
2.04571    
1.03132    
2.23966    
2.45920    
2.06621    
1.36135    
2.24261    
2.98748    
2.51034    
3.47482    
1.54231    
3.24530    
3.01836    
3.00425    
2.50049    
0.37607    
2.56774    
1.75358    
0.77300    
3.69929    
2.51131    
3.74018    
2.96929    
2.35237    
3.01209    
1.04537    
1.81738    
2.99169    
2.53665    
1.30226    
3.45023    
3.64999    
1.75177    
3.01095    
1.50516    
2.72590    
1.51648    
2.25335    
2.77453    
3.71032    
4.92586    
2.30237    
2.07349    
3.28920    
2.28826    
2.72320    
2.29210    
3.44508    
2.55991    
1.80611    
1.77479    
3.25072    
2.04976    
2.32710    
2.02704    
4.01191    
2.04903    
1.74367    
1.01228    
1.30464    
0.81782    
2.27670    
3.63043    
2.72420    
1.02352    
2.02835    
3.43180    
3.18968    
3.04933    
3.75292    
2.30651    
2.31845    
2.76303    
1.54357    
3.15373    
4.43611    
3.73499    
2.99827    
2.04175    
2.50513    
2.99416    
3.97909    
2.91863    
3.91317    
2.52507    
2.03855    
3.45585    
2.25158    
2.25590    
2.25568    
2.23015    
2.45693    
0.57520    
2.69933    
2.51837    
1.81175    
2.70981    
2.95868    
3.01289    
1.80241    
4.45760    
3.43906    
3.46753    
2.55288    
2.73132    
0.78281    
3.96319    
2.73683    
3.17284    
0.80691    
2.73680    
2.26855    
2.07878    
1.96726    
3.21192    
2.51517    
4.13668    
2.98611    
1.75878    
1.78602    
1.80419    
1.76561    
2.03415    
3.77480    
2.46811    
1.29364    
3.61658    
3.90274    
2.27288    
2.68874    
1.82636    
2.06591    
2.45598    
2.93271    
2.94089    
2.51630    
2.26395    
2.96640    
3.97068    
1.79703    
2.99123    
2.30297    
1.27996    
2.28045    
2.03264    
3.68502    
2.50188    
1.04353    
4.65969    
2.72914    
2.71018    
2.74407    
2.99228    
1.54948    
3.18010    
2.74186    
2.04534    
2.26579    
2.52712    
2.99087    
3.42053    
1.09883    
2.75991    
2.47722    
3.25321    
2.54531    
2.78839    
2.23696    
2.95588    
3.24093    
2.03188    
2.48525    
2.24480    
3.69574    
2.70759    
2.69761    
2.48457    
1.75356    
1.00288    
4.43590    
1.05670    
2.29357    
2.98142    
2.45223    
2.98341    
1.78021    
1.83432    
2.79376    
1.49822    
2.73058    
2.27408    
2.99664    
2.52503    
3.20848    
2.75118    
1.56665    
2.97011    
1.56559    
3.46904    
1.53755    
2.75182    
2.45638    
2.18401    
3.44609    
1.78695    
3.40115    
3.90321    
2.97860    
3.00002    
1.52505    
2.06499    
1.98947    
2.71574    
2.99490    
0.82205    
1.78471    
0.82197    
2.49535    
1.80293    
1.76461    
1.76082    
1.79931    
2.78359    
3.25373    
2.04225    
3.39794    
1.34384    
4.40570    
2.03335    
2.49755    
2.49117    
1.30202    
2.52779    
0.83591    
1.59997    
2.54476    
2.23953    
1.77300    
2.78755    
3.25108    
1.82084    
3.46652    
3.46312    
1.84672    
2.99208    
2.51944    
2.99084    
2.22346    
2.46267    
2.30382    
3.23681    
2.52751    
2.03411    
1.75581    
2.45097    
3.47805    
3.43271    
2.05719    
3.23922    
2.56920    
1.07683    
2.05638    
2.28188    
3.20662    
1.31347    
3.49498    
1.98208    
1.28459    
3.71541    
2.73013    
3.96660    
3.41872    
3.21765    
3.69214    
4.91473    
1.27606    
2.52021    
2.76171    
2.58032    
4.71634    
3.22082    
2.04476    
1.57166    
1.83979    
3.00252    
2.76249    
1.60299    
3.70867    
3.22302    
3.00177    
3.71600    
3.45148    
2.52340    
2.29750    
1.55277    
1.99622    
3.49051    
2.47187    
1.79511    
2.55002    
3.47947    
3.21116    
2.52823    
3.42373    
2.04422    
4.21242    
2.06536    
0.58868    
2.00705    
2.74054    
3.63561    
4.42618    
2.73821    
2.23377    
3.26622    
2.48669    
2.91235    
2.96040    
1.11100    
1.78555    
2.98036    
3.47096    
3.46824    
3.23700    
2.05880    
0.60543    
3.66009    
2.50872    
2.26954    
1.79452    
1.53870    
3.74598    
2.27634    
2.52742    
3.70182    
3.20791    
2.49109    
2.96673    
1.81611    
3.74709    
1.99076    
-0.57397    
2.30055    
0.85468    
3.72752    
3.67790    
2.99360    
2.95460    
1.81039    
3.71077    
3.45754    
3.49189    
1.50117    
1.51994    
2.76344    
2.97406    
4.12808    
1.78645    
2.52458    
2.01564    
3.15775    
2.00621    
2.49861    
3.02169    
2.95709    
2.09457    
2.25173    
2.73946    
2.69958    
1.48393    
3.26551    
1.80220    
2.24147    
2.97602    
1.52673    
3.01982    
3.02053    
2.31377    
3.93938    
3.70933    
2.74559    
1.57947    
3.21595    
2.73373    
1.30196    
3.22977    
3.48301    
1.74655    
3.45293    
3.70175    
3.67689    
2.96021    
2.04638    
0.59034    
2.03144    
2.01666    
4.43032    
1.32544    
2.96752    
2.33287    
2.96229    
2.55388    
4.42211    
2.03894    
3.21998    
3.22284    
2.50082    
3.20775    
2.72606    
2.99475    
1.99332    
1.54463    
1.53645    
2.26845    
3.21404    
2.02564    
2.74722    
1.32060    
1.99777    
4.12227    
1.54326    
3.71194    
3.02078    
4.15312    
3.94385    
3.93036    
2.74649    
1.54811    
3.25663    
3.00069    
3.01107    
2.32919    
3.23706    
3.66503    
2.07875    
2.75155    
1.58063    
1.53858    
2.75670    
3.18358    
3.45886    
1.75544    
3.93546    
1.39776    
1.80364    
3.69294    
1.99112    
2.74814    
2.27737    
2.26683    
1.52139    
2.80824    
2.29816    
2.43736    
3.00556    
3.18305    
2.51441    
2.02904    
3.39755    
1.74816    
4.23954    
1.79807    
2.02902    
2.23013    
4.16583    
2.02393    
3.46544    
2.71296    
3.02204    
2.25452    
2.44125    
2.80523    
2.02089    
4.15429    
2.31520    
2.77133    
2.21316    
1.76621    
2.53362    
2.23250    
0.06184    
2.28227    
3.69991    
2.02935    
2.25726    
3.23001    
2.75867    
1.30937    
2.76879    
3.02115    
2.29740    
3.24821    
1.76784    
3.97022    
2.27149    
2.47015    
1.31518    
3.91135    
1.32222    
1.78585    
2.54479    
2.25538    
2.49231    
2.45964    
2.73005    
2.24493    
4.65535    
2.22539    
2.45175    
1.81116    
2.02276    
0.17712    
1.96541    
4.19211    
1.82059    
2.30495    
2.03687    
4.41641    
2.50338    
1.29748    
2.26374    
2.50466    
2.25208    
2.72458    
2.30294    
-0.36397    
2.68735    
2.27940    
3.27445    
2.03265    
1.08531    
1.09335    
3.72653    
4.17321    
1.84415    
2.25878    
2.97004    
2.98596    
2.48871    
1.81865    
2.25398    
2.74770    
2.69790    
1.54591    
2.95440    
2.23011    
2.79030    
1.79683    
2.72201    
3.22248    
3.88819    
1.52864    
1.75929    
2.50669    
2.29442    
1.32602    
1.80403    
2.50323    
1.06040    
3.02462    
2.05262    
1.78359    
2.71517    
2.21251    
3.72621    
2.28701    
2.75724    
2.22274    
2.23463    
2.23500    
1.62283    
2.05709    
4.18238    
2.01847    
3.20798    
2.97638    
2.24494    
3.45890    
3.74059    
2.50918    
1.99339    
3.19822    
2.04508    
1.54439    
3.04233    
0.34729    
2.51675    
2.27972    
3.90206    
3.43006    
3.02955    
2.00292    
2.79256    
0.08215    
2.99852    
-0.88232    
2.05577    
2.51782    
2.56117    
3.26540    
3.20396    
3.48822    
3.44851    
3.18679    
2.93753    
1.60042    
3.01001    
2.03316    
3.96530    
0.84464    
2.78732    
2.98223    
1.31176    
3.01812    
1.82667    
3.50065    
4.43294    
2.24880    
1.81043    
2.98342    
1.01842    
0.80254    
2.23766    
2.04000    
1.75875    
2.32722    
2.01050    
4.70411    
2.23002    
3.96780    
1.54539    
2.47426    
2.51129    
2.03722    
3.01423    
1.53740    
3.46001    
0.87056    
1.29329    
2.00856    
2.94969    
2.50989    
3.93599    
1.55343    
3.16928    
2.52002    
2.75180    
2.22549    
2.54044    
3.46623    
3.27222    
4.60033    
2.26783    
1.14080    
0.81150    
2.52906    
1.77680    
2.24513    
0.89189    
2.74139    
3.22190    
2.41414    
2.05065    
2.72482    
3.95134    
3.65033    
3.94548    
3.92126    
2.49613    
2.48886    
2.75359    
3.44372    
1.08384    
3.15360    
5.38225    
2.98709    
4.42109    
2.72918    
2.49983    
4.17083    
3.24823    
1.31284    
2.47693    
3.67736    
2.98216    
2.01827    
3.19204    
2.78592    
2.46170    
3.03414    
2.78454    
3.23981    
1.76147    
2.76944    
4.66659    
2.48691    
2.02714    
2.28115    
3.46567    
2.81421    
1.81948    
2.49474    
1.57952    
2.50823    
2.52774    
3.70768    
2.24954    
2.49408    
1.29811    
2.94166    
1.98649    
1.29086    
4.45322    
2.23759    
3.65627    
3.26835    
3.29162    
3.51902    
1.29513    
2.52374    
4.17337    
2.08098    
2.72612    
1.07767    
2.05159    
2.77252    
2.00331    
2.79568    
2.29986    
1.08148    
3.25647    
2.53339    
2.48934    
2.04581    
1.79549    
3.24161    
1.80863    
2.28603    
3.02683    
3.49413    
2.97296    
0.85739    
2.25840    
1.53221    
3.69138    
1.94436    
1.97651    
3.19760    
2.03557    
1.29626    
2.51676    
1.99337    
2.47309    
0.30110    
3.49159    
2.23022    
1.57556    
2.29236    
1.52847    
3.50320    
1.07814    
2.75616    
4.42685    
4.65547    
2.98741    
3.97788    
2.28303    
2.98590    
2.70999    
1.33275    
-0.35655    
2.78862    
2.32814    
3.45693    
1.79005    
2.29516    
2.51474    
3.25040    
3.22183    
2.30190    
1.51266    
2.74839    
2.98415    
1.53550    
2.21864    
3.41320    
2.48470    
2.49445    
2.53434    
3.21314    
3.71868    
1.04780    
1.77351    
2.25712    
4.90939    
2.01444    
4.67889    
3.70410    
2.98376    
3.24048    
3.23776    
3.91648    
3.21661    
3.27080    
1.56260    
2.00063    
1.56377    
3.94825    
3.46701    
3.66407    
2.95982    
2.95497    
5.07689    
3.46708    
4.02004    
2.98828    
2.25300    
2.77094    
3.22430    
2.74171    
2.47220    
2.75455    
1.26801    
1.98968    
2.48043    
1.77702    
1.53684    
2.73614    
1.77416    
2.73880    
3.22204    
1.81807    
0.60066    
4.18450    
3.00747    
1.49263    
2.51235    
1.04574    
2.21971    
3.71532    
2.54374    
2.91242    
2.72329    
1.57146    
3.47166    
1.05037    
2.69652    
0.85760    
2.00376    
2.48553    
1.77620    
2.51996    
3.45692    
2.53639    
1.27513    
3.97677    
3.68394    
3.47425    
3.49703    
2.51958    
2.02555    
3.19175    
2.25584    
1.33302    
3.95641    
1.33244    
2.72763    
2.01383    
3.45059    
3.02985    
3.00381    
1.00662    
3.22373    
2.99234    
2.51211    
2.48066    
2.78255    
2.77774    
2.49061    
1.08282    
4.46445    
0.36906    
2.28070    
2.94286    
3.91579    
3.00182    
2.74651    
1.82206    
2.00271    
2.76764    
2.74703    
2.03628    
1.75216    
2.04644    
3.68497    
2.05588    
3.49757    
1.55210    
1.56440    
2.74410    
3.19981    
1.81513    
2.24147    
2.50747    
4.15237    
1.82596    
0.81768    
2.03528    
3.44753    
0.80863    
3.20930    
2.25999    
1.77025    
2.27233    
2.53084    
1.07550    
1.58360    
1.03536    
1.55761    
5.66512    
2.26297    
2.71288    
2.05334    
2.47692    
3.01302    
3.47847    
2.73693    
1.98759    
3.72210    
3.69388    
3.93138    
2.46067    
2.98772    
2.26838    
2.02529    
1.52912    
1.79832    
3.17289    
2.99492    
2.06705    
2.45161    
1.34577    
2.25016    
1.76616    
2.54829    
2.47959    
2.95308    
0.86201    
1.99894    
2.97650    
2.30716    
3.21623    
2.96656    
2.54516    
1.78518    
2.22242    
1.53818    
2.03619    
4.85288    
0.58679    
2.93673    
3.47645    
2.05360    
4.21834    
2.98302    
2.73421    
3.95789    
2.75676    
2.76243    
1.77409    
2.21023    
3.71177    
2.24565    
2.24550    
4.19509    
3.05101    
0.82217    
0.86363    
2.95012    
2.70981    
3.72184    
1.31028    
3.43594    
2.75783    
2.72895    
3.19151    
3.27284    
0.42413    
2.00771    
2.08814    
3.64219    
2.01910    
2.72349    
2.72139    
3.26935    
3.29129    
2.01956    
1.58391    
1.34251    
3.00189    
2.81107    
1.78132    
1.32074    
2.04860    
1.78926    
3.22542    
2.69786    
2.51222    
2.71637    
2.53738    
2.53867    
2.51787    
3.91653    
4.16998    
2.70989    
2.52003    
0.86461    
2.96251    
2.07610    
2.52462    
3.45093    
3.93371    
3.48222    
1.53327    
2.32184    
3.47944    
2.99432    
2.05079    
1.78193    
2.25486    
3.01217    
3.19672    
2.51174    
0.59813    
3.47133    
1.98125    
2.76425    
1.06702    
1.99909    
1.82090    
2.73975    
1.59930    
1.55238    
2.54650    
2.96871    
3.45569    
4.45927    
3.99820    
3.47919    
2.93929    
3.67624    
1.96255    
1.74379    
1.98968    
2.02002    
2.04441    
2.28830    
4.18760    
2.74702    
2.01962    
2.02811    
2.79248    
1.07799    
3.26032    
2.28059    
1.31520    
2.69292    
2.06099    
2.00950    
2.94324    
3.95378    
2.46172    
2.03559    
2.50608    
2.24817    
1.31009    
2.71097    
2.52122    
1.98161    
3.72669    
1.77894    
2.26829    
0.84232    
2.68711    
2.29561    
2.71918    
2.23653    
3.45494    
1.56390    
1.99031    
2.53433    
3.29316    
3.24082    
3.68164    
1.36070    
1.55473    
3.68396    
2.47373    
3.48641    
2.05877    
2.09183    
2.06213    
2.48568    
2.25609    
3.27603    
1.76137    
3.21681    
3.66931    
4.89658    
1.78426    
2.75913    
1.81753    
2.93901    
2.21536    
2.49468    
2.26549    
3.20170    
3.69728    
3.01207    
2.95671    
2.56238    
3.46522    
3.96749    
1.36955    
2.01670    
1.52804    
2.29576    
2.48756    
2.73282    
1.54448    
3.25145    
2.23299    
3.69857    
1.83646    
1.80860    
2.31043    
1.76861    
3.94971    
2.51428    
3.94669    
2.79391    
1.58185    
2.74793    
2.93645    
0.39447    
4.41687    
1.33512    
-0.31677    
2.73156    
2.27266    
0.13756    
2.75121    
2.27980    
2.50415    
3.03580    
3.65887    
2.99190    
2.22409    
2.28026    
3.87148    
3.98685    
2.47836    
1.32958    
3.23495    
1.33713    
2.27261    
2.27821    
3.89279    
2.99224    
3.45519    
2.19973    
1.59538    
3.22950    
3.49474    
1.48605    
2.54664    
4.94858    
1.76613    
1.54004    
2.95852    
1.26359    
3.20268    
0.81689    
2.53374    
1.98367    
2.49877    
3.43560    
3.00109    
2.00518    
2.00423    
3.26570    
2.79080    
0.39116    
2.50401    
1.79145    
2.23499    
1.31159    
2.49011    
3.21497    
3.47314    
2.26438    
0.79728    
2.07748    
1.75039    
2.26071    
3.23779    
2.27365    
2.54949    
1.77559    
2.73232    
1.08545    
1.85008    
3.69979    
1.83294    
3.95702    
3.44043    
3.72835    
0.60617    
3.92970    
1.99785    
2.47822    
3.45540    
0.83088    
3.18899    
2.46191    
1.54655    
1.30002    
2.02746    
1.32176    
1.77574    
3.17908    
3.26968    
3.49354    
2.23259    
1.53870    
3.45198    
3.21083    
2.49315    
3.23891    
1.28266    
2.04633    
3.68204    
2.23517    
2.26059    
1.51623    
2.46331    
2.73090    
1.77813    
3.66584    
3.94343    
3.26265    
2.49595    
4.39734    
3.97991    
2.76762    
1.83445    
3.26561    
3.23259    
1.77078    
3.43593    
1.56463    
3.98247    
2.03223    
1.50239    
3.17209    
2.98007    
1.97121    
2.77852    
3.19859    
2.03295    
1.80308    
2.24990    
1.78546    
2.52789    
3.89688    
1.78351    
4.26455    
0.12259    
3.50994    
2.52062    
3.43736    
3.50204    
2.02014    
1.05467    
1.84260    
2.26721    
0.58906    
2.98464    
1.29957    
2.07506    
3.23039    
2.47662    
2.74646    
1.53092    
2.00661    
2.98567    
3.91874    
3.72503    
2.06359    
0.53256    
2.30578    
3.23728    
3.51535    
1.77639    
2.50964    
1.10599    
3.72031    
3.71939    
2.74267    
3.70293    
1.78208    
1.51926    
1.73937    
3.49620    
3.67013    
2.01649    
2.54938    
2.25711    
3.01602    
3.23969    
2.22414    
1.74677    
1.06346    
2.94552    
3.00407    
2.97851    
2.03993    
2.97228    
3.47456    
3.97713    
3.43131    
2.74853    
3.50021    
2.02223    
3.94119    
3.02384    
1.75631    
1.53528    
4.65846    
2.28821    
1.87802    
1.54831    
1.76900    
3.19789    
2.29982    
2.51247    
1.79550    
1.79862    
4.17194    
3.93740    
1.82118    
3.03738    
1.78057    
2.25942    
3.69257    
1.31345    
3.21792    
2.31536    
1.76832    
3.47294    
2.53762    
1.78921    
3.23367    
2.99821    
3.00422    
0.36074    
2.76055    
2.03634    
3.25013    
3.63157    
3.49341    
2.01045    
2.73455    
2.25597    
3.25291    
3.71121    
3.72601    
2.50813    
1.50551    
2.49054    
4.41464    
2.27591    
2.29846    
1.77947    
2.52252    
3.00790    
1.76699    
2.01361    
1.55685    
3.70967    
2.93808    
2.03391    
2.25362    
2.15912    
2.32600    
0.82238    
3.89991    
3.45602    
1.82871    
2.63780    
2.02342    
2.70987    
1.73810    
2.74906    
3.47729    
1.36260    
1.56611    
1.31550    
3.42493    
2.24249    
2.75693    
2.77611    
2.73173    
1.78751    
3.41666    
-0.08835    
2.21474    
3.70341    
3.42488    
3.22547    
2.71190    
2.72234    
4.90131    
2.06995    
2.99158    
2.49625    
2.80901    
1.78958    
1.79821    
1.79323    
2.02291    
3.46236    
4.18378    
3.73918    
3.45784    
1.76858    
3.02460    
1.58141    
2.48988    
1.75267    
2.28728    
0.82274    
2.24532    
3.44257    
2.26336    
2.49932    
3.51096    
3.43854    
2.22182    
2.74956    
3.00767    
2.30308    
2.72066    
3.01744    
2.31700    
2.49731    
3.41840    
2.72998    
2.74083    
2.74768    
2.23451    
3.21096    
2.52041    
2.70922    
3.01951    
3.94850    
2.00964    
3.52497    
1.78115    
2.03096    
2.27521    
3.02426    
2.49588    
3.46464    
2.80922    
1.60996    
1.55151    
1.86459    
3.49574    
2.02675    
3.45969    
1.76497    
2.24516    
1.83943    
2.50887    
2.71764    
3.91920    
2.25584    
1.99299    
2.95742    
2.72390    
2.52970    
2.73582    
2.50737    
3.25078    
2.75211    
4.13824    
1.32112    
2.51007    
3.38922    
2.99885    
3.49454    
3.42670    
1.80218    
4.41012    
1.80070    
1.77480    
4.41112    
3.68837    
4.20267    
2.05114    
1.51943    
2.98200    
2.50757    
1.77458    
2.25146    
2.47443    
1.05468    
1.79244    
2.52446    
2.27837    
3.19294    
2.75318    
2.49641    
2.28208    
2.31071    
3.05061    
1.55466    
3.96337    
1.34239    
2.23519    
2.49118    
1.79697    
2.76713    
2.46672    
1.56175    
1.75364    
2.29535    
1.08828    
2.03637    
2.22089    
3.45520    
3.46253    
1.09685    
2.25175    
3.01837    
2.01294    
2.25296    
1.80462    
2.02550    
2.27150    
2.72192    
4.66480    
2.47501    
1.77044    
2.27430    
3.00017    
3.44337    
2.03109    
2.71260    
2.52969    
1.96237    
3.43577    
2.31895    
2.50285    
1.29528    
2.80991    
2.48672    
2.48633    
1.80408    
3.25667    
3.46970    
1.52439    
3.19529    
3.43725    
0.58471    
3.22864    
1.07480    
2.08670    
2.99433    
4.61765    
2.01046    
2.78367    
2.48214    
4.27456    
1.80101    
3.64100    
3.45945    
2.52624    
3.24964    
3.44987    
4.91891    
2.22327    
2.96889    
1.53681    
2.75687    
2.05798    
4.22646    
2.77817    
2.50675    
1.94646    
2.73728    
2.27880    
2.51392    
2.72959    
1.50334    
4.13944    
1.79711    
1.79908    
1.98529    
4.45276    
0.65115    
1.03989    
1.09128    
1.98468    
3.20655    
2.92763    
3.98418    
2.52814    
1.59879    
3.74261    
2.47488    
0.57571    
2.96979    
3.94826    
3.67325    
1.31838    
3.44458    
3.21837    
2.30407    
3.51433    
2.31830    
1.57255    
2.51752    
3.68119    
2.72805    
3.87986    
2.27160    
1.51955    
4.44174    
2.52749    
4.92030    
2.55307    
2.78303    
3.26054    
1.10832    
1.53056    
2.27022    
2.73915    
2.01516    
2.24677    
3.91706    
3.94014    
2.30943    
3.47687    
2.49076    
1.13342    
2.27090    
3.72077    
2.53248    
4.40551    
2.53027    
3.51228    
2.28267    
2.72455    
2.05125    
3.65380    
3.00882    
2.95027    
2.45398    
1.36100    
3.42074    
2.24877    
3.46572    
2.02960    
2.26231    
2.03273    
2.82909    
2.50285    
1.76123    
1.74728    
0.60957    
4.18261    
3.93424    
2.03238    
2.26985    
2.01651    
0.53924    
2.78776    
2.67678    
2.26142    
1.06326    
2.48929    
3.69225    
2.79887    
2.49849    
2.03656    
2.99770    
2.05976    
3.20146    
2.24293    
1.80599    
2.28348    
3.48657    
3.44954    
2.00043    
3.66528    
1.80467    
3.47675    
1.82840    
3.21447    
2.47666    
2.24651    
2.70049    
3.14242    
2.28860    
3.00953    
2.28238    
3.00169    
3.49035    
2.78552    
0.89854    
3.23828    
2.76845    
2.26963    
2.94836    
2.01523    
0.78733    
2.99583    
2.49487    
4.22193    
3.22242    
1.78048    
2.25448    
2.78158    
2.53987    
1.81839    
2.50028    
2.51459    
2.52939    
1.83134    
1.78892    
2.23972    
1.55319    
2.98854    
2.23165    
2.77701    
3.87627    
2.73451    
3.03754    
0.58870    
1.83411    
2.04548    
3.19244    
0.80874    
3.47677    
2.48605    
2.49438    
2.07250    
2.30274    
4.17701    
4.67253    
3.95895    
3.21612    
2.24524    
2.29569    
4.90560    
2.02297    
2.04014    
2.26700    
3.87965    
2.53271    
2.52818    
1.80799    
1.30005    
2.46759    
1.99344    
3.17852    
3.71991    
2.95556    
1.86161    
2.47423    
2.47373    
3.45540    
1.80273    
2.03491    
2.45851    
2.75942    
3.95858    
3.22812    
1.81116    
1.77953    
4.61269    
4.19870    
2.73699    
2.51576    
3.51395    
1.54572    
3.48016    
2.97479    
2.28601    
1.53233    
3.13654    
3.98645    
2.52408    
1.03301    
3.88827    
2.95216    
3.21129    
2.45706    
4.14267    
2.31397    
2.71022    
2.00447    
1.54133    
2.78557    
3.21457    
3.48465    
3.21642    
2.78128    
2.52709    
1.08461    
3.02957    
3.45037    
1.31939    
3.47595    
2.46818    
1.27766    
2.74498    
3.23628    
4.38149    
3.23739    
1.31575    
1.76486    
3.00864    
2.70675    
1.31013    
3.23657    
2.73878    
3.22594    
2.99277    
0.09197    
3.00099    
2.49936    
1.02023    
2.55208    
2.51224    
2.70862    
1.54187    
1.73497    
3.63937    
3.94602    
3.42262    
3.19637    
3.42501    
1.78768    
1.78528    
3.94393    
3.31870    
3.70360    
1.98714    
1.76065    
2.27982    
1.79587    
2.98873    
2.53359    
3.45312    
1.07154    
2.73441    
1.70617    
2.26631    
3.47143    
2.54175    
3.01474    
2.28699    
2.94214    
1.32184    
4.66827    
2.27936    
2.54362    
4.20034    
2.04300    
1.77701    
2.46759    
1.55271    
2.75741    
2.78201    
2.03720    
2.05243    
1.79715    
3.00384    
2.27014    
3.01121    
3.66361    
3.45822    
3.46165    
1.31440    
1.05475    
1.48455    
1.75683    
2.73889    
2.05554    
2.29782    
2.70054    
1.79429    
4.18078    
2.78955    
2.02520    
2.72333    
2.46278    
1.78047    
2.27642    
1.04607    
2.26251    
2.50504    
2.03695    
2.96267    
2.97025    
1.76851    
1.80591    
2.04288    
2.25237    
2.47821    
2.22683    
1.52347    
2.69342    
0.14405    
3.43143    
3.20001    
2.96975    
2.48721    
2.04583    
2.75693    
2.30020    
1.78641    
3.20844    
2.50482    
2.50249    
2.74880    
2.97415    
2.01017    
3.28442    
1.08082    
3.44904    
2.50658    
2.99437    
3.99017    
2.97382    
1.27232    
0.59582    
1.33948    
3.44703    
3.75400    
2.99089    
4.20639    
3.24528    
1.09269    
3.50325    
3.48379    
1.09021    
2.76705    
3.00658    
3.18863    
1.76753    
2.01250    
3.70088    
3.70113    
2.23876    
3.01164    
2.52053    
2.00308    
4.39815    
1.03101    
2.98103    
2.22683    
2.74608    
2.93130    
1.80851    
3.23727    
2.28936    
3.42187    
1.77880    
2.54027    
2.72355    
2.23267    
2.93131    
2.79751    
2.06710    
3.98236    
3.19135    
4.18968    
3.49996    
3.44194    
1.11782    
1.80720    
2.69572    
1.79942    
2.02744    
2.07962    
3.43791    
3.24202    
3.46321    
1.85957    
1.05682    
3.18792    
1.97305    
4.20601    
2.78148    
2.01558    
2.51513    
1.53622    
2.96433    
1.80501    
2.90775    
2.73896    
3.20522    
3.68180    
2.97843    
3.66882    
0.58555    
3.76682    
2.26216    
2.50981    
2.23190    
2.54250    
1.82115    
3.70768    
1.82321    
2.53021    
2.50892    
2.76874    
3.49468    
4.92637    
1.08929    
2.56012    
2.01569    
2.32576    
3.21751    
3.51656    
3.91102    
3.96137    
3.99122    
2.47733    
3.92791    
2.21449    
2.96528    
2.28060    
0.59691    
2.26074    
2.82382    
2.27762    
3.93244    
4.42532    
3.44368    
2.20813    
2.53011    
1.76967    
-0.12550    
3.46027    
4.17368    
3.47600    
2.22538    
2.80121    
2.07992    
3.25307    
2.77987    
2.97417    
0.82575    
2.71282    
2.24204    
1.78017    
2.73498    
2.73974    
2.72607    
1.78867    
1.78968    
2.03720    
2.75851    
3.43646    
3.95125    
1.57246    
2.28450    
3.49353    
1.75268    
3.23526    
2.28028    
4.37896    
3.77786    
3.01256    
2.52790    
3.45373    
3.51476    
1.25435    
2.52104    
1.55228    
2.53339    
3.76855    
1.76273    
3.23616    
3.45168    
1.60158    
1.79290    
3.71660    
2.52096    
2.77433    
3.93482    
3.50571    
3.49576    
2.25749    
4.68675    
2.49947    
2.51904    
2.30810    
2.95673    
3.00897    
1.35841    
2.43450    
3.21461    
2.07212    
3.68447    
2.49859    
2.29435    
2.98600    
2.29802    
1.08038    
0.56038    
4.16165    
1.99810    
2.00726    
2.77332    
1.77382    
2.25541    
2.02319    
3.49361    
2.70868    
2.21992    
1.80763    
3.41257    
3.24289    
3.45201    
2.02625    
2.26374    
3.65658    
3.47325    
2.27251    
3.20921    
2.49494    
1.35954    
1.58281    
1.10759    
1.34479    
1.76576    
2.02750    
2.04230    
2.52341    
4.40652    
2.23103    
1.32456    
2.98591    
1.83210    
2.99032    
3.89536    
3.48305    
2.94919    
4.48631    
3.02323    
2.74805    
3.03100    
1.33972    
4.51850    
4.45981    
4.20854    
2.97518    
2.71551    
1.98309    
2.33933    
2.29644    
4.13520    
1.74005    
3.70926    
2.51106    
1.58861    
2.21823    
2.96572    
2.26269    
2.30630    
3.67679    
2.74552    
1.54048    
2.73155    
0.79533    
2.76823    
0.80173    
3.22545    
2.27830    
2.79619    
2.57708    
1.09230    
1.02752    
3.22659    
2.47676    
2.73884    
3.02121    
1.10023    
3.92194    
2.50143    
1.77656    
2.99210    
1.08845    
2.52026    
2.72837    
2.54238    
2.77228    
2.52839    
2.96253    
2.97966    
3.69583    
2.73406    
2.49956    
2.27315    
3.01177    
4.66512    
1.80310    
3.02576    
1.34237    
1.58854    
2.77952    
2.96262    
1.30419    
1.56510    
3.45567    
1.52905    
3.69445    
2.54593    
1.05691    
3.98614    
2.47746    
3.69584    
4.41976    
3.68569    
3.71500    
1.81695    
4.90177    
3.21546    
3.20279    
3.01257    
3.49870    
1.53390    
3.39935    
3.01866    
1.53610    
3.00859    
2.02845    
3.45048    
1.06215    
2.97556    
3.23663    
3.74195    
2.03578    
3.72624    
4.90931    
2.99977    
2.84032    
2.49111    
3.17066    
2.73873    
1.77157    
2.46574    
4.68139    
3.68806    
2.30271    
2.02815    
2.49985    
2.20794    
1.82480    
2.97610    
3.24768    
1.58129    
3.16354    
2.28042    
2.72472    
1.81800    
2.01034    
1.52019    
2.28085    
1.98537    
2.07149    
2.32148    
3.23444    
2.33942    
2.76098    
3.04026    
3.75999    
2.51016    
2.98702    
3.50062    
0.81261    
3.47962    
2.29548    
2.99539    
2.74422    
2.75179    
3.02721    
1.72530    
0.78361    
1.54698    
2.72002    
1.53418    
2.48534    
2.03812    
1.81937    
2.07415    
2.05052    
2.76465    
3.00073    
2.45867    
2.02066    
1.57755    
2.02832    
2.93341    
1.55218    
2.94558    
4.39777    
3.21963    
2.98670    
2.44244    
1.82303    
2.98528    
3.45118    
2.08340    
3.21422    
2.29800    
1.83915    
2.98957    
1.80147    
2.97473    
2.71510    
2.25750    
3.23554    
3.44659    
1.34599    
2.69191    
2.26793    
2.48970    
1.76137    
3.19559    
2.97693    
2.26040    
2.03514    
2.21056    
2.49741    
4.40392    
1.75499    
3.21714    
2.49507    
2.05358    
1.06154    
1.61133    
2.97664    
2.49198    
3.46467    
2.49750    
3.66932    
2.27303    
3.49245    
2.99808    
1.02995    
2.98988    
1.56433    
3.95135    
2.02034    
1.57133    
1.07892    
1.34725    
2.31358    
2.78166    
2.21318    
1.55280    
2.98310    
3.20889    
3.25300    
1.85221    
2.97559    
2.07475    
1.88035    
0.68401    
2.98050    
3.46186    
2.28244    
2.23927    
2.05179    
2.53148    
3.90366    
2.03631    
4.67705    
3.70415    
2.47208    
2.73587    
1.98791    
3.24811    
3.90492    
3.00187    
3.46254    
2.30150    
1.54266    
4.47762    
3.45233    
0.10991    
1.99693    
2.76364    
2.01942    
3.48481    
3.98360    
2.57737    
1.75659    
1.34042    
1.25784    
1.78139    
2.56687    
3.00148    
3.49914    
2.73626    
2.97165    
2.26483    
3.02919    
2.48100    
2.01767    
2.77678    
1.77632    
2.50202    
2.73315    
2.99654    
2.22620    
2.96661    
1.07443    
3.25760    
2.73990    
2.27682    
2.52536    
1.98372    
2.99281    
2.33020    
1.30748    
4.22088    
4.87542    
3.68969    
3.21480    
2.07368    
1.52545    
3.90386    
3.89568    
2.08474    
2.29230    
3.68769    
3.02008    
1.78296    
3.04497    
2.98255    
3.71560    
1.51025    
3.66623    
1.98969    
3.68998    
2.31748    
2.95364    
1.79185    
4.68808    
4.41321    
3.73929    
2.27412    
2.51707    
2.47629    
1.73691    
3.73108    
2.97414    
1.27331    
1.31016    
2.99719    
1.59668    
3.26066    
3.03403    
3.00046    
3.67272    
2.72674    
2.26815    
1.76709    
1.76419    
1.59288    
3.19897    
2.22776    
0.59919    
3.49394    
1.36220    
3.21365    
1.84088    
4.23838    
2.31488    
3.45341    
4.18904    
3.49356    
1.80894    
2.99528    
2.74449    
3.21788    
3.71872    
3.21803    
2.75637    
2.77128    
3.19734    
1.47448    
3.44332    
1.05700    
2.29698    
1.75773    
2.26701    
0.56078    
2.44539    
3.90879    
2.64427    
3.96938    
2.94065    
2.53598    
3.45167    
3.68844    
2.47503    
2.24729    
4.68742    
2.26982    
3.45913    
2.08279    
2.52787    
2.96503    
2.94894    
5.88379    
3.49492    
3.25070    
2.01203    
3.70705    
3.25931    
1.55076    
1.77826    
2.46600    
2.02035    
2.72560    
1.56231    
3.67944    
3.24792    
3.69378    
2.23060    
1.30604    
2.28602    
1.09518    
3.62440    
3.22235    
2.48995    
1.09070    
1.11648    
3.49661    
2.65148    
3.43768    
3.03720    
1.76888    
3.91153    
1.79946    
2.27106    
1.57918    
0.44775    
2.04299    
1.54274    
2.50097    
2.54631    
3.50512    
1.07740    
2.04220    
2.50209    
2.97482    
3.51633    
2.48694    
2.71457    
2.50433    
2.75276    
2.31687    
2.99170    
1.78038    
2.49170    
2.73653    
3.21296    
2.77731    
3.23448    
2.07411    
1.80244    
2.99283    
3.25080    
3.46431    
2.27169    
3.30699    
0.85374    
2.04957    
3.24552    
3.97336    
2.00919    
2.77180    
2.26115    
3.92099    
2.77511    
2.73051    
2.74987    
2.03770    
3.76625    
1.58486    
4.24449    
3.43910    
3.21499    
2.25690    
2.27868    
1.75236    
3.93297    
1.50036    
3.43049    
2.29073    
1.54673    
1.30617    
4.16651    
2.07062    
2.30009    
1.32254    
3.73927    
2.74654    
2.49182    
3.67687    
2.57391    
2.73787    
1.26803    
2.52119    
2.99546    
3.45195    
2.99916    
1.54595    
2.50740    
2.55913    
3.75846    
2.99811    
1.29825    
2.28163    
1.77458    
3.22303    
2.06537    
2.95396    
3.47820    
2.28010    
1.58134    
2.50596    
1.50673    
3.22518    
2.02010    
3.45379    
2.02701    
3.68518    
4.65584    
2.96425    
3.20637    
2.53109    
4.43551    
2.24849    
1.31243    
2.96475    
2.98247    
2.29790    
1.56814    
4.16491    
3.02787    
2.27582    
1.99418    
2.07769    
1.34710    
1.58885    
2.49541    
2.06339    
1.03659    
2.25689    
1.57862    
3.76394    
3.47736    
2.02300    
1.30577    
3.61633    
2.74182    
1.74623    
1.05383    
2.84619    
2.73164    
1.29914    
2.76373    
2.71174    
3.19814    
1.54292    
2.26145    
2.32886    
2.70265    
2.55348    
2.49846    
2.27797    
1.55366    
2.01927    
2.00872    
2.54916    
1.53014    
2.76070    
4.15623    
2.02200    
3.44060    
2.52716    
3.21768    
1.98464    
2.70582    
3.45153    
2.77921    
2.30158    
2.97376    
4.39086    
3.22193    
2.50196    
3.22007    
3.96148    
2.75195    
2.05101    
2.52243    
3.45119    
2.00953    
2.99831    
2.70722    
2.02031    
2.50268    
1.99837    
2.04481    
2.46788    
4.14667    
2.28677    
0.33089    
1.54276    
1.80348    
2.28231    
4.21533    
2.95523    
3.02858    
1.53908    
3.00126    
4.01066    
2.48214    
2.03038    
2.23353    
2.74858    
4.16579    
2.72403    
1.99071    
0.74218    
3.26142    
1.58937    
1.99961    
2.50450    
2.04038    
1.77727    
1.55923    
1.07759    
1.59357    
3.95370    
2.24372    
4.46384    
2.27616    
2.28597    
0.81549    
2.28912    
3.98512    
2.52102    
1.08367    
4.42945    
2.48985    
2.45474    
2.05116    
2.07270    
3.52124    
3.69759    
2.48191    
2.23089    
2.47240    
2.77558    
2.48059    
1.11404    
2.53648    
3.19133    
5.15840    
2.99809    
3.91923    
2.32080    
3.26567    
2.75082    
2.26738    
2.06081    
3.94587    
1.10728    
0.59521    
2.94848    
1.82835    
3.20880    
2.29463    
2.28357    
2.26616    
2.77911    
1.76297    
2.49238    
2.04245    
2.26032    
2.23399    
3.01872    
1.75158    
1.30156    
3.16795    
1.80348    
2.29289    
2.75351    
3.00305    
3.50962    
2.76749    
2.96670    
3.97060    
2.03274    
2.46423    
1.81074    
3.95553    
2.27677    
2.02842    
2.43267    
2.96700    
2.77814    
1.81641    
3.02829    
2.27838    
3.20797    
2.98105    
2.90124    
3.50549    
2.50869    
2.52819    
3.44372    
2.54842    
2.75990    
3.22325    
3.24130    
2.01021    
1.33936    
3.49370    
2.78195    
1.57373    
3.69132    
2.29788    
2.76667    
2.30628    
1.98206    
2.24881    
2.10778    
3.43096    
3.27470    
1.34008    
3.47197    
1.53177    
1.74908    
2.71638    
2.48059    
3.48132    
2.34890    
3.00336    
3.91106    
1.81023    
3.02683    
2.03348    
3.93813    
2.48120    
1.54931    
