3.00253    
3.48639    
4.73275    
3.54167    
4.96171    
5.21808    
4.45759    
4.27313    
4.50856    
3.27017    
4.26328    
4.00271    
2.84115    
5.85349    
2.35315    
4.50321    
3.56614    
3.51816    
5.65054    
2.83784    
4.25631    
4.01497    
3.07831    
5.17048    
3.80376    
2.78413    
4.03551    
4.02959    
3.29803    
4.49502    
2.33321    
3.51020    
4.66450    
4.97241    
4.24113    
5.45644    
3.98790    
5.42993    
4.27194    
2.35594    
5.26678    
2.99538    
3.97791    
4.70826    
4.51580    
4.98622    
4.45739    
2.57905    
4.48811    
3.29405    
5.19483    
4.90994    
3.52120    
4.50563    
5.40565    
3.50305    
2.09481    
3.06062    
4.26160    
5.21030    
3.57256    
3.76511    
4.98173    
4.21374    
4.71804    
4.00623    
4.49307    
3.50018    
2.80701    
4.74540    
4.74890    
4.97112    
3.52504    
4.06388    
3.75984    
2.82081    
3.06288    
4.94770    
3.80713    
3.72251    
2.79522    
4.47045    
3.49495    
4.47237    
4.26017    
3.57460    
4.47938    
4.02171    
4.02687    
4.44903    
3.30985    
3.03788    
3.54590    
3.54849    
3.32275    
4.04280    
3.74316    
3.52888    
5.45963    
5.43282    
4.45499    
4.97209    
4.94697    
3.98915    
4.25169    
2.54032    
3.04999    
4.22308    
2.57077    
4.24801    
3.74578    
3.76181    
4.00648    
4.45050    
4.90869    
4.26643    
4.24235    
3.32370    
2.79587    
4.99636    
4.01595    
3.76050    
2.09128    
3.98428    
4.25837    
3.71648    
3.80200    
3.75397    
4.67711    
3.77195    
3.54377    
4.23240    
5.64530    
2.34117    
3.28629    
4.47035    
3.48666    
3.49500    
5.96141    
4.24484    
2.28223    
3.55467    
3.33500    
4.73892    
4.22729    
4.18717    
3.55853    
4.95974    
4.92110    
3.74351    
3.53116    
3.77162    
3.54493    
4.05184    
4.06009    
4.94978    
3.55455    
3.73553    
4.27052    
3.71388    
4.03036    
5.46139    
2.56300    
4.27519    
5.20693    
3.52630    
3.02464    
4.42869    
4.03878    
2.34747    
5.20322    
3.98029    
3.30795    
4.21870    
4.07474    
4.47401    
3.97985    
4.01879    
2.75501    
4.46191    
3.05121    
3.78263    
4.28279    
2.59640    
3.75130    
3.52160    
3.25409    
5.22521    
5.13830    
5.95499    
4.96585    
3.99212    
2.85267    
3.52248    
4.73728    
2.37838    
3.79823    
4.50646    
3.96661    
3.76293    
6.88680    
3.29118    
4.01651    
3.02318    
3.73497    
3.29343    
4.53259    
3.99541    
4.24569    
4.75646    
3.53766    
3.80538    
4.76267    
3.26005    
4.01018    
3.28207    
3.28577    
3.94277    
4.42414    
2.84363    
3.27646    
4.26736    
4.51618    
2.55016    
5.43290    
4.47610    
4.02646    
2.10781    
4.26442    
3.97124    
3.02480    
3.76221    
4.80089    
5.46669    
4.51593    
3.76864    
4.74437    
4.02613    
3.54933    
3.99683    
4.50987    
4.72068    
4.99527    
4.92589    
3.77764    
4.00241    
4.23609    
4.26034    
3.51854    
4.21469    
3.54919    
3.07680    
4.73535    
5.63785    
4.71175    
4.25884    
3.97505    
4.48194    
4.73485    
3.27248    
4.15331    
2.56250    
3.96796    
3.76475    
4.49479    
5.00240    
3.76898    
3.53714    
4.68078    
5.39480    
4.68708    
4.25764    
4.94728    
4.24030    
5.46994    
3.79363    
6.13561    
4.72133    
4.96960    
3.51112    
4.71774    
3.49921    
4.23344    
3.04312    
3.95163    
3.78561    
4.28785    
2.28671    
2.58066    
3.48293    
3.77226    
2.83640    
3.30700    
5.45742    
4.56323    
5.20618    
4.02760    
3.99971    
3.98482    
3.96490    
3.29236    
4.97596    
4.95564    
2.77326    
4.03054    
4.25020    
3.30926    
4.46387    
4.98569    
3.79996    
4.96945    
3.76927    
4.71959    
2.81419    
3.99171    
3.23195    
5.91452    
5.70590    
4.04630    
4.00955    
4.49873    
6.16742    
4.71279    
3.97047    
3.07417    
5.42747    
5.17548    
3.96254    
4.48346    
4.29746    
3.05893    
4.73862    
4.99827    
3.28309    
5.45976    
5.18124    
3.75534    
4.27709    
5.67650    
4.05116    
4.70353    
4.04839    
4.69365    
4.00070    
4.22118    
3.02979    
3.51964    
5.67608    
2.57130    
4.54042    
4.29750    
3.74106    
3.75464    
3.99579    
5.38575    
4.44276    
2.33965    
5.23001    
3.99345    
4.02175    
4.74815    
4.30585    
4.49598    
5.43885    
4.28222    
4.93742    
4.75921    
3.75206    
1.84926    
3.05770    
4.03217    
5.44867    
3.75852    
4.46573    
4.48357    
4.50903    
2.83499    
4.46904    
2.81363    
4.24673    
4.44663    
3.06567    
4.72893    
2.07861    
4.48715    
3.78039    
4.75271    
2.54611    
4.49172    
4.75961    
4.02048    
3.76228    
2.53405    
3.98715    
4.02675    
3.04980    
3.03450    
3.32326    
3.77834    
3.08270    
3.48695    
4.73991    
3.00842    
3.98266    
3.76988    
4.23272    
4.97256    
4.44698    
5.45962    
4.99724    
4.46029    
4.49929    
2.83598    
3.77012    
4.04205    
2.31956    
4.02831    
3.94383    
4.20823    
3.52974    
3.49309    
4.76638    
4.03517    
4.22700    
3.53873    
4.22576    
4.47000    
3.76636    
3.51941    
4.95413    
3.27218    
3.54326    
3.73863    
3.51506    
4.26414    
4.29849    
5.67934    
3.51279    
4.74930    
3.77309    
2.05409    
2.78244    
4.28404    
3.79328    
3.06165    
5.71906    
2.82883    
5.19763    
4.94547    
3.22442    
3.48618    
5.00290    
4.93982    
4.45205    
3.34130    
3.53179    
3.56862    
4.71725    
4.44427    
5.20551    
3.53172    
3.48281    
3.53118    
5.19527    
4.45363    
5.90273    
3.97588    
4.79361    
3.53499    
4.93985    
2.81848    
6.13000    
3.77259    
4.26630    
4.02950    
5.19248    
4.03503    
4.50055    
4.21805    
3.74253    
5.19645    
4.47953    
3.33894    
4.45530    
2.76801    
5.72678    
3.78563    
4.75768    
3.98869    
6.39145    
3.78895    
4.01521    
4.55050    
3.99925    
3.29433    
4.26478    
3.49791    
3.80541    
4.21094    
4.49230    
3.52253    
3.73759    
5.16243    
3.80342    
3.99700    
4.24080    
3.78478    
3.01219    
3.76597    
4.93359    
5.55008    
4.77627    
4.69275    
5.65551    
5.18815    
4.01489    
4.72191    
4.62623    
3.96327    
4.95176    
3.54863    
3.03955    
3.26621    
5.41074    
4.44093    
4.25524    
4.95176    
4.50888    
3.02438    
3.29967    
3.76416    
5.50144    
2.32346    
4.74742    
3.09720    
4.04858    
3.75497    
4.51782    
4.28229    
3.29968    
3.00297    
4.01289    
4.49676    
3.03885    
3.97687    
3.02857    
4.19486    
5.20439    
4.43929    
3.55129    
3.49463    
4.03194    
4.69494    
3.09470    
3.72883    
3.99985    
2.75270    
5.16350    
4.51828    
3.78304    
4.23976    
5.22505    
4.47074    
3.31248    
4.96597    
3.53595    
4.97990    
4.23127    
6.13099    
3.21004    
4.71293    
3.48924    
4.49690    
3.25754    
4.01584    
3.76999    
3.26523    
4.51135    
3.98816    
3.52040    
3.99684    
4.04924    
3.00738    
4.02051    
3.79457    
4.24519    
3.58520    
3.72989    
3.30410    
3.75095    
3.79646    
4.25497    
5.68357    
3.97761    
4.93546    
4.48144    
3.78274    
4.18397    
3.77722    
5.16576    
4.24507    
3.74592    
3.74098    
5.62385    
3.03158    
3.31889    
5.21461    
2.51516    
5.20072    
6.12146    
4.96646    
4.92595    
2.82760    
5.46919    
4.57986    
4.45235    
3.50919    
4.45864    
4.97457    
4.46646    
4.24915    
3.05429    
4.46251    
4.28784    
3.56229    
4.00833    
4.48954    
3.78056    
4.47790    
4.46708    
5.69094    
4.26827    
4.48626    
3.78747    
4.98681    
3.80846    
4.25585    
3.49895    
2.85484    
3.78297    
4.30560    
3.52291    
5.22322    
4.72264    
4.77797    
4.48364    
3.54513    
3.48070    
3.47856    
4.50349    
4.27273    
3.28739    
3.76977    
4.27719    
4.47077    
4.47530    
2.81772    
3.99868    
3.31792    
4.71231    
4.19296    
3.27642    
4.52604    
3.55891    
4.22574    
3.77008    
4.00676    
3.25292    
3.73476    
4.68844    
2.57189    
5.46720    
3.77906    
4.48494    
4.02404    
4.49902    
3.77316    
5.66756    
3.70207    
3.78561    
5.22763    
3.98501    
4.96466    
4.00958    
3.99680    
3.77938    
4.25980    
4.20763    
3.52623    
4.00881    
4.71124    
4.22085    
3.98172    
3.05541    
3.05891    
3.81680    
4.00939    
2.06633    
2.35669    
4.00925    
3.75509    
4.05669    
4.67803    
4.68338    
4.44515    
3.56318    
3.99627    
4.23140    
4.25946    
4.19120    
3.55378    
2.79977    
3.81128    
4.95779    
3.31184    
3.09209    
3.71406    
4.75999    
3.27136    
2.74947    
3.95911    
4.70231    
4.00463    
4.00783    
2.82609    
5.15029    
4.47391    
4.30178    
3.83702    
4.23015    
2.57203    
4.44628    
4.24910    
4.73776    
3.30013    
2.54604    
4.22245    
4.24614    
4.00352    
6.16437    
3.00605    
3.73146    
3.55223    
3.72576    
3.33258    
5.19248    
3.46144    
4.19919    
3.27345    
3.51805    
3.07806    
3.27476    
4.26660    
5.20729    
5.18623    
4.23203    
3.81072    
4.52354    
4.95281    
4.70521    
4.92377    
4.03941    
3.06990    
4.29140    
3.33348    
4.94170    
5.41230    
4.05060    
3.75678    
3.06263    
3.76569    
5.20626    
3.81015    
5.46603    
4.28152    
4.70532    
3.70176    
2.77868    
4.01003    
4.96442    
3.49128    
2.57610    
3.31559    
3.79107    
5.23875    
4.70557    
3.99303    
4.00566    
2.10217    
5.15884    
5.94885    
3.27704    
3.01913    
5.00699    
4.72350    
5.20048    
3.32054    
2.80354    
4.25657    
4.00800    
4.01323    
5.68221    
5.23519    
5.88326    
4.46417    
2.32132    
5.19566    
5.37929    
3.29506    
2.82986    
3.75282    
3.97991    
4.93859    
2.07058    
2.81901    
3.71652    
3.08428    
5.94253    
4.96356    
3.83017    
3.50194    
3.29450    
3.00755    
4.96398    
4.72512    
3.45985    
3.32049    
4.74654    
4.96774    
5.71301    
4.50615    
2.56067    
4.00503    
3.29635    
3.74978    
5.17374    
3.53370    
5.21062    
4.93713    
3.58286    
5.63863    
4.48483    
4.02503    
3.99892    
4.99983    
4.63833    
3.08437    
4.52396    
4.72394    
4.25035    
4.00371    
3.76833    
5.92763    
3.31988    
5.43904    
3.32239    
5.18950    
4.01097    
3.29986    
4.04989    
2.81615    
5.21179    
4.71516    
3.28801    
4.75234    
4.00233    
4.49819    
4.21532    
4.94237    
3.55703    
4.48051    
5.45801    
3.51870    
2.58857    
5.23113    
4.25891    
4.48625    
2.29205    
4.97604    
3.26339    
4.20370    
4.50515    
3.31547    
4.05821    
3.02189    
6.41486    
4.49351    
4.02323    
4.18811    
3.25652    
3.53848    
3.07792    
4.48143    
3.32977    
4.49292    
3.81298    
4.91883    
4.01107    
4.01070    
3.76322    
4.21088    
4.70956    
4.42981    
5.67677    
3.72972    
5.65791    
4.03062    
3.98751    
5.95840    
5.18713    
5.18475    
4.95513    
4.04893    
4.00758    
3.97951    
4.97194    
4.77189    
3.04030    
5.68294    
4.72151    
3.01782    
5.46073    
3.00249    
3.76152    
4.23493    
5.42523    
3.04933    
3.29589    
3.51400    
4.28727    
4.78112    
3.51244    
2.77616    
4.72195    
4.74660    
4.26208    
4.71676    
4.95515    
2.55599    
4.49968    
3.00170    
3.49061    
4.77403    
3.99320    
4.00763    
4.49597    
4.68645    
4.24898    
3.28323    
3.05259    
3.81489    
2.77699    
4.16756    
2.59941    
4.71980    
4.21518    
3.28822    
4.27049    
4.00810    
4.49252    
4.23451    
6.58973    
3.07050    
3.98594    
3.47795    
4.28065    
4.73041    
4.52773    
4.68981    
2.58115    
3.52899    
3.52452    
4.01051    
3.27392    
3.26492    
3.50006    
4.02061    
3.28007    
4.51690    
3.28023    
4.26315    
4.01909    
5.91525    
4.24801    
5.23460    
3.81308    
4.50174    
3.94177    
3.76598    
4.45791    
3.04401    
3.32716    
3.57585    
5.41326    
4.74022    
3.98986    
4.02797    
3.98862    
4.02211    
4.00906    
4.96102    
5.70493    
4.48048    
4.96788    
4.01159    
4.90478    
4.00365    
5.44417    
4.21569    
2.38759    
3.33051    
5.18867    
4.43748    
5.42604    
5.19327    
4.99604    
3.49674    
3.26184    
2.78274    
4.50449    
4.66879    
3.81555    
3.03456    
4.24257    
4.24309    
3.53596    
2.81336    
3.52481    
3.73212    
4.26553    
5.22127    
4.43254    
5.22886    
3.96095    
3.50112    
4.51350    
3.02944    
4.98031    
4.21506    
3.05741    
4.75318    
3.77726    
4.52392    
4.99905    
3.76543    
4.48833    
3.98898    
5.23469    
4.00538    
3.49079    
3.52728    
3.02535    
3.73589    
4.95423    
4.96949    
5.20808    
4.21841    
4.05950    
5.18087    
3.75049    
5.18860    
2.81378    
4.74690    
3.29485    
3.75717    
5.65830    
4.72379    
5.20163    
4.75037    
3.97150    
3.78299    
4.48452    
4.94867    
4.69787    
3.03349    
4.02096    
3.50247    
3.99203    
3.76724    
5.46904    
3.10108    
4.49579    
4.27622    
4.77294    
3.29231    
3.31605    
4.00065    
3.05666    
3.05960    
3.73382    
4.05337    
4.00699    
4.44835    
3.27121    
5.66332    
3.99990    
4.28705    
4.22082    
3.51343    
3.57727    
3.81405    
4.01985    
5.47457    
6.38822    
3.53302    
3.74634    
4.24934    
3.31852    
4.52094    
4.98526    
3.95918    
5.91384    
3.77669    
5.21863    
3.28952    
4.24976    
3.53591    
4.26040    
4.76466    
4.02648    
3.78677    
2.30355    
6.65679    
4.65811    
4.03708    
4.50682    
4.66102    
4.95054    
4.30514    
4.07043    
3.09300    
3.31141    
4.21777    
4.24389    
3.78272    
4.30004    
4.49982    
4.03386    
3.80604    
4.26259    
3.23551    
3.51891    
3.99812    
4.02321    
4.52468    
5.90432    
5.21435    
5.25741    
4.01701    
4.97181    
3.08388    
5.42712    
3.75416    
4.71839    
5.20543    
2.56176    
3.24732    
4.70654    
5.41921    
4.26451    
2.80326    
4.44392    
4.95613    
4.42982    
4.47644    
4.90759    
4.95091    
5.13642    
4.50922    
4.02455    
3.02096    
4.73544    
3.79362    
3.77894    
5.45219    
3.73476    
3.77089    
4.78051    
3.73834    
3.49585    
3.07198    
3.29056    
2.61301    
3.97360    
4.07557    
4.48529    
4.94561    
3.32622    
3.98963    
3.06192    
2.55071    
3.72161    
3.31128    
3.52004    
3.07027    
4.70916    
2.57422    
3.52239    
3.03827    
3.75956    
4.45078    
4.03739    
4.44006    
3.29365    
4.00888    
3.00966    
5.46548    
3.74871    
5.23731    
3.99494    
5.42873    
4.23454    
3.97652    
2.59164    
3.31297    
2.35950    
4.74582    
4.24176    
3.74225    
4.98404    
4.77307    
3.53257    
5.18572    
2.33274    
4.03776    
3.99698    
4.50231    
4.71532    
3.56454    
4.71179    
3.50511    
3.77401    
5.42468    
4.48047    
4.00925    
3.28395    
5.21306    
3.04290    
2.57269    
4.01641    
4.01571    
4.71010    
2.81885    
4.24546    
3.47195    
3.27183    
5.64768    
4.50219    
3.98260    
3.02367    
4.20238    
2.53897    
4.92009    
3.76407    
6.62766    
4.73629    
4.26236    
4.00710    
4.22647    
3.27877    
3.05572    
4.95037    
2.82713    
4.78036    
4.71354    
5.42054    
5.41542    
3.77733    
4.20796    
3.83006    
2.50292    
3.53802    
4.25271    
4.72429    
3.77597    
3.97922    
4.73464    
4.97060    
4.76182    
5.68769    
1.68734    
3.72035    
3.96843    
4.94911    
3.26738    
2.36445    
4.97704    
4.96207    
5.20464    
2.35969    
4.47359    
3.79065    
5.20264    
3.76441    
4.49284    
4.05313    
3.74743    
3.05024    
4.95964    
3.28589    
3.77825    
4.98492    
3.46708    
4.73083    
4.54089    
5.42188    
3.51010    
4.97153    
5.43657    
4.18666    
5.67520    
3.06031    
2.99516    
4.75497    
4.02291    
4.25299    
3.96007    
5.46249    
3.81569    
4.48680    
4.52109    
3.02058    
6.15980    
3.76547    
3.76848    
1.92398    
4.02355    
4.20503    
4.98112    
4.76759    
4.66787    
3.97201    
5.19901    
3.29903    
5.17390    
3.06750    
4.22735    
4.93300    
4.71100    
4.49766    
4.49888    
5.69633    
4.00872    
4.22913    
3.23680    
3.81998    
4.68204    
3.76952    
4.99565    
3.04754    
3.52612    
5.92893    
3.49899    
4.00195    
5.72957    
4.73980    
3.59956    
4.50609    
3.78165    
4.47496    
4.51625    
5.19058    
4.98103    
4.52360    
3.96035    
4.98311    
4.45064    
3.97645    
4.01232    
2.58429    
1.36682    
3.27411    
4.28534    
5.15443    
5.66167    
4.02144    
3.80485    
3.26466    
3.55749    
4.25355    
2.74156    
3.76469    
2.40513    
3.50160    
6.17569    
2.84665    
4.49075    
3.53277    
4.97594    
4.97110    
3.73477    
5.88810    
3.28958    
2.36378    
2.35287    
5.19278    
2.32383    
3.52535    
3.57580    
5.66515    
4.23383    
2.56934    
3.99792    
3.52307    
4.21858    
4.97580    
4.73402    
4.73339    
4.73825    
3.23607    
4.50089    
5.71304    
2.83621    
4.70401    
5.95513    
4.25072    
4.20259    
4.52918    
4.22761    
5.22886    
6.17779    
3.78299    
4.99631    
4.74929    
3.48734    
4.73451    
4.05559    
3.28478    
4.53226    
3.79186    
5.70130    
3.78581    
5.21967    
2.79139    
5.45762    
4.98180    
4.75061    
3.98877    
4.50691    
2.82694    
5.19699    
4.46520    
3.33462    
4.47840    
3.76720    
4.98195    
3.05979    
3.78420    
4.68477    
3.05622    
3.56509    
4.24531    
4.67798    
5.22779    
4.73606    
3.77488    
4.48941    
4.03747    
4.00968    
3.76891    
5.41820    
4.01975    
4.00902    
4.49018    
3.54490    
2.80573    
4.74624    
4.75082    
4.97000    
3.81520    
5.44355    
3.30371    
5.18043    
3.26841    
4.27185    
5.13804    
3.02088    
4.49688    
4.69596    
4.26685    
4.41805    
4.53381    
4.23156    
4.72065    
3.51222    
4.23034    
5.22503    
4.69720    
4.49314    
4.93874    
2.57025    
5.39598    
4.22898    
3.30822    
4.21915    
4.51691    
4.94221    
4.49109    
4.45049    
4.02572    
6.22156    
3.07950    
3.58149    
3.30060    
3.53413    
4.25917    
5.68149    
4.70888    
6.11322    
3.30387    
4.51238    
5.47133    
4.96404    
4.91995    
3.51576    
4.03870    
4.42287    
2.56405    
4.97125    
4.26585    
3.30992    
2.81906    
4.21479    
3.54660    
4.26314    
4.25728    
4.68287    
3.28434    
3.97197    
4.44677    
5.88594    
4.26320    
4.74276    
4.76687    
3.51074    
3.03931    
3.52130    
4.70470    
2.10800    
3.26152    
4.48108    
5.23492    
3.11187    
7.11247    
4.68676    
4.01308    
4.05225    
3.76276    
3.82152    
4.96988    
4.28079    
4.02276    
4.23876    
4.99687    
2.80915    
3.54268    
4.30949    
4.71868    
3.81205    
3.57095    
4.99429    
4.68359    
4.76455    
3.28497    
4.73890    
3.77838    
3.99811    
3.56055    
4.47585    
3.77377    
4.45742    
4.25941    
4.49119    
4.30895    
3.75870    
4.43321    
3.99512    
4.47987    
5.65540    
4.45247    
3.77593    
4.75996    
4.24465    
4.01557    
4.94697    
2.54292    
3.52333    
3.02337    
3.53477    
3.52692    
4.69784    
4.71906    
4.69579    
4.48427    
3.78792    
4.51552    
3.81307    
4.48746    
3.24555    
5.18440    
3.96890    
3.27186    
6.40199    
2.31453    
3.69492    
3.50580    
4.48382    
5.69336    
2.82138    
4.47232    
3.59530    
4.28870    
4.48004    
4.28492    
4.25765    
4.51992    
3.73934    
4.48616    
5.19995    
5.21855    
4.70723    
3.27086    
4.23920    
5.20924    
4.77095    
3.53544    
4.52792    
4.00369    
2.81530    
5.46711    
3.49183    
3.74471    
4.49707    
3.96239    
4.72738    
2.56581    
4.03280    
3.52238    
3.03224    
3.00768    
3.71426    
3.80021    
4.50158    
5.15864    
4.26717    
4.95890    
4.08552    
4.71579    
2.35781    
4.69039    
5.20554    
5.19878    
4.47236    
4.76450    
2.53691    
4.03903    
4.44954    
7.13954    
3.28708    
2.82593    
3.48890    
4.49772    
3.26186    
3.94941    
3.99842    
4.99919    
4.24740    
3.77534    
3.03500    
5.68209    
3.74525    
4.28278    
4.25992    
3.00518    
4.95594    
4.50908    
3.51246    
5.22144    
2.80875    
3.54778    
3.09196    
5.42106    
4.70312    
4.26969    
5.48325    
4.48283    
3.78415    
2.32700    
4.49809    
1.34278    
3.69477    
4.71826    
4.46409    
3.72548    
4.73521    
4.01284    
5.00212    
1.81502    
3.03927    
3.32569    
4.06352    
4.74163    
4.76541    
3.12148    
3.52109    
3.04766    
4.52104    
4.69730    
4.73742    
3.02674    
4.01495    
4.97780    
3.47600    
3.76672    
4.02461    
4.70366    
4.04340    
4.70653    
3.79644    
3.71071    
4.23855    
4.02193    
2.32297    
3.54725    
4.69810    
4.03103    
3.09565    
3.77002    
5.94555    
4.49401    
6.18166    
4.74290    
4.23315    
4.02408    
4.02910    
2.59671    
3.28100    
4.69164    
5.45624    
3.75853    
3.26824    
2.57963    
3.29209    
4.26422    
4.02868    
5.19087    
4.46025    
3.04928    
4.91292    
4.24093    
5.24201    
4.71468    
4.54409    
4.01447    
4.98960    
3.77890    
5.67426    
3.78932    
4.75134    
3.99806    
4.25157    
5.18504    
2.35870    
4.23496    
3.48354    
2.32501    
4.03963    
4.97202    
4.25902    
4.71754    
3.77231    
4.02518    
3.78337    
4.78843    
5.63230    
3.52838    
4.95600    
3.29128    
5.19374    
5.18097    
5.68587    
3.79913    
3.56085    
4.97785    
4.50317    
4.01159    
3.99370    
3.47791    
3.79048    
4.71760    
3.81694    
3.04760    
2.80998    
4.49438    
4.47118    
3.75079    
5.18166    
3.55276    
4.49878    
3.48495    
3.54384    
4.42840    
3.79277    
2.35512    
3.28275    
3.48979    
4.66508    
4.71603    
3.02842    
3.08235    
3.75091    
3.30207    
3.24462    
4.26883    
4.03116    
4.22378    
2.79864    
4.72387    
3.70859    
4.77294    
4.01823    
4.98294    
4.43349    
3.99464    
6.41528    
4.97444    
5.69949    
4.95581    
3.01404    
3.07303    
4.49977    
3.78278    
4.70404    
6.16624    
2.85875    
3.77129    
3.51056    
3.76907    
4.49146    
4.25701    
3.06336    
4.24881    
3.29941    
4.24512    
4.97634    
3.25809    
3.53631    
3.70049    
4.98063    
3.26460    
4.49083    
3.98272    
4.49298    
4.92750    
5.45035    
3.76479    
2.13556    
5.47146    
3.01679    
3.01865    
4.50248    
4.26365    
1.39779    
5.22736    
3.73956    
4.96411    
3.07563    
4.24976    
3.04220    
3.10841    
4.03690    
3.07040    
4.25165    
3.35599    
3.29006    
4.45245    
4.23960    
2.76703    
3.30517    
6.20642    
4.94326    
5.24787    
3.78398    
3.22853    
3.76409    
3.35855    
4.47615    
4.19994    
7.14613    
4.69245    
4.04965    
4.96550    
4.71443    
3.53251    
3.04274    
4.24592    
3.24270    
2.57753    
2.54419    
5.12824    
3.99076    
4.06259    
3.05923    
4.97722    
2.37668    
4.51005    
3.05475    
4.76247    
3.29946    
4.81067    
4.74241    
4.96738    
2.82451    
3.49094    
2.57313    
3.30660    
3.99725    
4.71397    
4.48326    
4.75452    
3.99750    
5.19739    
4.45791    
2.78914    
4.49354    
3.95405    
5.25366    
4.99714    
5.46255    
4.01042    
3.54494    
4.25162    
4.70517    
4.98057    
4.71904    
4.50895    
5.21357    
2.80547    
4.00802    
4.24084    
4.94924    
3.79594    
4.48345    
3.32981    
4.00033    
4.97098    
4.01144    
3.96426    
4.29187    
4.72405    
5.67060    
4.74982    
2.53784    
3.77725    
3.05262    
3.52581    
4.72781    
4.70313    
5.43535    
3.76418    
4.25292    
4.00350    
3.29085    
2.79956    
5.65364    
4.70740    
3.31314    
3.76918    
4.51957    
1.60137    
4.50261    
6.16992    
3.51607    
3.51713    
4.98355    
4.23674    
4.22914    
5.02377    
3.78721    
3.82700    
3.51417    
4.97950    
3.55111    
3.30964    
4.23083    
2.34862    
4.02062    
5.19939    
4.04505    
3.55249    
4.00349    
3.78291    
4.46641    
3.05685    
4.01837    
4.70490    
3.25354    
4.72721    
4.54854    
3.28520    
2.29257    
4.25321    
5.44830    
5.68447    
4.51435    
3.53993    
5.44190    
2.83682    
3.78168    
1.58044    
4.47133    
2.06134    
5.18117    
4.67593    
3.06635    
3.77720    
5.16272    
3.30074    
3.08780    
4.46371    
5.90993    
4.24966    
3.74721    
3.96502    
3.50755    
3.55154    
4.39645    
3.27044    
3.05392    
4.99701    
3.75239    
3.79438    
4.05509    
3.35396    
4.72813    
4.96879    
4.97645    
3.80229    
3.55941    
4.28234    
3.55575    
6.15258    
3.28891    
4.47930    
3.80012    
3.28779    
4.49920    
4.24240    
3.76525    
2.63674    
4.76108    
4.48024    
4.44938    
5.22469    
4.03704    
2.31964    
4.71984    
3.51996    
3.06568    
3.72209    
4.96954    
4.45674    
4.02176    
4.71937    
4.01245    
5.18094    
2.84326    
3.78631    
2.78949    
3.76866    
4.24729    
4.48751    
4.49798    
3.80363    
4.25042    
3.55183    
3.77415    
3.31029    
4.98192    
2.58101    
4.03049    
4.50675    
3.00484    
3.55378    
3.23413    
4.50652    
4.69926    
4.70801    
3.99073    
4.47263    
3.52806    
5.19341    
4.44968    
3.04498    
4.47955    
3.76581    
4.67691    
3.73897    
3.73102    
4.27862    
4.46428    
3.79446    
4.71686    
5.40322    
3.31667    
4.24813    
5.01335    
4.21924    
6.65334    
3.80170    
3.51292    
5.91647    
4.49497    
4.17720    
4.02028    
4.27637    
3.78954    
4.96345    
4.00201    
3.29785    
4.19565    
3.33926    
3.75775    
4.23973    
2.80976    
5.41353    
3.77507    
4.00521    
3.77598    
4.68325    
4.47807    
5.66593    
4.02126    
4.49541    
5.50048    
4.45212    
4.25206    
5.45744    
4.71716    
3.29515    
4.24330    
3.53935    
3.31677    
4.03707    
3.55499    
3.07722    
4.02367    
2.81966    
3.99896    
4.23656    
5.90968    
3.24678    
3.73212    
4.98420    
4.02198    
4.20002    
3.54562    
4.51109    
3.07469    
4.01428    
3.79897    
4.67419    
4.92677    
3.98903    
4.96328    
5.48900    
5.88785    
4.72207    
4.70992    
3.77264    
3.77652    
4.46046    
4.97456    
4.47069    
3.28289    
4.74968    
4.01952    
4.70264    
4.48037    
4.51010    
5.21754    
4.04427    
3.22138    
4.51446    
4.47320    
4.01561    
4.75737    
3.75115    
5.22958    
4.47501    
4.50574    
4.50599    
3.54957    
4.01046    
5.20385    
3.96398    
6.14540    
4.52875    
4.22019    
4.29353    
3.79943    
3.30294    
2.81456    
4.04386    
4.00507    
6.39162    
3.55574    
3.75083    
2.81399    
4.29150    
4.26412    
4.99544    
3.78888    
4.19922    
4.45472    
4.28411    
4.73648    
5.95202    
4.27502    
4.47119    
5.22223    
3.56017    
4.23774    
3.03963    
3.72169    
3.95673    
4.25713    
3.78671    
4.72386    
3.06581    
2.37101    
4.96309    
4.22715    
3.95483    
5.21439    
5.43742    
3.54164    
4.00196    
4.24124    
4.27417    
3.76867    
5.41975    
3.52478    
3.99540    
3.29199    
4.71844    
3.76545    
4.45727    
5.19612    
4.97506    
4.49059    
3.77057    
4.21719    
4.47382    
3.31483    
4.26628    
2.61173    
3.96901    
5.23374    
4.01880    
3.50363    
4.70453    
3.08549    
5.20811    
4.69758    
3.27530    
4.23865    
5.17550    
2.79422    
4.68879    
4.73691    
3.71806    
4.71081    
3.52118    
4.02472    
2.82220    
2.83441    
2.79486    
3.52701    
5.15791    
4.27201    
6.20573    
6.42989    
3.06648    
3.32144    
3.28721    
5.22453    
4.21671    
2.79744    
3.03982    
4.00358    
4.24548    
4.54723    
4.68866    
3.34609    
4.69420    
3.09049    
4.23093    
2.33555    
3.55407    
4.90614    
5.47871    
5.73286    
3.98526    
3.05751    
2.84204    
3.28364    
2.79897    
3.79316    
3.26022    
4.00742    
3.73989    
3.96922    
4.00154    
5.21094    
4.48005    
3.32067    
3.71904    
4.22966    
3.28682    
3.50060    
4.26641    
5.45296    
4.25304    
4.53353    
3.03048    
3.76838    
3.25547    
4.44387    
4.46490    
3.47566    
6.18605    
3.28042    
3.27994    
5.18336    
4.48169    
3.98833    
3.75534    
3.06668    
3.30103    
4.26528    
3.31350    
3.49845    
3.54007    
4.47504    
3.26126    
4.69996    
3.70895    
4.27339    
3.07254    
4.03149    
3.51885    
4.29719    
3.72446    
3.98235    
4.49805    
4.03330    
3.24899    
4.25512    
4.50779    
4.01714    
3.53398    
5.47404    
4.68786    
4.74319    
3.77851    
3.27301    
4.28477    
3.48427    
5.94365    
4.03970    
2.78740    
3.05021    
3.32423    
5.23737    
4.42969    
4.47512    
3.77130    
3.76027    
3.54502    
5.19910    
3.79287    
2.57640    
5.20615    
4.72089    
3.83914    
3.96051    
5.94781    
4.00124    
4.72431    
2.58636    
4.24939    
4.49215    
4.52899    
3.48502    
4.03355    
5.19591    
2.82378    
3.54940    
3.55634    
4.98228    
2.55487    
3.27253    
4.23448    
3.73780    
4.23771    
4.72504    
3.32521    
3.74236    
4.23200    
5.19141    
3.47525    
3.99414    
4.01594    
4.22307    
5.22457    
3.94918    
3.51929    
4.68035    
3.99502    
3.70473    
3.08399    
3.75798    
4.02470    
6.37689    
4.26431    
2.34282    
4.27693    
3.26416    
4.03660    
3.51839    
5.64572    
4.46273    
4.04285    
4.50863    
4.26188    
4.22473    
3.98205    
3.04886    
3.50674    
5.66455    
4.78116    
5.18783    
3.51852    
3.79184    
3.81265    
4.01135    
4.72370    
4.45964    
4.97440    
3.51699    
3.52161    
4.95425    
4.68553    
5.20439    
4.49141    
4.95616    
4.48705    
4.73556    
4.97793    
3.33380    
5.20119    
4.73696    
2.80592    
4.19208    
3.05651    
4.48959    
4.23331    
4.28251    
4.94661    
3.74953    
4.77703    
5.21004    
4.00117    
3.79767    
3.76575    
4.70662    
3.98756    
4.98378    
5.97347    
3.75479    
4.93559    
4.49921    
4.25032    
4.25113    
3.75147    
3.54693    
4.05158    
4.00702    
3.50827    
3.26167    
3.26893    
3.97130    
4.26028    
4.94845    
4.47432    
4.69684    
5.16024    
4.46608    
3.06773    
3.77848    
2.55279    
5.25226    
3.78410    
3.98344    
5.18045    
3.56423    
3.98223    
4.53712    
5.17473    
2.36922    
2.53893    
1.85898    
5.19098    
4.76742    
4.49049    
3.73848    
4.95616    
4.48781    
4.46015    
3.76805    
4.96210    
4.49594    
1.62571    
3.95826    
5.18419    
4.26487    
4.30393    
5.94339    
3.73798    
4.29117    
3.57279    
4.78256    
3.26785    
2.55068    
4.47282    
5.96661    
4.49333    
2.81765    
3.76214    
4.21873    
4.57675    
3.26335    
5.28971    
4.76533    
4.45666    
4.21636    
3.75592    
4.73410    
4.46174    
2.55709    
4.05792    
4.28157    
3.51033    
3.27513    
5.46027    
5.26205    
3.51106    
3.77311    
3.23452    
4.48554    
5.41806    
4.27166    
4.21288    
4.23556    
2.09778    
3.31115    
4.23849    
3.97074    
4.97305    
4.51047    
4.49625    
4.22011    
3.81296    
3.75771    
4.01999    
2.53920    
3.71270    
3.98749    
3.95621    
4.23730    
3.52863    
4.73094    
3.97446    
4.21531    
4.47545    
3.55102    
5.46800    
4.26061    
2.88493    
4.73817    
3.75647    
4.49028    
4.27762    
4.47539    
3.29878    
5.19391    
3.74406    
4.27805    
3.50076    
2.83953    
5.18635    
3.98489    
3.52400    
5.17026    
4.20875    
3.52139    
3.99735    
4.71344    
4.95033    
3.35356    
3.98138    
4.44411    
4.44840    
4.48734    
3.26504    
4.48472    
3.06506    
4.72693    
4.73778    
5.38340    
4.51578    
4.00532    
5.16967    
3.77379    
5.69052    
5.89237    
4.98501    
4.45153    
3.52596    
5.42946    
5.99948    
4.73671    
4.52150    
4.74307    
3.77859    
3.99215    
4.74888    
4.00246    
4.01113    
2.30175    
3.76102    
3.32226    
5.22647    
3.91605    
2.80640    
4.68595    
3.98811    
4.20771    
4.20424    
3.02367    
3.77500    
4.50058    
4.71577    
5.20857    
5.24966    
2.83181    
4.97634    
4.95059    
4.55313    
4.04864    
2.81825    
3.55052    
2.52565    
3.29158    
4.48306    
5.42364    
5.25175    
3.81487    
4.26141    
4.96691    
4.00085    
3.77170    
4.48315    
4.96196    
3.75323    
4.25096    
5.22053    
4.45235    
3.78929    
4.20856    
4.94775    
3.30164    
4.24278    
4.93069    
4.50130    
4.49550    
3.25483    
3.78123    
2.59132    
4.24501    
4.06092    
5.42998    
3.07140    
5.91720    
4.27487    
2.76595    
4.74440    
3.79807    
4.45421    
5.41695    
4.96206    
4.00754    
5.47214    
3.05662    
2.79181    
3.28553    
3.96181    
4.49328    
4.48768    
3.03658    
6.10951    
3.81876    
3.59821    
4.75398    
3.03540    
4.29895    
5.42009    
5.18968    
3.08949    
3.06873    
2.78691    
3.33840    
4.46410    
4.92821    
3.50478    
6.42700    
4.94505    
5.49118    
3.51945    
4.72530    
4.23636    
4.26137    
4.69062    
3.50739    
3.80394    
3.29127    
5.25512    
5.47977    
5.76444    
2.34280    
4.04217    
3.79652    
4.72314    
4.99030    
3.31240    
3.94152    
4.71786    
3.02889    
4.72645    
5.47274    
3.76929    
5.47552    
4.25414    
3.05440    
4.96145    
3.76363    
3.58152    
4.02807    
3.51008    
4.25304    
4.94619    
3.52668    
2.76578    
4.26339    
3.33462    
4.41381    
3.49294    
3.53596    
3.54025    
2.79663    
4.51601    
4.02149    
4.46295    
3.54832    
3.54884    
4.01805    
3.57173    
3.28132    
3.52742    
2.56023    
4.98764    
3.11284    
3.98479    
4.54804    
3.95529    
3.28548    
3.29562    
3.33308    
3.56782    
4.27852    
5.18373    
4.98240    
5.26121    
3.73810    
4.70969    
4.00661    
4.27363    
3.74893    
3.56650    
3.29931    
4.27841    
4.99350    
4.01546    
3.56403    
4.01113    
3.95577    
5.39730    
4.18261    
3.01532    
5.25211    
3.72489    
3.71829    
4.43659    
2.10280    
3.51592    
4.28798    
4.26542    
3.99691    
4.20468    
2.81814    
4.73263    
4.28977    
3.78396    
5.22184    
3.79208    
3.05386    
3.05035    
4.24213    
3.28281    
4.04064    
5.19479    
4.95461    
4.23887    
5.67297    
4.75710    
4.21407    
3.98214    
3.27427    
3.48705    
3.75496    
4.74003    
4.73428    
3.99916    
3.08679    
4.98352    
3.58149    
4.72860    
3.99241    
5.44016    
4.25366    
3.55808    
3.81556    
4.50306    
4.45760    
2.78709    
3.08803    
2.51765    
2.09608    
3.81650    
2.08333    
4.71044    
4.00925    
4.22779    
4.43974    
5.97847    
3.55796    
3.75829    
4.77878    
4.03110    
2.84693    
4.02486    
5.44295    
3.50078    
4.68794    
3.75736    
4.75469    
3.74978    
5.21788    
4.43487    
3.51335    
5.18358    
4.93515    
2.09003    
3.01105    
3.51000    
3.06196    
5.68720    
3.04765    
5.16537    
3.97714    
4.47356    
4.97934    
3.32435    
3.95777    
2.34396    
3.58620    
4.70753    
4.01365    
3.72774    
5.01390    
3.72682    
4.97881    
5.19682    
4.63496    
5.67767    
3.77826    
3.91879    
4.22828    
4.48212    
4.30143    
3.33561    
3.77284    
5.42438    
5.19100    
4.46342    
3.10518    
3.82823    
2.56536    
3.06963    
5.41357    
3.75563    
4.76535    
4.08762    
4.49419    
3.72550    
3.07208    
4.51126    
5.47233    
4.97822    
3.78406    
4.48917    
3.51205    
3.98379    
4.27487    
4.99614    
3.77635    
4.05555    
3.99457    
4.50539    
4.24451    
3.31854    
4.49343    
5.91721    
4.02871    
3.98055    
4.71372    
4.26464    
4.42299    
5.70263    
4.48813    
4.96328    
3.54096    
4.00018    
4.05632    
3.52067    
2.60082    
4.00597    
3.55388    
4.46988    
4.24536    
3.59963    
4.99672    
4.01516    
4.69698    
4.96921    
4.03238    
3.99471    
5.17230    
4.74461    
4.80789    
3.51924    
3.72236    
3.47114    
5.39726    
4.24428    
4.71641    
5.02099    
4.75301    
2.30298    
3.77341    
3.99473    
4.98952    
3.99921    
3.29017    
4.94070    
3.49306    
4.21013    
5.44789    
3.30502    
3.54041    
5.19786    
4.46951    
3.82275    
4.99849    
4.46992    
1.82857    
3.06287    
3.07335    
4.67323    
4.92460    
3.55096    
3.25662    
3.00168    
3.04790    
2.80482    
4.23795    
4.73875    
4.52029    
3.73809    
2.53018    
3.07326    
3.98316    
3.74263    
3.75463    
3.73577    
2.79733    
4.47398    
3.03192    
3.75002    
4.04744    
4.47315    
3.05843    
3.96540    
4.73087    
3.33084    
4.31359    
3.76349    
3.00608    
4.49213    
3.95859    
3.51404    
5.18311    
3.01619    
5.02792    
3.02813    
5.17931    
5.93364    
3.10252    
3.53665    
4.19532    
3.51954    
3.52256    
3.26702    
3.50241    
4.22291    
5.63473    
3.00898    
5.64141    
4.40551    
3.33408    
3.53899    
2.57086    
5.67035    
4.99044    
4.27083    
3.79338    
5.50508    
3.58500    
3.98291    
4.42545    
4.03896    
4.46144    
5.42570    
4.02672    
3.03061    
3.52381    
4.03195    
4.24229    
5.95464    
3.76358    
4.23699    
3.74974    
4.48273    
4.03678    
3.99301    
6.15237    
3.82276    
4.05119    
3.80027    
3.99472    
4.26565    
4.21598    
4.54936    
3.55085    
3.98949    
4.66488    
3.96852    
4.47246    
3.02020    
4.00472    
4.01027    
4.99437    
4.92545    
4.05512    
4.21497    
4.46988    
4.52505    
4.94891    
5.20475    
3.49945    
4.69765    
3.30696    
4.69944    
4.23683    
3.74380    
4.00218    
4.24585    
3.07000    
3.98348    
4.27360    
3.09285    
4.71438    
5.46458    
3.73263    
4.75347    
3.50508    
3.50072    
2.34279    
4.95649    
2.78866    
3.48636    
3.29588    
5.47233    
4.95050    
3.97280    
5.20261    
3.54388    
4.49096    
2.12106    
2.86703    
4.69305    
4.45024    
3.78077    
4.49884    
2.56034    
2.56498    
4.70163    
3.76091    
4.69807    
3.57576    
2.84284    
4.21039    
4.49307    
5.18800    
3.80143    
5.20403    
3.29114    
4.01234    
5.42061    
2.83692    
2.81471    
4.96912    
4.45728    
3.96769    
4.27241    
5.42264    
4.93653    
4.43381    
5.66064    
4.97123    
3.76016    
2.81759    
4.71937    
4.48619    
3.50856    
3.04399    
5.41918    
3.56018    
3.79930    
2.06964    
5.45728    
3.28147    
5.23267    
4.23015    
4.67379    
3.72994    
4.46837    
4.97416    
4.76886    
5.19830    
4.30909    
5.95435    
4.96477    
5.15279    
3.51402    
4.97381    
3.28085    
2.34719    
4.24115    
3.33454    
4.47445    
4.00754    
4.93623    
4.19043    
4.69776    
3.97166    
4.26927    
4.23441    
4.71267    
2.64351    
3.77204    
4.29076    
3.77340    
4.23860    
4.50921    
4.25669    
3.77510    
3.04236    
1.59249    
3.31646    
4.00586    
3.30063    
2.83264    
2.57441    
2.57599    
4.22604    
4.03562    
4.55051    
3.03748    
5.97971    
3.30696    
4.32907    
4.21660    
4.97630    
3.29174    
4.21726    
5.44102    
3.56038    
3.50670    
5.42880    
3.29187    
3.55078    
4.22541    
4.64729    
4.03259    
3.98152    
4.27014    
4.22187    
3.06077    
5.47182    
4.00970    
4.02904    
3.76738    
4.71925    
4.74925    
4.74574    
5.21059    
4.73748    
5.21066    
3.29523    
4.70196    
2.82069    
5.19069    
4.50549    
3.79485    
4.97127    
3.76487    
4.22625    
5.89434    
4.21266    
4.26635    
4.92211    
4.25444    
4.73812    
3.97352    
3.82284    
4.24031    
5.43613    
4.03854    
3.55717    
5.20589    
4.47339    
3.99648    
5.66660    
3.25125    
2.79897    
3.28144    
5.16696    
4.46919    
4.96041    
4.28013    
4.49859    
3.52261    
4.47046    
3.77848    
5.19918    
5.93840    
3.75615    
3.82222    
3.76944    
3.01459    
5.68059    
4.97226    
3.52667    
3.76388    
2.78403    
4.29850    
4.96995    
4.43883    
4.53352    
4.25351    
3.51917    
2.82938    
3.03708    
4.00883    
5.26648    
4.22240    
5.17996    
3.51122    
5.15613    
4.00920    
4.27668    
4.47168    
4.49630    
4.46757    
5.00076    
4.74062    
3.76502    
3.77140    
5.64987    
4.91930    
3.95344    
4.48819    
4.23819    
4.05330    
4.94934    
4.93587    
3.99155    
3.51408    
4.48981    
3.07391    
4.24425    
2.82764    
4.47814    
5.44195    
5.67698    
4.26800    
5.18475    
4.53905    
4.68315    
4.20754    
4.97191    
3.78689    
4.97084    
4.52877    
2.84364    
4.70896    
4.21794    
4.72676    
3.76062    
2.79401    
3.98890    
3.48875    
3.72627    
4.68724    
3.53072    
2.77994    
4.75095    
3.83490    
3.74097    
4.71049    
4.22649    
5.26486    
2.35201    
5.47220    
5.41190    
3.49560    
4.25773    
6.88158    
4.73911    
1.36878    
2.83094    
4.71486    
4.23050    
2.59571    
3.99398    
4.27219    
3.50338    
4.47354    
3.76634    
5.65314    
4.20128    
2.56171    
5.89739    
4.25348    
4.26410    
3.79068    
4.70904    
4.45529    
3.79116    
3.81965    
3.29253    
3.28739    
4.00239    
4.49275    
3.51841    
4.29216    
4.70918    
4.46653    
4.27401    
4.25026    
2.80464    
3.59537    
3.31321    
3.23049    
4.01931    
4.51208    
4.68786    
5.20852    
4.07760    
4.76515    
3.75180    
4.74854    
4.76323    
2.86890    
3.76736    
4.67571    
3.53158    
3.52264    
3.95763    
2.59844    
3.29833    
2.56779    
4.25630    
3.10202    
4.46636    
2.83939    
5.69301    
5.39569    
4.73198    
3.27356    
4.54932    
3.78617    
3.57106    
6.38518    
3.99562    
1.85265    
3.55566    
3.52094    
4.46835    
5.17240    
3.34235    
4.97419    
5.02091    
4.70368    
4.53399    
4.04049    
4.26240    
4.96319    
3.97417    
5.89638    
4.20307    
5.18662    
4.28427    
3.78809    
4.51331    
4.69190    
6.11015    
2.78855    
4.25575    
3.77790    
3.79275    
3.32929    
3.03024    
4.03247    
5.13738    
3.06291    
3.03557    
4.49918    
3.05272    
3.06681    
4.23224    
5.44477    
4.97324    
5.92379    
5.40089    
4.69488    
3.78326    
3.34152    
4.93831    
4.96949    
3.97429    
3.75231    
4.46928    
4.70359    
5.43477    
2.78665    
3.05006    
4.76938    
3.57423    
4.52980    
4.25716    
4.97396    
4.24293    
3.53658    
3.32709    
3.27490    
4.24247    
4.51577    
3.96750    
3.61208    
3.56307    
4.48022    
1.58448    
3.56612    
5.71744    
3.03167    
3.54911    
2.79170    
4.95682    
4.46550    
3.93948    
6.91241    
3.02652    
5.16847    
5.19436    
2.06218    
4.48677    
3.30244    
2.83979    
4.28324    
4.24619    
4.45775    
4.75225    
4.00730    
6.17178    
4.71591    
2.81483    
4.03171    
5.43614    
4.46754    
4.21549    
4.22083    
3.06425    
4.24833    
4.06567    
4.40207    
3.73110    
4.28399    
3.28923    
4.48071    
2.60355    
4.47563    
4.01690    
4.47868    
1.21144    
2.32057    
3.48984    
4.94726    
4.27268    
2.94651    
4.42709    
2.80630    
5.65898    
3.98317    
5.69541    
4.21574    
3.99863    
3.98181    
3.79286    
6.41770    
3.96883    
4.51046    
4.52242    
4.21008    
3.52430    
4.29114    
4.99844    
4.66660    
4.04331    
3.32552    
3.52061    
4.93015    
4.01610    
4.74636    
4.44278    
3.99159    
4.73836    
3.82829    
3.51843    
4.47101    
4.48835    
4.49510    
4.49020    
4.92798    
3.98400    
5.22452    
4.96383    
3.31432    
5.22312    
3.49906    
3.53766    
4.49673    
4.70974    
3.06922    
3.54498    
4.52270    
4.52412    
4.97796    
2.58583    
3.28987    
4.02788    
3.73268    
3.58796    
4.23879    
3.49214    
4.02480    
3.70147    
4.51825    
3.05260    
3.50136    
3.53028    
4.94381    
4.71722    
4.25004    
4.01623    
4.77614    
4.73169    
2.03443    
4.93855    
3.95756    
4.48077    
5.34646    
3.29806    
6.89188    
5.70313    
5.88910    
4.27044    
4.73145    
4.71063    
4.00942    
3.76325    
2.34609    
4.92975    
3.48784    
3.08055    
3.49327    
3.30724    
3.80998    
4.43575    
5.66352    
3.95905    
4.04721    
2.34169    
3.01378    
4.25491    
4.47135    
2.77934    
4.02435    
6.17180    
3.05770    
3.28746    
3.53068    
5.69121    
2.78427    
4.00865    
4.26684    
3.50698    
4.44911    
4.98365    
3.52958    
3.77748    
3.98881    
4.75513    
3.75296    
4.18201    
4.50877    
4.48163    
3.06217    
3.51330    
3.56009    
4.24530    
5.45093    
5.16886    
4.47803    
4.00432    
4.22996    
3.49639    
4.50177    
5.21763    
3.77567    
3.08334    
5.18063    
5.67684    
3.04242    
3.77247    
3.98804    
5.48055    
4.29130    
3.30202    
3.06647    
4.92830    
4.03111    
4.95079    
4.00884    
4.22218    
4.98908    
4.02587    
4.23575    
4.24700    
4.22131    
4.95506    
4.74392    
3.71796    
3.49833    
3.97465    
2.36188    
4.48484    
4.24658    
3.78888    
4.48032    
4.23315    
4.50562    
4.27872    
3.51600    
3.54935    
3.06729    
3.97275    
4.77060    
4.50626    
4.21067    
4.25062    
4.46902    
4.97711    
4.03112    
4.51439    
3.77514    
5.22372    
3.50640    
3.31928    
4.05417    
3.55240    
4.71159    
3.85431    
3.01732    
4.25303    
4.00259    
3.74139    
4.26567    
3.73097    
3.80306    
4.72132    
4.25412    
4.71722    
2.80005    
4.02989    
4.29185    
3.03252    
4.46387    
4.26757    
5.18515    
1.67710    
4.94495    
2.59264    
3.07806    
4.91795    
4.44204    
3.48962    
5.40120    
3.79689    
4.44548    
3.76809    
3.01972    
2.51395    
4.44437    
2.27822    
4.02394    
3.81479    
2.09988    
3.99023    
3.75366    
4.50563    
3.54144    
3.73957    
4.44615    
2.56076    
3.07614    
4.27617    
4.75027    
4.18876    
5.17880    
2.79825    
4.27010    
4.23160    
3.74886    
3.80839    
4.22864    
4.47828    
4.19045    
3.06480    
4.00025    
5.18951    
2.64717    
3.50776    
3.77273    
4.93316    
3.29149    
3.54505    
2.84024    
2.79965    
4.02299    
4.27400    
2.79829    
3.06306    
3.78599    
3.29652    
4.75105    
5.91833    
3.82118    
3.76289    
4.50437    
4.47974    
4.57267    
3.32064    
2.80972    
3.30994    
5.21286    
3.29603    
4.69221    
3.29874    
5.19326    
4.27277    
5.88265    
2.37553    
5.19781    
3.54632    
3.80561    
2.53758    
3.77058    
4.26215    
2.81488    
3.74685    
4.48104    
3.03565    
4.99340    
4.75165    
3.27829    
4.28066    
2.36216    
4.09046    
3.95011    
3.47144    
4.93843    
4.71429    
6.14470    
5.67194    
5.43603    
3.33223    
4.73254    
5.20156    
3.77553    
5.37915    
4.93210    
4.95223    
5.21876    
3.60834    
3.26095    
4.76206    
4.25045    
4.49245    
3.54147    
5.17773    
5.41652    
3.80564    
3.26387    
4.96174    
3.97718    
3.96579    
4.52807    
2.78786    
4.26885    
5.44689    
4.49910    
2.58203    
4.25404    
4.04835    
5.21646    
5.70279    
2.06972    
4.73944    
3.96499    
5.67593    
6.10156    
4.99407    
2.75131    
3.51364    
3.54676    
4.69968    
5.39786    
3.26163    
4.72256    
3.96537    
4.24518    
3.78430    
5.44526    
5.04194    
3.08081    
3.50257    
4.21600    
4.75068    
3.99271    
3.08032    
3.75725    
4.71942    
4.42428    
4.02931    
5.67033    
2.26312    
3.76615    
3.78013    
3.54458    
2.99729    
4.75123    
2.75368    
4.97227    
4.48417    
3.32810    
5.39176    
3.53221    
3.52131    
3.11201    
4.52271    
3.52970    
2.35213    
5.02606    
3.76211    
4.23567    
4.47995    
3.72148    
3.76974    
3.77316    
1.85322    
4.50271    
3.52493    
4.70419    
3.30523    
4.30585    
4.05672    
3.77962    
6.17648    
2.59251    
5.16968    
4.26110    
4.48287    
4.75013    
4.29727    
4.24971    
3.75471    
3.98925    
3.99608    
6.36614    
4.51976    
3.98232    
4.27821    
4.63655    
4.92077    
4.01120    
3.77978    
5.42027    
3.01998    
5.89273    
2.58276    
3.79593    
4.97073    
4.95091    
4.72908    
4.29156    
6.10049    
5.17855    
4.45398    
3.07834    
4.06332    
4.97384    
4.24186    
3.08864    
4.94700    
3.77309    
4.02358    
4.49192    
4.94988    
4.25546    
4.71725    
3.33254    
3.01143    
3.28194    
4.28796    
3.75917    
3.54284    
4.01977    
4.71186    
3.06664    
3.77639    
4.22425    
3.53059    
4.69294    
3.79192    
3.29403    
4.04557    
3.24653    
4.70428    
4.01343    
5.46766    
3.54207    
4.20301    
3.79867    
4.26767    
4.72735    
4.03412    
3.08124    
2.07625    
3.05999    
2.79324    
4.71827    
3.01681    
5.16573    
3.04338    
4.76541    
4.23476    
5.40639    
3.77000    
4.22887    
3.55352    
3.78663    
4.49403    
4.19907    
4.45129    
3.99838    
4.28542    
4.25013    
4.02024    
4.94661    
2.33951    
3.54878    
4.30113    
3.51764    
3.99879    
4.01013    
3.82240    
4.75322    
3.84712    
3.51397    
3.55117    
4.03172    
3.54739    
4.46639    
4.28430    
4.03749    
4.23883    
3.97752    
4.50166    
4.25549    
4.76166    
4.53513    
4.22764    
4.51317    
4.51211    
3.98048    
4.47510    
4.96277    
3.77063    
4.01087    
2.56284    
5.21475    
5.69558    
4.30172    
4.97457    
3.50408    
2.86106    
3.47034    
4.02912    
2.86906    
4.01219    
5.49839    
3.04185    
3.31500    
4.28318    
5.49372    
4.26401    
4.25651    
5.21358    
3.51928    
4.70887    
4.02178    
3.99499    
4.21080    
3.26241    
4.03824    
4.50854    
4.45193    
3.28940    
3.55784    
3.80191    
4.47923    
5.25077    
5.19221    
5.65841    
6.82540    
4.22212    
3.51064    
3.31090    
4.99523    
3.98215    
3.83413    
4.47912    
4.05496    
4.50083    
2.32348    
5.21065    
3.77732    
4.01706    
3.30188    
4.98044    
4.67100    
5.88361    
3.79607    
2.80393    
3.99411    
3.04081    
2.82762    
3.78860    
3.76066    
4.25326    
4.46182    
4.98725    
5.68724    
4.30419    
3.79715    
3.97386    
4.47563    
5.45600    
4.72140    
3.98909    
4.23950    
4.26016    
4.73251    
4.30231    
3.52741    
3.52612    
2.32656    
3.31964    
3.30652    
4.23841    
4.48184    
3.74725    
4.03496    
3.54792    
3.52392    
3.29815    
3.77704    
4.24989    
3.04106    
4.70469    
4.04485    
4.02861    
3.52585    
3.55523    
4.01334    
4.46069    
3.77767    
2.73609    
5.20549    
4.03081    
3.05284    
2.77798    
4.74937    
4.68019    
3.77689    
3.28189    
4.48419    
4.21869    
4.46886    
3.57591    
5.16831    
4.43334    
3.76014    
2.81206    
4.28355    
3.53883    
3.30346    
4.93357    
3.51777    
4.74502    
3.56198    
3.77993    
2.79282    
3.53867    
3.51990    
5.02643    
2.99713    
4.27275    
3.99114    
3.03010    
4.21468    
4.29064    
3.49195    
5.20335    
3.49517    
4.68392    
4.28798    
4.93921    
4.95152    
4.00251    
3.08058    
3.78632    
4.21797    
4.20217    
4.22770    
3.52132    
4.01090    
2.76942    
5.20939    
3.50470    
3.28785    
3.71229    
4.49832    
5.18135    
4.75991    
3.81356    
5.45454    
4.96240    
3.05800    
3.73703    
4.99815    
4.49923    
3.51358    
4.46974    
4.47541    
3.98072    
4.28391    
2.80850    
4.71513    
3.53801    
4.67320    
2.80589    
4.48866    
4.48798    
3.73428    
2.32179    
4.51197    
3.77231    
4.93620    
3.78944    
3.94607    
4.78053    
3.54924    
4.27205    
3.56724    
4.96514    
4.03403    
4.67011    
4.45963    
3.46906    
4.70942    
3.51969    
4.99985    
4.72168    
4.43723    
4.19973    
4.01299    
6.24002    
4.06563    
2.38850    
4.23892    
3.04680    
5.16640    
4.01833    
4.20265    
1.87504    
4.01410    
3.28495    
3.77763    
3.99377    
4.99043    
4.87506    
3.78297    
4.00831    
4.25187    
5.43321    
3.49977    
3.77824    
5.65364    
4.46985    
4.48654    
3.29342    
3.30804    
5.22968    
4.01134    
4.76205    
4.28496    
4.00701    
4.27135    
5.95264    
3.03546    
4.02897    
4.01543    
4.98204    
4.24697    
4.28173    
3.79674    
3.54734    
4.94827    
3.01550    
5.17858    
3.72523    
2.29051    
4.95968    
5.21012    
5.89721    
4.45417    
3.52029    
3.47820    
4.03974    
4.01898    
4.46722    
4.25759    
4.25043    
3.01964    
4.51697    
3.48944    
4.46286    
3.96464    
4.22366    
2.83898    
4.26259    
3.79414    
4.24768    
4.00480    
3.54161    
4.29572    
3.25841    
4.23585    
3.06977    
4.05311    
5.21491    
3.26256    
4.01670    
2.80489    
3.29595    
4.50189    
3.99849    
4.72380    
2.82770    
4.01528    
3.06391    
3.53809    
4.42541    
2.81107    
4.73480    
3.78905    
4.02012    
4.75039    
4.73341    
3.76679    
3.99848    
3.08646    
4.50260    
3.99367    
3.72886    
3.71506    
3.03339    
4.73678    
4.03721    
4.45220    
3.30044    
5.69768    
4.73312    
4.05124    
3.06181    
4.46355    
2.79593    
4.49977    
4.98544    
3.08262    
3.53241    
4.22056    
4.45751    
4.94619    
3.99467    
3.78842    
4.02492    
4.75370    
4.69049    
3.02357    
2.55592    
4.72237    
3.72640    
4.00494    
4.78010    
3.31597    
2.07064    
5.42050    
4.70456    
3.53539    
3.28594    
4.01149    
3.77238    
4.46960    
5.20970    
3.99446    
5.47156    
3.53338    
4.50377    
3.98390    
4.24601    
3.76331    
4.00794    
5.18006    
4.93832    
3.07025    
3.50390    
3.78841    
2.06230    
3.30382    
4.94930    
4.72299    
2.33633    
4.71824    
4.22153    
3.79837    
3.99958    
6.18745    
3.79208    
3.52235    
2.81541    
3.96977    
4.96111    
5.44799    
4.48099    
4.52111    
4.51518    
3.55226    
4.45819    
4.21990    
3.52941    
3.26220    
6.16543    
3.33584    
3.48550    
4.21274    
5.66108    
3.57385    
3.29258    
3.55837    
3.76824    
4.51303    
4.47806    
4.96648    
4.74245    
3.01969    
2.80720    
3.77291    
3.52340    
5.16214    
3.73507    
4.52226    
4.05852    
4.30272    
4.50049    
4.93903    
3.03356    
2.80529    
5.40365    
2.57342    
3.72069    
5.62666    
3.74587    
5.66512    
3.98514    
3.04972    
3.01346    
5.24674    
4.19737    
4.66560    
5.93608    
3.75805    
3.51485    
2.57402    
4.26078    
4.01397    
5.17059    
4.00071    
3.75776    
3.54026    
4.22218    
4.00731    
3.77355    
4.01901    
4.74691    
4.31848    
4.93557    
3.95417    
4.25748    
4.02884    
4.02242    
3.30893    
3.78800    
5.91273    
3.96925    
4.96899    
4.01205    
3.80394    
4.00382    
1.59832    
3.54446    
4.49407    
3.97629    
5.65173    
4.28039    
3.30218    
3.06439    
4.96378    
5.00052    
4.24342    
4.51728    
3.26830    
4.68513    
4.22793    
5.92626    
4.47058    
3.79509    
3.51950    
3.02017    
4.21642    
5.00578    
4.26290    
2.79828    
2.81480    
5.44277    
3.06306    
3.80800    
3.72757    
4.20879    
5.40727    
4.23353    
4.49972    
5.91418    
4.24947    
4.25702    
2.80476    
4.51223    
3.99808    
4.02195    
5.43534    
4.95740    
3.74489    
5.00251    
3.27682    
3.24763    
3.76632    
2.83931    
3.79097    
5.20700    
3.97480    
4.73261    
5.67735    
3.77065    
4.94142    
4.23505    
4.48726    
4.49462    
3.24848    
4.22417    
4.27703    
4.75246    
6.15715    
3.29642    
4.75337    
4.23753    
3.96492    
4.70105    
4.47162    
2.82019    
3.78609    
4.71087    
1.86440    
2.56037    
3.28739    
4.00497    
4.71454    
4.48967    
2.80375    
4.67601    
4.21912    
4.06695    
3.29792    
3.78814    
4.23711    
3.05333    
4.26251    
5.18804    
4.23438    
4.02691    
4.42689    
3.53093    
3.22911    
5.42096    
3.76297    
4.02625    
3.05793    
4.22504    
4.23012    
3.53607    
3.54853    
3.97614    
3.76581    
4.00327    
4.23945    
5.02053    
1.86038    
2.04218    
5.23980    
4.48078    
3.50247    
4.24159    
4.21528    
5.19603    
3.06472    
4.00796    
4.48550    
2.07123    
3.77591    
3.31619    
4.99029    
4.20875    
4.24107    
3.24786    
3.53937    
4.74103    
3.25003    
4.00252    
3.74813    
3.79467    
4.50639    
5.02106    
4.99425    
2.75261    
3.33988    
3.96279    
3.72984    
5.41204    
5.40132    
3.50495    
4.46148    
4.50920    
4.01499    
5.71600    
5.45581    
2.34898    
3.29481    
3.51840    
4.51254    
4.70615    
4.74771    
3.31092    
4.47226    
3.47648    
3.99270    
3.79933    
3.48297    
4.27933    
3.75446    
3.99586    
3.98436    
5.47057    
3.77885    
3.75238    
3.05210    
4.21511    
4.46199    
4.02595    
3.76235    
4.68639    
4.49093    
4.49971    
5.20868    
3.53088    
5.17732    
4.77220    
5.20175    
5.18762    
4.26297    
5.43334    
4.71985    
4.74171    
2.32921    
3.75858    
4.28914    
4.02918    
4.05942    
4.01876    
4.70715    
5.45001    
3.05454    
4.50229    
5.16720    
3.04795    
4.28117    
3.49988    
3.29648    
3.75035    
1.82137    
4.03032    
5.40480    
4.97208    
5.68180    
4.73636    
4.23701    
4.76249    
4.24892    
4.94888    
4.70203    
4.48391    
4.48430    
4.57681    
3.27990    
4.46185    
4.28023    
5.42875    
2.33099    
2.87214    
3.82398    
4.51152    
4.27325    
3.26613    
3.99269    
5.17312    
2.09296    
4.50876    
3.28720    
3.05985    
3.76717    
4.50607    
3.98133    
3.31011    
3.53096    
4.26786    
4.93017    
4.24713    
5.43521    
5.91062    
4.03267    
4.23092    
4.28792    
3.30495    
3.98410    
2.85436    
2.80812    
4.05254    
4.49004    
3.29709    
3.23710    
4.53985    
4.20179    
3.98009    
3.75718    
3.73811    
3.53111    
4.22630    
4.67734    
3.77241    
3.28037    
3.51652    
3.72370    
2.63148    
4.48549    
5.22972    
5.44864    
3.07213    
6.20427    
5.68297    
4.00913    
2.85011    
4.51116    
4.22808    
4.00767    
3.72936    
5.65933    
4.27960    
3.77672    
4.49565    
4.72261    
4.99244    
3.26814    
4.28747    
4.26205    
3.28451    
3.82256    
3.50553    
4.25828    
3.80035    
3.24922    
3.46480    
3.97532    
3.74292    
4.22711    
4.03715    
4.75161    
4.52039    
3.29510    
4.26461    
4.76729    
4.73991    
5.21353    
3.03831    
4.01171    
4.43070    
3.62696    
4.32602    
5.17690    
4.77434    
4.74085    
3.75378    
3.50015    
5.23400    
3.74594    
3.29748    
4.49137    
4.30863    
5.22800    
4.28758    
3.99233    
3.99178    
5.42076    
3.52687    
4.95846    
4.03150    
4.29141    
3.96813    
3.98892    
4.94954    
2.54325    
3.77470    
3.75054    
3.99824    
4.25006    
4.46405    
2.83531    
3.81659    
3.51600    
4.48066    
4.00659    
4.20174    
3.47374    
3.48521    
2.98600    
3.83013    
5.62580    
2.58018    
4.22006    
3.80499    
3.50704    
3.78510    
4.02842    
2.80926    
4.23853    
4.51569    
4.24775    
4.28061    
3.27607    
4.48330    
4.48107    
2.30220    
5.20802    
4.91229    
3.07695    
3.52781    
4.71889    
4.01567    
4.21933    
4.23836    
3.98770    
3.04272    
5.45720    
4.03270    
3.78711    
3.73006    
4.24116    
5.22957    
5.20688    
4.22520    
4.49969    
3.98946    
3.94425    
4.01148    
4.67625    
3.78627    
4.93304    
4.30456    
3.02766    
3.30255    
4.69962    
2.81318    
4.49316    
5.95777    
4.92278    
3.76464    
3.53868    
3.31144    
4.06828    
4.98595    
4.97841    
4.22757    
3.54346    
4.67904    
4.45367    
4.52709    
2.58557    
3.74509    
4.54670    
2.81580    
4.74622    
5.23175    
3.31451    
4.52726    
4.49097    
4.46928    
3.99874    
4.98425    
3.78793    
3.28175    
2.54451    
3.75501    
4.46800    
5.16122    
4.72041    
3.52042    
4.74193    
5.23556    
3.72829    
3.33760    
4.21142    
4.53033    
4.24789    
3.52472    
3.26997    
4.98047    
4.73099    
3.76595    
4.47147    
4.50552    
3.99171    
3.10286    
3.30746    
3.24858    
2.98703    
3.99177    
5.44974    
3.09291    
3.08510    
3.58037    
4.53876    
3.02514    
4.98367    
3.97292    
4.97565    
3.50849    
4.29080    
4.56660    
4.25093    
5.42867    
3.47889    
4.44488    
4.49446    
4.45637    
3.80910    
5.24603    
5.71316    
4.71971    
3.50322    
4.56830    
3.72504    
4.47654    
4.49169    
6.36545    
5.46295    
4.48053    
4.97813    
3.80241    
4.01514    
4.24358    
2.82076    
4.27293    
4.25421    
4.03356    
4.01844    
4.98165    
4.49577    
3.79278    
4.21484    
4.01947    
4.47012    
4.28324    
3.28106    
3.72846    
3.48450    
4.76154    
3.54007    
3.26559    
4.96876    
