5.22011    
0.98981    
1.99886    
5.45016    
7.39169    
2.52113    
5.58190    
4.50794    
3.56459    
4.47507    
5.95797    
5.99466    
2.53381    
3.42602    
8.91403    
3.08503    
6.45609    
7.97138    
5.09560    
4.61162    
7.82804    
4.54932    
3.42355    
2.19068    
7.47526    
5.99345    
6.28883    
5.65553    
7.68027    
6.94647    
6.89035    
4.04747    
6.04011    
3.97021    
6.98815    
7.31059    
5.85413    
6.00653    
5.92161    
6.14148    
5.90968    
1.17336    
5.50419    
3.42462    
5.44703    
4.73561    
7.95596    
5.95859    
6.02119    
6.99081    
7.92514    
2.17422    
6.14387    
5.43609    
3.66496    
8.39476    
5.56835    
2.10456    
5.88470    
4.93935    
5.04815    
7.85200    
6.01988    
2.02597    
9.78208    
5.91570    
6.83324    
10.40966    
8.03842    
4.95967    
5.54407    
5.16313    
6.40293    
5.92288    
7.99961    
3.91739    
5.09463    
4.90772    
6.11229    
4.15367    
7.40646    
10.32000    
7.42414    
4.92654    
6.03189    
3.69629    
5.50561    
3.02060    
2.03833    
3.87559    
5.52072    
4.85988    
5.02031    
4.06859    
3.61467    
3.07984    
4.50798    
3.53167    
5.86065    
6.36632    
7.35147    
3.98924    
3.83311    
7.04263    
5.39555    
2.02272    
5.89108    
2.07859    
7.02426    
6.05951    
9.65518    
5.80112    
5.92945    
3.36590    
7.37222    
3.49817    
4.84942    
4.96911    
6.39638    
5.05850    
5.12106    
5.05046    
9.08284    
7.86225    
7.34561    
4.10407    
4.10214    
3.95393    
9.96166    
2.97865    
4.87919    
3.99670    
3.03507    
4.08051    
5.12963    
6.00991    
9.67639    
3.45503    
3.11772    
7.86935    
3.46134    
4.95280    
4.54576    
5.37573    
3.52132    
6.79956    
4.01536    
7.90114    
3.19211    
5.20910    
8.02604    
4.82392    
6.52488    
1.77510    
4.51116    
3.17892    
9.86497    
4.88674    
5.08362    
3.06013    
4.04615    
4.02936    
5.46900    
4.86725    
4.03288    
5.57501    
7.08558    
5.97255    
0.98134    
4.94734    
4.83118    
6.02281    
2.07969    
4.93702    
4.10938    
3.45120    
4.94285    
4.08076    
6.07100    
3.16965    
6.07478    
4.10380    
2.61013    
8.85679    
5.90397    
2.96689    
3.20060    
6.02183    
5.00085    
4.98444    
3.57078    
4.06487    
4.07545    
7.43746    
1.94186    
7.51099    
5.87536    
5.75573    
9.85874    
5.94677    
6.05749    
4.63550    
7.11101    
4.00964    
7.94809    
10.93866    
5.21295    
4.90543    
6.05778    
6.39779    
7.43588    
6.88893    
3.44520    
4.07174    
4.56978    
3.95541    
5.82987    
4.91798    
7.92138    
7.01278    
3.17635    
7.87762    
3.84578    
2.63069    
4.04579    
3.05365    
6.97924    
5.38444    
7.87442    
4.95624    
8.78140    
8.57526    
8.04927    
4.52990    
7.03920    
5.41553    
5.33806    
8.74663    
3.05494    
4.03580    
5.26951    
0.92762    
7.41159    
9.37087    
0.60338    
5.90812    
6.00341    
9.83506    
2.00496    
3.93564    
6.61541    
5.07529    
5.87305    
7.03666    
2.47140    
7.89796    
7.57928    
2.92517    
7.02043    
6.11441    
4.42112    
1.95387    
4.94715    
6.88681    
9.46174    
4.19056    
4.45653    
5.14553    
6.11422    
3.93758    
2.01475    
7.93706    
5.99824    
3.90699    
4.87228    
5.02582    
4.04289    
7.82821    
9.78243    
3.94363    
8.94248    
4.03340    
6.04885    
7.18361    
7.30683    
6.08681    
6.00456    
5.11627    
1.51913    
4.05200    
11.83247    
11.97244    
1.57164    
3.21945    
5.76245    
6.50375    
4.13363    
6.98066    
5.98854    
5.76259    
5.99351    
6.22722    
1.07783    
7.00545    
5.49436    
6.78731    
5.78924    
4.07726    
7.47159    
2.20809    
5.86011    
3.50251    
4.14923    
8.96785    
8.87608    
7.42115    
2.16067    
5.87915    
4.95663    
5.93811    
7.41274    
6.85325    
5.02794    
4.00422    
6.89149    
3.03581    
6.90406    
6.36203    
7.46694    
5.94468    
8.02689    
4.88383    
4.02733    
3.35302    
6.01034    
5.02123    
6.92649    
5.93971    
5.97644    
4.60267    
4.59436    
7.40140    
5.00367    
1.64182    
2.74766    
4.53482    
6.90071    
5.40415    
5.65390    
3.58289    
5.56287    
5.90334    
3.43631    
8.45201    
4.43008    
3.89975    
2.19843    
5.82775    
7.08791    
1.19481    
5.01211    
7.02782    
7.13637    
7.85095    
5.39857    
6.00508    
9.34124    
6.06535    
4.78675    
6.40695    
3.09462    
2.56122    
6.84626    
5.51050    
5.92401    
6.06793    
5.02630    
5.46548    
4.00130    
2.95970    
5.14709    
5.18121    
4.10234    
5.99185    
5.52847    
7.70418    
4.90937    
4.51695    
6.79729    
6.69789    
4.43044    
5.38262    
6.88097    
7.06938    
7.12742    
3.28942    
2.01510    
6.89354    
7.98120    
9.41088    
8.75023    
5.92645    
1.34266    
7.07888    
2.99282    
6.06457    
1.04679    
3.07892    
2.96937    
5.14424    
4.51279    
4.90341    
1.17065    
7.33935    
4.81910    
6.92770    
3.44339    
6.18965    
6.67675    
6.86102    
6.04648    
6.46444    
6.91472    
6.03256    
7.91551    
7.93063    
8.35961    
5.07075    
7.76080    
4.68506    
1.94501    
4.99529    
4.92257    
3.08863    
4.05016    
5.58779    
3.04836    
8.87828    
6.94510    
7.44337    
3.53953    
6.39676    
2.98592    
4.42430    
2.62305    
4.00486    
5.03788    
4.96056    
4.00787    
3.63719    
6.79680    
6.08671    
6.30154    
3.07294    
5.74441    
4.97940    
6.88579    
5.75255    
5.03221    
4.90430    
6.07306    
5.00400    
6.69426    
2.54511    
5.12156    
1.51793    
4.90678    
3.84542    
5.95639    
3.39507    
5.43465    
4.79153    
7.96331    
5.50281    
7.37021    
3.17997    
4.56339    
5.45739    
3.97887    
8.00631    
9.39805    
6.81075    
5.42759    
4.96478    
0.64806    
3.42212    
5.94881    
6.74524    
-0.45902    
4.79317    
6.09102    
6.98707    
3.18384    
2.03987    
2.11326    
9.89136    
6.11470    
1.01731    
3.95029    
3.09619    
6.48407    
6.33381    
2.93724    
5.03198    
5.09493    
6.43661    
3.95092    
4.00133    
6.80892    
8.89565    
7.94325    
8.42298    
5.18132    
3.95903    
1.89750    
6.17514    
5.90494    
7.80145    
7.14956    
3.06592    
3.95277    
5.03751    
3.62496    
3.85575    
5.02246    
5.97856    
6.06890    
7.47452    
5.19688    
8.34323    
4.11448    
9.38152    
5.14249    
8.57491    
8.97865    
5.99110    
5.43722    
7.36529    
3.10213    
6.45927    
8.96542    
8.94293    
5.93149    
5.83521    
5.63806    
4.00412    
4.97063    
7.91017    
7.04293    
7.18196    
5.90485    
5.39745    
3.57630    
7.50017    
2.99373    
8.78913    
4.11687    
4.92184    
4.02873    
7.08907    
8.85411    
1.25542    
7.35267    
4.96255    
5.95004    
2.01226    
8.00870    
6.92646    
2.97370    
3.97213    
5.08148    
3.75805    
4.96814    
8.41184    
5.97398    
3.93381    
5.99387    
4.91515    
10.24506    
6.01880    
6.79426    
2.04638    
5.90331    
5.58562    
10.44924    
4.59656    
4.50779    
6.39083    
4.48734    
6.83720    
4.32969    
7.43574    
9.98596    
5.08124    
8.15357    
4.30934    
5.49076    
3.15901    
5.99012    
7.97909    
7.00029    
3.90505    
9.80911    
6.92119    
6.92613    
4.34627    
4.01304    
4.94240    
2.64419    
8.76692    
8.48482    
5.90836    
7.29982    
6.92160    
6.18831    
6.07542    
4.01803    
4.05066    
8.94624    
4.97431    
7.96614    
4.60104    
2.50055    
7.10723    
1.67490    
6.79416    
3.96167    
9.80993    
3.64076    
3.93894    
4.04737    
7.45381    
5.42632    
4.09696    
8.48796    
7.90815    
4.88893    
5.86611    
1.11989    
1.94673    
5.11717    
3.82758    
9.48873    
3.27851    
7.98574    
5.39789    
5.47706    
7.30278    
6.88077    
5.97335    
3.03804    
2.12664    
3.18956    
6.92670    
2.02716    
4.95196    
3.04133    
9.40033    
9.00144    
6.45558    
2.01251    
4.82787    
4.94218    
6.90295    
3.93002    
8.78397    
9.57841    
3.98615    
4.06037    
6.02135    
7.46771    
3.02528    
1.92550    
6.06788    
7.96865    
6.86823    
3.82693    
7.04561    
7.34878    
3.95732    
4.12763    
4.59432    
2.42559    
7.00282    
3.03913    
7.40147    
7.89820    
6.89707    
4.83016    
6.99711    
7.83581    
4.52360    
4.35339    
2.55526    
6.47121    
6.49998    
4.06171    
3.55499    
1.19843    
3.42457    
4.46141    
6.94796    
8.02806    
5.45442    
4.94479    
2.24268    
6.97459    
2.05763    
5.99458    
8.42431    
3.04846    
1.07302    
2.88202    
3.17393    
10.81279    
7.66307    
6.00548    
6.28134    
5.20117    
3.53870    
2.48203    
5.98408    
6.58105    
9.42523    
6.95436    
3.95112    
2.95031    
4.05184    
5.00529    
3.95191    
7.88637    
4.98625    
5.50429    
3.43884    
3.10985    
4.86315    
7.96914    
1.45103    
5.89002    
5.98218    
4.03303    
4.80983    
5.92719    
4.10362    
6.86499    
5.48966    
7.85736    
1.98871    
6.89283    
4.09476    
3.94533    
2.00871    
6.31968    
8.00605    
2.86411    
5.01863    
4.95836    
2.57065    
4.50348    
5.30042    
5.96720    
6.40305    
5.87385    
1.48221    
3.97834    
7.91978    
9.26786    
6.91580    
3.61734    
5.53231    
4.96248    
0.98634    
3.91712    
7.83882    
7.29626    
3.02642    
9.49626    
6.06183    
5.08740    
3.07964    
5.55406    
4.95436    
8.03251    
5.94883    
8.79266    
2.12800    
8.35590    
6.41286    
2.47618    
1.05772    
2.05287    
6.98399    
1.12786    
6.95202    
3.97768    
6.87157    
2.12840    
5.59726    
4.93585    
5.95642    
3.84975    
2.17329    
4.48691    
4.96066    
1.04398    
4.08519    
6.92203    
3.09271    
6.35237    
7.95097    
6.10119    
4.98556    
5.81327    
5.52844    
5.91570    
5.07526    
3.16039    
8.06685    
3.80613    
5.00221    
2.13348    
4.09160    
4.44102    
3.10569    
7.62608    
6.77879    
9.02392    
5.99587    
4.83756    
4.89401    
4.53474    
5.81430    
9.41691    
6.36095    
5.45236    
2.52520    
7.43283    
6.35748    
6.32456    
2.21933    
5.14182    
6.01063    
7.03157    
5.80600    
4.45802    
6.47688    
5.89477    
1.27983    
3.05045    
1.93627    
4.92350    
2.47589    
5.90864    
3.94209    
7.95804    
8.34071    
5.97006    
5.18207    
7.80750    
2.07908    
5.95221    
7.99522    
4.07250    
5.82925    
3.99561    
0.07227    
6.87518    
3.63530    
4.00518    
6.98175    
5.60353    
2.93125    
8.42511    
6.53167    
7.60415    
5.45163    
6.50034    
2.57780    
9.01117    
8.80076    
6.44035    
10.92068    
-0.37048    
6.05391    
4.98280    
2.08117    
5.04961    
9.81137    
4.97585    
7.41297    
6.92894    
1.10021    
4.13331    
0.27794    
6.96472    
3.45272    
4.06913    
6.94649    
7.90618    
5.56434    
10.90429    
5.40945    
5.05857    
3.03606    
6.47103    
6.01414    
5.92326    
2.46975    
2.97569    
4.39477    
9.83223    
4.47035    
3.01015    
5.90341    
3.14917    
2.14110    
6.12095    
8.48152    
7.87246    
5.52108    
5.48779    
7.19189    
6.49047    
6.93885    
4.63155    
7.49053    
5.98713    
4.53736    
4.97701    
5.26965    
1.92701    
6.74801    
4.90842    
3.86740    
6.86036    
5.91870    
8.84582    
5.39506    
2.97850    
7.75139    
2.57593    
4.89893    
3.98069    
2.93567    
2.52420    
1.92378    
4.49673    
3.02027    
5.96287    
5.89417    
7.73878    
5.81485    
4.94509    
6.99626    
5.48960    
0.67313    
4.93345    
4.55912    
4.98781    
5.94654    
4.97578    
2.57626    
8.04617    
9.45781    
5.92980    
4.55622    
4.91084    
6.97261    
5.80415    
5.04301    
8.80599    
0.62519    
4.53782    
3.22230    
2.93570    
4.07534    
5.97847    
5.89372    
8.96866    
3.03607    
7.98667    
3.18284    
4.93103    
7.47449    
4.48743    
2.06661    
5.92277    
3.71407    
5.35382    
3.07983    
2.61561    
0.94077    
4.81889    
9.83707    
4.09285    
7.39928    
2.40266    
9.78581    
2.55921    
5.42235    
1.49629    
2.97059    
1.06574    
3.18976    
5.92274    
6.93958    
3.05538    
6.59895    
6.96716    
2.98768    
3.97652    
3.04916    
6.03334    
5.13109    
4.09196    
3.39135    
6.51761    
9.87330    
6.86034    
3.99364    
2.98894    
6.04723    
2.59775    
2.99544    
5.54933    
7.91331    
1.90349    
5.64002    
4.68261    
1.00917    
2.50701    
8.55440    
5.94110    
3.38851    
4.98601    
6.86818    
5.57781    
4.96747    
6.03697    
5.53080    
2.94525    
6.47955    
4.26499    
8.00520    
6.52992    
7.12281    
4.99080    
8.39816    
4.10765    
2.99249    
6.08682    
4.43822    
6.00604    
3.36017    
5.04336    
1.19809    
5.85831    
7.59940    
6.93572    
3.49816    
6.77472    
6.95012    
6.79623    
5.83787    
9.73519    
7.97038    
8.22678    
7.93628    
1.14032    
5.41303    
6.88531    
6.98722    
5.94902    
5.55144    
4.29687    
9.37555    
4.51526    
-0.31140    
7.01079    
5.98188    
7.57752    
0.63868    
7.38368    
6.99410    
5.76678    
7.48081    
4.38705    
4.45502    
6.54983    
2.96209    
9.41787    
5.94739    
7.08329    
1.14900    
7.81881    
5.56415    
3.93401    
2.52229    
3.88031    
5.98301    
4.91418    
8.83045    
6.47279    
2.10448    
4.96708    
5.96826    
4.55493    
5.98371    
4.16921    
4.89750    
6.10767    
2.68997    
7.97762    
8.47624    
5.05325    
3.04136    
4.60653    
4.53098    
3.58599    
7.03472    
9.87171    
5.91009    
5.37230    
8.33687    
9.60883    
-0.82767    
3.93811    
6.99844    
4.06603    
3.92782    
2.66916    
9.37037    
6.97760    
3.96188    
8.08526    
8.83849    
4.13864    
4.57776    
7.23450    
5.10318    
6.96264    
6.19935    
3.09587    
1.96184    
5.03402    
2.10902    
4.91688    
6.51530    
8.81932    
3.55394    
7.90162    
7.88842    
4.09635    
3.98748    
1.07837    
2.93127    
3.50473    
2.99029    
6.12915    
5.88971    
4.84806    
8.77304    
4.01875    
2.14477    
2.05615    
4.11291    
5.96277    
4.04473    
7.01176    
6.93982    
3.47067    
2.15500    
4.02743    
5.91596    
6.48750    
4.05623    
7.00329    
5.20792    
8.96404    
8.87484    
3.02502    
4.58566    
5.99322    
6.04000    
8.82750    
1.06234    
6.07422    
2.16008    
3.11979    
9.96889    
7.06472    
3.15826    
5.47878    
3.10886    
3.15350    
4.09028    
6.83219    
4.88523    
3.96021    
6.67087    
2.10527    
4.96634    
7.77468    
3.97451    
11.99567    
4.06996    
5.94926    
3.93516    
5.51706    
5.49198    
5.04252    
6.91138    
6.83210    
1.04338    
4.01285    
6.05283    
6.06797    
7.83438    
7.95137    
7.99897    
3.83833    
5.90219    
4.92637    
4.72101    
3.04524    
6.91455    
4.00126    
4.95911    
5.98738    
6.04125    
4.97856    
10.44854    
7.95045    
3.16537    
7.99892    
2.12789    
2.92899    
4.96774    
5.80579    
1.06139    
5.82738    
5.11495    
1.54726    
7.11847    
6.00265    
5.03630    
1.97852    
4.47739    
4.05970    
1.99027    
2.95239    
5.94546    
7.02442    
7.34394    
2.02978    
4.92261    
8.00834    
6.83618    
2.58776    
6.03533    
5.52944    
3.30445    
3.21625    
3.89893    
4.55810    
4.93900    
6.42753    
4.84843    
6.98700    
7.07808    
7.98778    
3.11556    
4.29775    
7.04257    
8.86277    
3.17826    
3.10208    
6.02334    
5.04674    
0.18747    
3.35730    
7.29901    
3.63451    
4.44897    
7.05178    
6.45911    
6.07170    
5.01859    
6.14899    
3.91257    
4.10862    
6.46945    
7.95563    
3.17064    
6.03436    
8.94449    
3.61342    
4.01926    
3.93037    
8.51825    
6.88176    
7.00473    
3.10997    
3.95486    
1.05773    
7.05366    
6.36634    
6.98123    
6.44430    
4.22599    
5.54948    
4.98273    
4.45635    
8.12278    
5.89575    
6.36462    
9.36040    
6.06749    
2.07525    
7.89977    
4.03368    
-0.41197    
7.89180    
6.96033    
7.91123    
6.17439    
2.51263    
4.02277    
2.03081    
3.85756    
2.96004    
7.48779    
5.45142    
5.01931    
3.98699    
2.61014    
4.99216    
5.86019    
5.89853    
5.76971    
7.05965    
6.07041    
4.02002    
0.55698    
5.09535    
4.10728    
7.88702    
1.96059    
5.90896    
5.42476    
7.01156    
2.84081    
7.88657    
6.75181    
-1.84190    
5.93486    
6.92625    
2.25128    
4.01483    
2.94185    
2.14503    
0.05603    
3.96693    
7.70135    
5.68624    
1.21456    
6.91030    
2.56799    
7.94883    
5.65455    
6.00740    
2.97778    
5.26126    
6.53432    
2.97097    
5.48171    
3.05367    
6.54786    
7.88053    
3.99529    
5.96204    
5.74751    
6.97363    
2.94399    
4.16125    
6.90359    
5.93403    
5.10302    
9.02823    
2.55234    
3.57112    
8.44379    
3.02400    
5.48862    
7.88569    
1.10578    
5.92430    
6.30538    
4.15463    
6.85309    
7.95150    
8.91859    
6.95990    
5.48336    
3.91284    
9.40325    
0.96457    
8.89213    
6.65763    
5.45566    
0.96577    
0.06317    
3.92402    
7.41927    
2.46274    
2.87309    
5.57921    
5.94788    
4.98452    
2.58090    
2.23072    
3.97304    
6.08153    
4.06761    
6.42470    
4.49695    
3.25618    
7.97160    
6.52590    
3.52957    
6.95640    
4.51356    
6.85137    
5.95515    
5.00408    
6.85206    
5.09239    
4.93395    
5.91671    
3.89906    
8.91241    
7.88367    
5.92773    
5.01437    
3.87663    
6.96834    
4.89734    
5.08103    
6.91142    
5.95113    
5.04093    
6.96096    
6.14261    
9.88921    
5.99482    
6.95493    
4.29036    
5.54394    
7.04324    
3.06002    
5.04769    
5.47992    
7.42701    
5.07738    
4.00288    
2.84966    
9.80699    
3.92611    
6.12796    
6.14044    
7.80687    
5.06668    
2.99766    
6.33753    
2.98716    
5.41517    
5.94434    
5.07555    
3.91506    
5.92730    
5.15512    
7.01414    
5.94697    
10.77731    
4.50906    
5.96989    
3.12205    
4.06715    
3.25577    
3.06803    
5.02483    
3.94393    
3.96369    
1.08351    
10.86692    
3.03939    
7.87802    
4.10278    
10.40107    
3.00437    
4.11484    
8.46936    
8.49802    
4.95016    
6.98543    
2.54271    
4.89080    
6.98887    
2.89355    
3.89622    
2.01578    
4.94094    
6.38873    
4.91240    
2.92708    
4.66864    
7.56672    
7.84807    
6.57251    
4.99838    
1.06403    
4.85467    
-0.08319    
3.50429    
3.11101    
4.10119    
5.90036    
7.48288    
2.93221    
8.42638    
4.94953    
7.09197    
7.91932    
6.06168    
1.16487    
3.91664    
2.59216    
1.65889    
4.99007    
4.96751    
3.89960    
8.52629    
4.04462    
-0.85780    
3.11364    
5.76390    
4.57512    
5.81493    
9.03119    
2.13273    
7.04199    
5.51197    
6.52246    
6.06369    
7.40820    
6.08571    
7.03269    
5.85370    
5.70337    
7.07399    
1.48793    
7.88394    
4.94569    
4.97991    
5.47591    
2.23012    
6.88097    
3.69871    
3.61178    
7.89326    
3.99362    
6.57798    
0.56080    
3.52691    
8.91464    
6.45598    
5.99052    
4.11981    
3.00621    
6.33253    
5.11960    
9.03079    
5.01419    
6.99544    
1.41122    
6.89831    
5.06268    
6.21573    
5.48244    
0.11272    
7.09959    
9.31863    
4.79959    
5.05501    
0.54957    
1.78852    
6.93613    
6.85369    
2.69089    
6.12362    
3.10894    
4.01287    
3.88764    
7.41971    
6.93885    
6.46904    
8.81663    
5.92397    
5.99865    
8.97581    
4.35437    
3.40245    
8.03440    
2.54427    
7.83498    
2.61240    
7.05413    
4.40335    
3.88385    
4.44488    
6.98164    
6.88840    
6.47824    
2.10497    
3.97896    
3.02566    
3.28202    
6.04072    
4.11195    
5.44732    
5.92283    
7.07418    
3.44128    
3.48236    
5.19075    
8.10841    
4.56078    
7.78772    
3.60533    
4.22776    
8.82466    
6.98348    
4.51906    
6.04585    
4.45116    
6.10790    
6.99054    
4.46139    
7.14556    
3.57021    
5.54103    
3.84351    
7.11155    
4.04387    
6.58367    
1.17464    
2.73848    
6.88450    
4.55181    
7.60815    
3.91778    
9.21385    
4.99634    
6.84910    
2.09356    
6.95328    
3.94081    
4.07673    
4.27098    
4.44702    
3.09208    
6.48348    
3.06245    
7.89723    
4.10502    
6.30362    
4.46666    
8.59595    
2.40495    
3.53732    
5.04772    
3.46499    
5.03269    
2.18634    
4.01530    
6.00033    
4.96312    
5.50515    
5.05292    
8.84189    
4.06235    
5.95593    
3.63466    
4.00770    
2.15237    
3.01175    
4.00430    
8.78604    
7.85248    
7.03492    
8.04452    
5.96514    
5.50917    
-0.06954    
5.78851    
6.97552    
4.03407    
6.89896    
7.45661    
6.96056    
4.98833    
2.99190    
4.89824    
6.45156    
0.95643    
5.76475    
6.92524    
6.38728    
1.97212    
5.42566    
5.35353    
2.10373    
1.87805    
4.38365    
4.96839    
2.09012    
4.14773    
3.22278    
4.07183    
2.64547    
5.59747    
6.97769    
4.83481    
7.96084    
3.47518    
6.51274    
3.01545    
7.07885    
4.89403    
5.52000    
4.98988    
5.95530    
5.46279    
5.99877    
3.93760    
8.50562    
5.09652    
5.06166    
2.02097    
6.02616    
6.00459    
4.00003    
4.46098    
8.00050    
5.91064    
5.97846    
5.97188    
7.00574    
7.06103    
5.42714    
3.39460    
4.90148    
8.78122    
1.96296    
5.36764    
5.49954    
3.96845    
6.89127    
5.98236    
5.97351    
7.03432    
4.40089    
6.50534    
6.55844    
5.98495    
5.08974    
3.48692    
4.97291    
5.08419    
4.05439    
3.54763    
-0.82555    
4.45503    
3.54434    
2.54904    
6.03879    
8.03334    
6.93589    
7.04188    
6.05161    
2.53802    
3.85642    
2.01791    
4.84254    
3.05029    
2.04331    
8.31691    
6.09198    
1.42153    
5.85356    
5.09759    
1.49729    
7.87680    
5.42415    
7.51375    
6.37900    
4.88506    
1.57783    
3.00554    
2.99930    
6.18830    
6.01135    
2.95403    
4.55060    
3.90310    
9.85698    
4.88465    
4.47169    
7.82258    
3.01837    
0.16495    
4.86143    
5.94217    
6.69698    
3.01540    
5.94442    
4.95938    
6.01909    
6.03050    
7.35029    
7.13216    
3.03279    
5.01813    
0.93873    
5.22142    
5.17194    
1.01712    
4.03378    
6.96418    
6.63466    
7.01113    
5.53029    
4.23097    
5.92343    
5.13499    
6.07531    
5.87538    
7.47809    
6.78651    
2.63685    
7.09118    
3.11593    
6.92286    
2.48156    
5.89255    
5.99016    
4.50175    
4.06446    
4.49852    
5.99078    
5.01537    
5.99940    
4.07589    
6.53157    
7.79882    
10.37615    
2.78400    
2.04288    
5.03110    
6.01124    
8.92293    
4.21856    
6.78735    
8.23251    
10.00698    
8.93474    
6.37387    
4.10685    
4.93620    
7.34838    
3.04482    
5.40368    
5.51818    
7.45891    
5.67147    
1.12958    
6.05540    
5.87238    
8.52793    
2.10125    
10.91908    
6.78171    
5.94416    
5.11525    
5.11522    
7.66951    
4.97683    
5.64155    
7.00043    
3.17237    
5.99036    
5.89837    
2.21269    
6.55018    
10.34628    
5.99436    
8.19059    
4.04523    
5.90662    
-1.36105    
5.89478    
5.03425    
6.08072    
3.28096    
8.14527    
4.50772    
3.42780    
3.12132    
5.02427    
4.36947    
4.50209    
5.44148    
7.87843    
4.99361    
6.53484    
4.88961    
7.10995    
3.44318    
2.46828    
5.35422    
5.89975    
4.47378    
7.98815    
3.97885    
3.90346    
5.59778    
4.05817    
4.05844    
0.03918    
5.24383    
5.19168    
8.81363    
3.51412    
5.11412    
8.94113    
4.39963    
5.01805    
8.79336    
5.05985    
4.93294    
3.42284    
6.09014    
4.58697    
4.49636    
2.98776    
5.15306    
3.51917    
5.59034    
0.88914    
1.68623    
2.96617    
4.90704    
4.57456    
4.03427    
3.17069    
3.42648    
2.95168    
3.66847    
4.93856    
3.10158    
5.90776    
7.78670    
5.53467    
3.63661    
6.51027    
2.93654    
5.93822    
3.08646    
1.97408    
4.20605    
5.99545    
7.05017    
4.99002    
3.90185    
3.10458    
4.01783    
3.06910    
4.07693    
6.83810    
5.10215    
8.82081    
4.03913    
7.91481    
6.02658    
5.87431    
6.97305    
6.69139    
8.43181    
4.05905    
4.47601    
7.06938    
4.94712    
3.89336    
8.24734    
4.94940    
3.12390    
3.89709    
8.47197    
5.96298    
4.53207    
-0.88602    
6.02096    
5.47084    
5.88983    
7.79126    
6.37782    
1.07881    
2.94897    
5.03563    
8.55256    
1.06917    
7.97564    
9.87270    
6.51589    
4.10844    
7.78631    
7.14978    
3.95885    
5.90515    
6.38085    
-1.82513    
5.93310    
3.38657    
4.47272    
4.38112    
4.94173    
5.52971    
9.95395    
4.09357    
6.04725    
5.49182    
4.36386    
3.90257    
6.09371    
5.47199    
4.03043    
5.50276    
4.04839    
5.81137    
3.12832    
2.17521    
3.29718    
6.07082    
6.02094    
5.87761    
3.06808    
9.87416    
5.96638    
7.96656    
2.97384    
6.89357    
7.63092    
3.92821    
3.03402    
2.17911    
3.05234    
4.91441    
6.44379    
5.10336    
4.01142    
4.61839    
6.99503    
2.90630    
4.07221    
5.02495    
4.05837    
7.01662    
5.89228    
5.11298    
2.38380    
3.05656    
7.93528    
3.98490    
3.03970    
4.08026    
4.89235    
3.10003    
5.91113    
2.04005    
6.42964    
5.07555    
5.05153    
5.00725    
8.02487    
5.02022    
5.07592    
4.23190    
5.40438    
8.54721    
6.96767    
5.02268    
5.57601    
3.22759    
3.13293    
3.05632    
6.93304    
6.82638    
5.05341    
2.47175    
3.09996    
6.12776    
5.45827    
3.97350    
3.07693    
8.19998    
4.46221    
5.94465    
7.43585    
3.00112    
3.14663    
5.60571    
6.01116    
3.45582    
5.39075    
8.97552    
4.96186    
4.13537    
4.95361    
4.99775    
4.51907    
2.56271    
6.46994    
5.96091    
2.03824    
4.99740    
5.13428    
7.92981    
4.98844    
4.88131    
2.89336    
5.36704    
4.36397    
5.97193    
5.06782    
8.33423    
4.85663    
5.04814    
8.69280    
6.74255    
0.71336    
3.90231    
1.82578    
7.01963    
7.06956    
3.00277    
4.84463    
3.90010    
8.32423    
1.08239    
4.96355    
11.89177    
7.01233    
1.94578    
8.97265    
5.41246    
4.33576    
5.06499    
1.50270    
4.42314    
5.91725    
8.72883    
6.91319    
3.14691    
5.94762    
6.75092    
4.08260    
3.56107    
6.45310    
7.89453    
5.84615    
3.99967    
4.95974    
5.00827    
3.03081    
5.95953    
4.60524    
4.21948    
4.43144    
6.02518    
6.16479    
6.03095    
6.91407    
2.09965    
4.02069    
4.98185    
4.94649    
6.96649    
4.16845    
2.02300    
8.38659    
0.54039    
7.38965    
6.02904    
1.92464    
1.00614    
6.90053    
2.88604    
7.52543    
4.91539    
4.97103    
6.91219    
6.82453    
5.02396    
7.31272    
3.88183    
3.52568    
7.47996    
3.51246    
1.15114    
2.04155    
3.99487    
0.18361    
7.90267    
6.00445    
5.99874    
8.01017    
3.06270    
7.89721    
6.83367    
3.05218    
0.18031    
7.92413    
6.12714    
4.02869    
3.05235    
7.82853    
4.92621    
4.95818    
2.06287    
6.42110    
5.36231    
5.06403    
3.66825    
6.20524    
6.04154    
3.04368    
7.02128    
5.46104    
7.36718    
3.03408    
7.86339    
8.91885    
6.97271    
2.57134    
2.00442    
5.05584    
5.94892    
2.57991    
3.52988    
3.06073    
3.01732    
5.50895    
2.65914    
7.80418    
5.90146    
7.93187    
5.87563    
6.98210    
5.57366    
5.95637    
7.85339    
5.22612    
8.90564    
4.98380    
6.82735    
7.94573    
6.78631    
7.08997    
5.08288    
4.87657    
7.59737    
6.03526    
5.37460    
6.08450    
7.83893    
5.93287    
6.91439    
3.96927    
5.41385    
4.03521    
5.50116    
2.53735    
2.13424    
5.62185    
5.78104    
8.09563    
4.09914    
5.01947    
5.91642    
7.34375    
1.12077    
8.52481    
4.12257    
5.47861    
6.81796    
4.92123    
8.82579    
6.78228    
4.08139    
7.99728    
4.07683    
7.01286    
4.76576    
7.46619    
6.40285    
4.79137    
1.98803    
8.62544    
4.41455    
4.11725    
5.04308    
9.01769    
6.97827    
5.65848    
5.42458    
5.94632    
9.95340    
4.83825    
0.04479    
8.86550    
8.85838    
7.90850    
4.01573    
8.04586    
8.53182    
6.55369    
4.96780    
5.55305    
5.45736    
5.08257    
5.94951    
4.90212    
5.49982    
2.23113    
5.49758    
6.05212    
4.12260    
3.10032    
5.99717    
3.40057    
3.59978    
4.13582    
7.97316    
9.99343    
9.06091    
6.01879    
6.92871    
3.11556    
4.98731    
1.30642    
5.07347    
10.89171    
7.98266    
5.95403    
0.08358    
4.10365    
4.09535    
1.03320    
9.01249    
3.03666    
2.20027    
8.77807    
7.88828    
5.95894    
5.42269    
5.06394    
1.99565    
7.42384    
7.80772    
3.95518    
7.01201    
1.00067    
3.97539    
2.72575    
3.10409    
2.92975    
10.83003    
5.88230    
3.33207    
7.97415    
3.95881    
4.01560    
2.93354    
6.92848    
8.90521    
5.85405    
4.62925    
8.88755    
4.89090    
7.93058    
5.87605    
4.88005    
3.49975    
6.88616    
5.58305    
3.62770    
4.00530    
5.04918    
3.94348    
5.00281    
2.06871    
5.91797    
5.45764    
7.36850    
4.53136    
5.99088    
1.73648    
4.34590    
5.17498    
5.91461    
2.54131    
4.96749    
5.55084    
6.99750    
4.03253    
7.37237    
0.09747    
6.00335    
6.45794    
5.81553    
5.02731    
4.02840    
4.02206    
7.44348    
4.10974    
5.92569    
8.81056    
2.97448    
3.05126    
6.00527    
6.86855    
6.54769    
2.09651    
3.13382    
6.06810    
6.37599    
4.65038    
9.03322    
7.46273    
9.87075    
3.45829    
6.44719    
7.05633    
5.54258    
5.61418    
4.91908    
7.05530    
0.04410    
4.52635    
2.96018    
2.52137    
6.45488    
2.08969    
5.44365    
4.42653    
5.30473    
6.95492    
4.23072    
2.88859    
9.86660    
4.37232    
2.96278    
4.45821    
1.61783    
7.82552    
5.47859    
4.31722    
6.50447    
7.43164    
7.80774    
4.03938    
3.05497    
1.25077    
5.50502    
6.89843    
2.48461    
5.04793    
3.51149    
3.99500    
6.99032    
7.26229    
7.93808    
9.80474    
3.94746    
5.79962    
5.05429    
4.00074    
4.42134    
4.47655    
4.09275    
4.89730    
6.35175    
7.37980    
2.95697    
6.58875    
6.01331    
9.85306    
7.04376    
6.45285    
4.77306    
6.93560    
4.24387    
9.42057    
6.06049    
4.07556    
3.94160    
6.02750    
4.05632    
6.85624    
1.07933    
3.16450    
2.99692    
4.89495    
5.02838    
6.95964    
4.52787    
5.93911    
5.54899    
5.08190    
4.50147    
4.63981    
2.18900    
3.93175    
8.07783    
6.99348    
4.51016    
7.84221    
5.04137    
8.19321    
7.46051    
3.01773    
4.14779    
2.64665    
5.03878    
6.40229    
6.07112    
5.98340    
-0.40793    
3.12701    
4.15046    
8.35182    
1.19758    
9.81493    
5.93725    
5.83219    
4.02767    
4.00775    
7.79110    
8.90484    
5.58196    
7.03407    
2.57410    
2.04551    
2.97298    
4.41969    
6.97476    
2.18763    
5.39733    
5.90980    
2.12933    
4.00440    
2.10109    
1.01470    
7.07715    
6.08131    
6.89092    
6.10836    
6.35435    
6.86500    
6.55079    
2.56243    
4.06459    
5.87090    
6.09100    
4.02515    
1.53347    
8.89336    
5.14748    
4.08250    
2.88582    
7.82651    
5.86232    
4.91350    
7.38723    
6.93869    
4.89944    
4.98132    
7.08662    
2.77967    
8.46903    
10.41058    
2.52213    
5.09759    
6.17389    
3.98430    
6.94235    
3.62328    
6.14227    
6.20367    
2.14289    
7.51215    
4.51603    
6.44955    
6.49597    
7.88651    
5.51574    
5.00953    
6.06363    
6.70407    
6.91537    
4.53668    
5.99161    
5.02209    
4.00121    
7.91645    
8.83730    
8.94820    
6.62730    
5.88327    
6.94228    
9.28743    
2.14192    
5.00028    
4.03395    
6.99678    
7.90174    
6.99013    
9.41445    
6.79550    
4.88009    
4.08005    
5.06158    
3.31978    
8.00832    
3.44655    
8.96280    
6.27622    
5.51971    
4.97595    
6.17916    
3.94251    
6.48631    
4.48376    
5.02126    
3.54269    
5.42878    
5.08347    
6.89156    
4.99687    
5.78190    
8.78721    
4.49838    
4.09701    
1.10919    
8.86680    
3.46369    
6.93224    
7.00716    
3.96804    
7.53642    
4.54668    
7.45127    
2.20826    
5.44946    
5.89748    
2.47299    
6.93828    
2.99819    
7.07066    
10.68394    
5.95717    
7.01307    
7.01616    
3.91660    
4.44740    
5.56175    
8.92818    
5.43823    
6.72522    
3.96655    
3.54441    
3.09101    
5.59877    
2.49233    
7.07182    
5.01667    
6.77168    
6.83154    
7.34043    
5.41771    
6.97682    
4.04920    
8.39048    
9.00758    
4.47261    
5.90453    
4.49983    
8.03191    
1.02264    
3.60759    
6.75672    
4.47669    
3.02250    
5.09509    
7.71337    
5.92762    
9.81223    
4.52821    
5.12188    
7.48765    
9.01830    
8.48426    
4.01393    
3.90724    
4.52574    
7.91750    
7.42553    
6.92851    
0.99993    
5.55900    
4.54141    
7.30075    
3.55125    
4.53439    
6.00306    
2.95795    
5.99085    
6.59869    
2.12376    
9.72618    
4.08137    
2.13102    
5.05404    
6.18189    
6.99372    
8.87426    
9.33261    
7.92182    
4.99612    
2.12652    
5.37862    
3.63938    
6.83096    
2.00226    
7.02587    
5.01829    
4.43437    
1.06218    
7.54082    
7.85955    
8.86530    
1.05452    
4.86752    
6.41330    
3.46545    
8.99558    
6.00238    
7.62370    
6.56100    
8.00148    
5.57967    
8.82177    
3.02847    
7.96500    
5.47997    
7.84525    
5.00824    
6.92680    
3.87556    
8.50293    
0.12406    
6.52155    
1.11290    
4.92819    
5.07227    
5.59664    
4.50699    
5.00115    
7.91833    
7.36899    
2.07975    
6.95653    
2.93881    
3.05059    
6.82536    
6.90843    
7.97602    
5.32205    
4.98656    
4.03151    
6.60613    
9.89184    
6.05287    
7.06634    
3.02175    
5.49463    
5.45990    
3.12170    
6.02524    
7.04587    
7.01387    
5.39264    
5.05569    
4.45565    
5.44068    
11.84271    
8.41780    
7.08986    
5.01082    
3.41731    
4.01631    
6.47087    
8.90252    
4.64595    
3.63930    
2.08685    
6.91591    
7.38381    
2.09655    
3.49604    
4.96002    
7.01102    
6.11227    
1.05976    
6.86495    
5.62958    
4.83631    
3.00015    
2.15162    
6.93513    
5.04748    
6.89533    
4.45218    
2.94625    
6.01873    
2.49624    
5.93419    
6.81182    
2.32194    
5.86384    
1.58070    
3.90533    
7.71977    
5.97958    
4.99074    
6.00405    
5.26557    
4.11364    
3.14956    
5.40312    
4.02695    
7.86899    
4.97556    
2.42679    
3.14103    
6.93046    
5.06670    
4.62899    
1.52555    
5.83918    
6.40637    
6.86762    
9.93145    
5.20584    
1.05131    
2.04863    
4.42147    
5.52446    
2.09528    
5.16487    
2.26737    
10.57391    
6.01028    
7.73570    
6.02228    
3.94920    
0.22751    
5.05396    
5.08566    
7.03247    
8.83501    
4.95428    
5.40980    
6.41038    
3.01996    
5.50847    
3.96040    
6.53799    
5.05881    
1.09777    
4.03940    
2.86663    
6.07283    
7.89884    
2.09468    
4.01378    
2.00921    
6.91181    
7.52029    
2.60538    
3.02207    
8.69782    
3.13791    
2.02334    
5.96292    
5.92746    
7.21445    
5.36897    
6.04655    
5.01830    
4.07899    
5.00361    
5.36157    
5.95695    
6.09860    
3.98952    
5.96079    
3.94027    
7.01665    
6.07755    
10.82267    
4.48156    
6.91483    
6.93741    
3.99934    
1.63322    
5.04831    
2.08918    
8.01046    
4.93610    
2.86004    
5.94331    
7.80517    
7.88536    
10.85017    
6.02918    
5.47459    
3.49422    
8.00840    
7.45686    
4.24505    
9.50574    
4.35434    
6.10889    
5.12966    
4.54156    
6.43444    
1.04595    
5.96001    
4.07381    
6.21111    
8.94231    
6.93040    
8.48093    
6.91352    
2.59034    
7.77308    
6.40881    
1.96870    
6.01862    
3.89446    
8.02961    
8.02966    
1.84280    
3.88238    
3.34134    
4.89459    
3.84319    
11.29393    
6.45498    
4.42450    
6.03315    
6.77019    
6.69948    
7.50867    
3.95249    
2.29087    
1.38721    
5.99907    
6.42825    
6.33828    
7.88512    
4.97199    
5.47330    
2.09219    
6.63086    
1.69340    
8.48044    
5.03273    
2.12327    
6.87210    
2.16966    
4.94871    
5.01801    
4.02770    
7.57748    
2.40684    
5.82412    
3.04937    
5.96799    
4.03447    
3.07854    
4.92542    
7.44501    
7.50083    
2.09801    
4.12187    
5.50294    
6.03454    
6.48757    
4.46939    
3.99306    
7.85477    
0.61276    
3.04914    
6.70746    
4.41447    
7.93630    
4.29781    
6.92801    
2.12704    
2.60892    
6.46872    
7.03619    
7.98841    
4.89075    
6.82004    
7.00594    
3.94424    
7.01131    
4.89828    
5.61004    
2.05713    
5.00732    
4.02441    
3.37250    
6.99500    
0.96277    
6.49167    
7.90172    
3.01472    
6.90113    
6.74905    
3.94677    
6.99679    
6.94057    
3.00465    
5.79600    
7.03056    
5.79603    
7.34424    
6.29981    
0.08882    
5.05079    
0.22016    
6.62853    
2.99262    
5.87722    
4.14051    
1.95034    
3.98759    
6.96750    
6.46315    
8.00131    
2.48726    
8.79199    
8.93145    
4.10089    
4.06546    
4.80515    
5.93090    
5.92514    
4.59888    
8.16915    
6.98186    
3.50955    
3.35082    
3.15245    
3.21292    
4.59008    
5.44340    
4.96243    
5.00603    
5.98458    
7.80428    
8.39720    
6.00620    
2.08336    
7.73136    
5.32934    
6.86056    
5.42308    
3.64736    
5.84304    
4.07073    
7.94875    
6.90365    
3.61170    
3.20913    
6.19595    
6.01366    
4.05043    
5.03547    
4.15837    
6.38268    
7.94379    
5.51045    
5.90559    
5.95754    
7.93052    
4.47683    
5.01685    
3.42498    
5.39530    
4.33933    
3.58242    
4.09317    
4.41284    
6.47895    
4.75019    
4.07347    
6.98219    
7.78258    
1.94490    
5.45513    
4.81044    
6.58762    
6.09990    
5.96165    
5.03348    
6.28113    
4.02322    
7.93771    
5.95835    
6.00396    
6.91354    
6.95261    
3.10247    
4.99477    
4.07249    
3.09443    
6.07317    
3.98643    
4.05112    
6.00609    
3.87546    
6.85961    
3.49879    
7.99342    
3.55150    
5.96794    
6.83009    
6.98640    
2.67318    
3.90284    
6.98698    
4.89963    
2.58584    
2.25913    
6.50359    
0.06038    
7.16433    
7.61847    
8.01736    
2.97067    
4.76648    
5.02873    
9.32919    
2.64803    
6.49758    
3.01234    
5.50249    
5.03829    
5.77013    
7.37893    
6.43674    
4.17381    
3.59406    
9.31080    
3.94783    
2.83773    
5.10746    
3.07480    
5.83214    
2.59226    
4.85610    
7.90303    
5.34194    
6.89052    
6.97513    
8.42129    
7.77700    
5.98249    
3.98799    
1.62634    
4.97109    
3.54744    
2.07668    
7.48812    
6.82463    
3.50690    
6.88212    
2.04349    
1.07364    
5.41966    
3.60698    
7.90738    
1.55291    
5.98498    
6.03103    
3.53088    
6.99855    
4.07359    
6.95896    
7.02851    
6.83816    
5.92784    
4.42986    
6.10740    
4.07196    
4.99704    
5.99436    
4.00973    
6.04518    
4.10560    
5.35903    
10.56744    
4.81570    
4.38879    
5.75135    
1.05347    
5.98993    
4.15237    
4.06060    
3.87757    
3.11887    
2.67509    
3.18503    
4.03870    
4.08530    
5.24720    
8.47160    
4.03240    
7.08623    
4.46958    
6.00966    
5.04554    
-1.43137    
4.01648    
-0.39814    
7.59073    
6.52251    
4.51489    
7.53107    
5.04199    
7.98964    
7.53701    
3.10044    
6.96426    
7.20297    
5.11503    
4.85138    
4.94440    
4.67267    
2.17341    
3.51242    
4.93103    
3.93611    
4.72508    
8.46163    
9.36844    
5.14185    
4.52138    
7.51092    
5.94225    
2.06682    
5.53561    
5.19566    
6.93778    
4.00050    
2.45445    
1.92527    
3.07642    
4.74936    
3.94925    
7.03375    
3.45961    
2.09124    
9.44978    
3.95424    
6.87909    
7.94575    
5.00688    
7.04502    
4.94531    
5.25319    
7.06209    
4.18724    
6.94228    
6.01040    
4.03861    
7.38918    
4.13883    
5.07846    
2.00884    
5.00240    
5.95383    
7.73658    
9.25567    
5.82347    
4.04755    
6.04534    
6.48739    
3.95697    
4.05995    
2.99568    
7.01515    
8.88823    
5.98904    
4.94690    
3.07433    
4.88172    
6.47338    
4.00089    
6.02345    
5.50916    
6.91828    
2.06230    
6.06228    
2.67985    
5.83269    
3.09416    
7.05280    
8.83027    
8.46986    
5.80451    
5.03063    
5.19577    
4.89701    
2.82557    
7.99318    
4.07199    
2.17098    
4.92672    
2.44175    
1.65145    
5.84113    
4.10819    
8.00124    
2.86307    
1.08355    
6.46657    
3.03326    
4.04956    
10.74552    
3.05655    
6.78066    
7.00081    
4.90821    
4.90796    
6.05162    
6.87739    
6.09315    
4.00298    
7.24024    
4.79163    
5.00425    
7.00645    
6.47436    
8.79747    
4.55380    
3.15178    
4.47343    
3.18648    
7.94345    
5.96100    
5.91331    
4.92941    
4.43545    
3.20313    
6.91268    
9.87345    
3.98890    
10.06689    
6.46566    
1.10723    
4.61612    
3.04404    
6.06792    
8.02770    
4.13480    
7.08197    
6.85587    
7.45246    
7.97881    
0.12454    
8.99873    
3.05411    
2.23858    
4.06688    
3.92588    
6.04412    
2.15752    
6.98489    
8.86886    
7.89996    
7.90543    
6.17028    
6.83632    
5.00598    
3.00968    
3.94200    
5.04357    
7.84705    
3.05149    
6.01100    
4.03881    
5.93978    
5.12947    
3.54738    
4.07024    
7.80776    
6.97523    
5.84681    
3.83363    
3.45537    
7.82339    
3.83498    
3.02490    
2.90094    
3.96325    
5.02472    
4.12916    
4.51684    
7.49174    
3.06519    
2.59273    
5.60236    
1.68296    
5.07301    
7.36080    
4.08903    
-0.04719    
4.93989    
4.81856    
6.91807    
6.11882    
5.51751    
4.77285    
3.48086    
3.20898    
5.93189    
3.99551    
3.51792    
4.52159    
3.54964    
7.28735    
5.13083    
7.30273    
6.08464    
4.53989    
5.90421    
7.00270    
7.93102    
6.82146    
4.13041    
4.09187    
5.98100    
6.50594    
4.10911    
4.46599    
6.13496    
3.97075    
9.88859    
5.54510    
3.28554    
4.01769    
4.90356    
2.15110    
4.00737    
5.64229    
8.84679    
1.07111    
8.96545    
3.35001    
5.61262    
8.01955    
4.15516    
6.46459    
4.89433    
5.96411    
3.54530    
8.07690    
2.65027    
1.63406    
5.99691    
4.83138    
5.32270    
7.04458    
5.07556    
2.49962    
0.15008    
5.89387    
5.83891    
3.96910    
2.61648    
5.45754    
6.81570    
3.97375    
6.00844    
2.98544    
6.38445    
7.06329    
8.96778    
9.46892    
7.85510    
2.06586    
6.31172    
3.03387    
5.21459    
6.09447    
4.96635    
7.91233    
5.38618    
3.54832    
4.45007    
5.58449    
1.05645    
2.12548    
4.37222    
8.80603    
6.81219    
3.95413    
6.55477    
5.94782    
5.94568    
8.45101    
6.44612    
7.83314    
6.01682    
5.11193    
1.13199    
8.89803    
3.95173    
6.02885    
8.93314    
6.54691    
3.04807    
5.93082    
5.40937    
3.98649    
2.69413    
8.77041    
4.93720    
4.44403    
7.78306    
5.43891    
4.94925    
4.69697    
6.37121    
3.09702    
8.05158    
6.54839    
5.84623    
3.52880    
4.80694    
6.90107    
3.06211    
7.89349    
3.93727    
3.94031    
7.82351    
3.96523    
6.90998    
4.88987    
4.55711    
8.32337    
5.50583    
3.82686    
2.51682    
5.94094    
2.33356    
6.98347    
5.99545    
5.07544    
4.00692    
5.98584    
6.86797    
6.35939    
5.14805    
6.47461    
4.96598    
5.04366    
7.06490    
6.36264    
4.02742    
3.03205    
3.81435    
7.65706    
4.68235    
5.44568    
5.03816    
4.35158    
3.51105    
4.85380    
6.99533    
4.38451    
6.84468    
10.00572    
3.95008    
5.93882    
2.58978    
8.57209    
4.03525    
4.89160    
8.92264    
3.41479    
4.01966    
1.15668    
6.99113    
5.21723    
7.93931    
5.04140    
6.86025    
5.54511    
6.18806    
8.01630    
7.00134    
6.85073    
4.23001    
3.99168    
2.19505    
3.05551    
4.89432    
4.16031    
5.03468    
6.47397    
6.53425    
8.61649    
3.72715    
5.89690    
5.95368    
4.61660    
5.49485    
3.84360    
5.28029    
4.05975    
1.34441    
7.88079    
1.20569    
8.03118    
6.10283    
6.08945    
4.99741    
2.85465    
2.97773    
4.55083    
6.88207    
6.36773    
7.77128    
9.93140    
5.56358    
9.36969    
5.87776    
4.02973    
3.04622    
3.92377    
6.95203    
4.05279    
7.77580    
5.76610    
6.12061    
5.28118    
4.03299    
1.33902    
3.93001    
1.15769    
7.92999    
4.96013    
4.49397    
5.08376    
4.89597    
7.54663    
6.91844    
6.09548    
4.50210    
0.71485    
3.92008    
8.87344    
3.93108    
4.47135    
5.94956    
5.01359    
5.28587    
3.95450    
7.98646    
6.47354    
7.92220    
4.87356    
4.10493    
1.27396    
6.91072    
7.93518    
5.95740    
6.58494    
12.73157    
7.05051    
4.01580    
6.90009    
7.80257    
5.38241    
6.54292    
5.26927    
6.44518    
3.95181    
6.87571    
7.94620    
6.77809    
5.04412    
2.44760    
4.06209    
5.79564    
4.58248    
3.07851    
7.87283    
5.97569    
3.40285    
8.81142    
6.90578    
6.11946    
7.12473    
2.05625    
6.46133    
4.09522    
4.92087    
5.98151    
2.90032    
6.97827    
4.11221    
5.15167    
2.98608    
3.48539    
9.83323    
5.05874    
6.99661    
6.17101    
8.31144    
9.98483    
3.93500    
5.03232    
6.41495    
4.45409    
1.12637    
7.08874    
11.33270    
5.49621    
5.75901    
6.32096    
7.34497    
6.94706    
2.02899    
4.06929    
7.00418    
3.38982    
7.06749    
8.12555    
6.91689    
5.37649    
4.87718    
6.47572    
5.99545    
4.02299    
1.05088    
5.96675    
6.14069    
6.96318    
3.95054    
7.02457    
4.41630    
6.87144    
4.94123    
7.96284    
4.07906    
6.05032    
7.98270    
4.51485    
8.81793    
1.89039    
7.94519    
7.39867    
5.42498    
3.64287    
5.57646    
8.94948    
4.10853    
6.52883    
5.91872    
6.25374    
6.01711    
6.98669    
5.57417    
5.93780    
5.45324    
7.01897    
4.56895    
3.99049    
4.04930    
5.05336    
5.00875    
5.45039    
6.50625    
0.93706    
3.36451    
9.93448    
6.92678    
7.97689    
7.93905    
6.82475    
8.96632    
3.45029    
5.93405    
3.98551    
5.93286    
9.77535    
4.96257    
7.77859    
3.94565    
6.01331    
1.04956    
7.88345    
7.95388    
3.54315    
7.95552    
3.98847    
4.54946    
5.41812    
0.15782    
5.04309    
8.98134    
1.64664    
4.85997    
7.88886    
5.98470    
2.66487    
0.60515    
7.99398    
4.91348    
4.90181    
4.56798    
5.49961    
7.42744    
4.96982    
8.81577    
6.71130    
6.01587    
5.22459    
3.57578    
0.05962    
5.85445    
6.54023    
4.60703    
6.30530    
5.86461    
5.35427    
2.57254    
6.59194    
5.32212    
1.56313    
5.11542    
4.54929    
6.86555    
7.98253    
4.29650    
7.05338    
5.31448    
6.15281    
4.05130    
3.03381    
4.97183    
3.05038    
5.95725    
7.01437    
4.10035    
4.08623    
7.73854    
8.98737    
6.94620    
6.04573    
6.22954    
8.34292    
2.16686    
3.09443    
3.01835    
1.14284    
5.46850    
7.84562    
6.92494    
-1.89081    
9.94180    
5.80206    
2.98417    
0.02534    
4.98902    
8.93605    
3.24551    
4.51049    
7.24558    
4.26866    
4.05362    
4.96459    
4.44252    
5.85848    
6.47008    
7.05689    
3.53832    
7.94790    
5.93097    
2.66287    
3.91267    
5.10045    
2.06317    
3.60028    
7.18171    
6.48672    
2.46762    
5.47579    
2.58608    
6.93582    
6.97204    
4.96241    
4.88123    
4.26311    
4.97830    
6.09179    
5.08667    
8.01469    
4.94371    
4.17967    
6.93244    
9.11013    
6.39489    
6.11295    
5.98080    
6.96936    
4.88789    
4.88292    
6.02697    
7.36554    
4.66921    
1.18543    
5.11038    
3.89548    
2.55215    
4.83214    
3.98998    
4.44824    
6.75036    
7.05378    
6.72980    
2.37008    
6.32178    
4.79505    
2.66286    
6.86733    
7.55135    
7.87534    
6.57928    
8.06591    
7.11605    
7.80358    
6.10298    
4.90027    
4.09959    
3.08833    
4.10345    
7.47809    
6.97164    
4.32019    
5.97582    
4.87545    
0.08902    
2.98247    
6.51118    
6.26559    
5.87503    
5.99945    
3.55543    
6.02523    
3.97221    
5.01554    
7.87403    
7.82972    
3.53551    
6.02113    
4.96053    
5.99176    
5.59018    
5.01260    
6.64128    
4.94468    
4.50669    
7.94399    
4.96763    
4.42639    
2.08850    
4.01857    
2.18041    
3.90765    
2.99828    
5.46679    
7.81885    
7.00357    
4.56939    
3.03391    
5.12367    
6.00085    
1.15320    
5.85838    
6.57578    
6.88014    
5.91009    
6.10389    
6.92783    
5.89611    
2.05000    
7.90584    
2.16999    
8.73803    
6.85032    
4.02291    
5.02694    
6.54598    
8.75559    
4.99196    
6.98315    
4.12137    
5.06303    
5.85826    
6.83508    
8.02128    
8.06545    
2.50367    
4.06304    
6.89478    
3.08918    
9.00892    
4.98083    
8.04633    
4.10246    
6.46200    
2.10348    
6.82266    
6.91039    
4.98162    
5.94195    
1.89473    
6.78006    
7.94381    
9.93637    
5.01087    
5.97305    
5.47055    
4.05307    
5.04901    
4.10769    
5.60894    
5.45396    
7.82572    
6.89488    
6.92376    
6.44302    
7.00202    
6.41277    
6.37057    
7.99541    
7.85519    
4.95233    
6.32631    
1.15792    
3.99088    
3.01452    
4.63183    
4.44256    
1.51796    
5.02308    
2.15269    
4.03647    
5.94735    
7.64055    
6.59820    
4.13589    
8.50607    
4.43070    
5.85694    
2.94803    
5.34680    
5.36047    
7.85635    
4.97709    
8.74142    
8.78924    
2.90006    
6.37701    
6.98592    
4.06100    
7.37766    
3.51841    
7.97974    
4.84063    
5.79373    
4.54417    
5.94702    
4.99895    
6.48904    
4.95315    
3.92463    
3.98925    
2.91567    
4.93876    
4.97358    
5.91454    
5.98098    
4.03613    
3.15759    
5.00271    
5.44457    
6.47414    
3.54771    
3.12159    
1.11660    
5.01851    
2.07536    
5.01076    
4.03535    
3.95025    
6.98041    
7.41715    
0.70522    
7.86478    
4.92658    
12.64945    
6.07354    
3.40121    
6.90978    
9.32474    
7.91887    
7.05161    
3.48591    
3.94504    
5.08023    
8.06242    
2.90068    
5.00284    
10.35782    
2.07046    
5.08274    
5.04524    
3.04236    
5.99753    
7.07460    
4.60230    
2.70415    
7.05587    
2.09951    
6.38175    
5.50847    
4.11219    
4.19539    
3.44031    
10.28135    
6.47686    
7.84625    
7.25857    
4.59256    
6.07271    
6.46370    
8.37897    
4.92599    
5.54643    
6.01477    
7.87697    
6.13469    
4.48021    
4.82701    
7.84473    
3.94400    
4.16629    
4.91869    
4.89153    
2.10961    
8.06709    
3.98913    
2.17119    
5.01171    
4.44484    
3.93163    
8.05560    
3.52669    
6.53432    
3.50656    
7.46343    
7.03603    
2.08714    
5.94509    
4.00302    
7.89223    
7.01546    
3.96475    
5.93080    
4.29300    
7.40177    
2.93691    
6.86820    
5.03164    
6.99416    
6.06614    
5.86005    
3.63757    
4.94156    
4.77553    
6.90503    
4.96259    
5.92583    
6.94082    
6.02536    
2.99732    
6.92367    
8.91654    
2.13275    
5.81981    
4.00207    
2.97743    
4.61175    
6.05464    
3.00911    
3.08480    
5.01246    
5.02941    
7.03633    
5.00939    
8.80692    
4.04100    
6.03173    
4.02491    
7.48729    
7.05658    
2.54159    
4.53507    
5.00742    
7.48769    
5.95626    
5.97993    
2.68123    
5.88748    
7.01187    
6.99646    
5.42969    
5.02639    
5.97515    
5.99763    
5.05371    
8.02681    
6.98901    
4.12669    
6.87620    
6.04948    
4.13589    
7.48929    
1.19964    
4.90911    
5.22081    
4.41875    
7.41644    
2.09988    
6.57433    
4.92984    
3.14280    
3.49429    
7.86175    
5.38934    
7.06834    
5.17934    
3.92508    
2.98622    
4.07237    
6.00372    
7.08760    
5.84881    
9.42367    
4.00010    
6.35478    
5.84265    
4.26237    
6.89750    
2.96125    
2.02637    
6.91706    
2.10274    
4.09008    
6.04315    
7.06472    
2.95857    
5.22063    
3.72546    
6.60448    
5.81301    
6.03384    
5.90561    
7.38415    
6.08874    
3.51246    
5.43284    
4.44830    
6.06029    
3.99853    
4.36337    
8.00742    
7.36287    
6.35912    
4.94729    
3.49350    
5.89754    
5.58588    
1.14861    
4.80545    
7.02406    
3.61412    
3.05967    
9.31421    
7.98096    
5.83327    
5.16503    
6.40823    
4.85122    
3.09489    
4.52730    
6.89672    
4.00380    
3.02671    
8.99672    
2.08803    
2.92276    
5.35132    
7.94719    
4.02209    
5.03824    
7.85589    
3.56349    
2.43347    
6.50737    
4.30873    
6.12086    
4.89904    
1.66452    
5.51378    
6.95108    
7.78059    
6.99395    
4.49984    
5.55316    
5.94019    
6.08868    
7.93361    
9.43688    
2.25748    
5.03151    
6.99823    
7.02524    
9.89025    
5.64451    
6.98463    
5.91314    
5.87890    
8.06077    
5.97536    
2.57597    
5.80608    
4.03490    
6.03516    
6.86678    
2.08344    
8.93552    
7.84844    
9.87924    
2.99767    
7.07319    
3.97621    
5.03816    
6.86941    
4.48380    
6.03012    
3.17491    
7.40309    
6.91648    
8.46781    
4.96435    
1.08800    
5.08198    
4.89922    
4.64931    
7.01437    
5.08788    
8.96155    
4.98175    
6.00042    
3.43154    
7.95342    
7.50366    
9.99983    
0.99767    
6.38207    
3.15913    
8.08424    
6.92286    
6.44523    
4.51596    
4.15229    
1.64330    
11.91681    
4.83732    
6.79800    
4.88995    
2.43741    
6.07094    
6.78279    
6.86649    
6.59817    
7.74633    
5.91177    
6.00373    
5.51453    
7.84533    
6.05971    
2.93046    
4.17892    
5.00151    
7.07117    
7.03787    
4.08716    
7.77306    
3.69583    
2.98680    
6.92234    
6.07861    
4.47134    
2.05102    
8.39186    
6.97414    
4.08321    
2.92470    
5.56931    
5.49524    
2.02531    
5.03224    
4.94122    
5.10969    
8.46639    
6.55327    
0.04405    
4.55695    
6.01088    
7.90220    
4.49714    
4.05291    
6.36021    
4.00473    
7.92011    
4.88609    
5.96479    
6.99659    
4.97971    
8.09159    
4.59098    
6.51365    
2.10635    
7.82930    
6.87158    
5.06130    
3.11139    
7.02723    
5.87931    
5.88112    
10.00400    
7.96212    
5.04100    
4.21332    
4.49563    
4.03677    
5.97491    
7.03219    
9.88657    
6.03892    
5.14002    
2.11929    
8.41610    
3.90204    
3.60938    
4.65613    
10.20881    
3.08978    
6.85900    
1.97159    
5.12545    
3.96790    
1.18151    
10.39602    
6.00630    
5.08876    
3.93773    
5.15512    
7.85450    
2.18073    
1.15710    
3.47442    
5.96299    
3.00011    
8.01316    
9.01301    
9.97851    
5.95296    
6.88893    
3.99122    
10.15608    
5.07540    
8.01683    
6.15638    
5.86518    
4.52276    
8.33530    
6.59362    
5.92930    
6.92366    
5.43232    
9.42781    
2.59638    
5.98941    
7.92198    
3.99485    
7.99720    
4.07318    
6.48528    
4.87979    
0.45694    
7.95400    
2.49001    
-1.05142    
4.48611    
4.07375    
7.59795    
4.03412    
8.49537    
6.33350    
1.19544    
0.87135    
7.12065    
4.00958    
3.05214    
7.36392    
7.84067    
4.00179    
5.57350    
7.03102    
5.04701    
3.99003    
4.95031    
6.93622    
8.88008    
5.99220    
3.07311    
7.03110    
8.00900    
2.60711    
6.39867    
5.97563    
4.91906    
6.60168    
1.10155    
6.00239    
5.00057    
5.04451    
1.91242    
5.96045    
0.66941    
3.53999    
2.97734    
2.98622    
1.07875    
4.03765    
5.89368    
4.43759    
6.97782    
5.00410    
4.05481    
3.80693    
3.03126    
3.04318    
4.01052    
3.69222    
5.02858    
6.33292    
6.87898    
9.88801    
7.10785    
2.81916    
6.02529    
9.89947    
3.96165    
7.05168    
2.94838    
1.66968    
4.87295    
11.73194    
5.96089    
8.38288    
3.14515    
1.10686    
5.93027    
2.99681    
6.31843    
5.13799    
7.78965    
4.99472    
6.79796    
6.86773    
6.46198    
5.93888    
6.10569    
4.04428    
5.97756    
5.66339    
6.45807    
5.86792    
5.02423    
5.88660    
3.83547    
5.02632    
9.13489    
6.02361    
7.08165    
8.03576    
3.86930    
4.93121    
6.83585    
1.02073    
3.62005    
5.91857    
5.97383    
2.28286    
4.13400    
5.53431    
2.59716    
4.02201    
10.01473    
6.34967    
5.12222    
5.91832    
3.07790    
6.01428    
2.99899    
0.22898    
4.50061    
5.06032    
6.46847    
7.87677    
4.04547    
7.69699    
3.96102    
4.01815    
4.81821    
3.85259    
6.88127    
2.08875    
6.11579    
8.37733    
8.53717    
4.06533    
4.53556    
5.96926    
3.47531    
2.17458    
5.03970    
4.93527    
2.52254    
7.81424    
7.86357    
6.89795    
8.00047    
2.51640    
3.64878    
6.48677    
5.98138    
4.94288    
8.02248    
4.01920    
6.69542    
1.16538    
5.47888    
3.94944    
1.94743    
4.88993    
4.94348    
6.36848    
6.37784    
7.43085    
4.07229    
3.00870    
4.87584    
4.79461    
5.99143    
5.90893    
4.96662    
1.27295    
7.38836    
4.47217    
4.57350    
6.93897    
7.96888    
7.06243    
8.87052    
2.91059    
1.05025    
5.99396    
4.05860    
8.36998    
4.98302    
8.39784    
4.39869    
1.63644    
4.97144    
2.56684    
5.04045    
2.11612    
4.53848    
3.98811    
6.90019    
8.40107    
7.83135    
6.99122    
8.67002    
5.02870    
4.15640    
7.92691    
5.88913    
4.01397    
3.00596    
4.89441    
5.59779    
5.53199    
2.35033    
4.53325    
7.46884    
3.93794    
6.59442    
5.94118    
5.15329    
8.31856    
3.60998    
4.77889    
6.56203    
5.88492    
3.42346    
4.14411    
5.00684    
5.08400    
4.84242    
9.89464    
5.44692    
4.92430    
10.76959    
3.11353    
5.09764    
10.00282    
4.10675    
7.09744    
1.28544    
5.04058    
-0.09142    
4.85550    
8.81272    
5.92702    
4.13162    
6.37077    
4.00026    
7.04861    
7.11839    
5.93077    
2.95785    
6.84935    
3.13822    
2.05034    
2.13108    
5.59653    
2.11340    
5.90125    
5.06443    
7.93241    
2.98966    
5.98456    
6.14513    
4.04659    
6.39234    
8.71785    
4.06795    
6.94539    
4.05073    
2.98062    
6.98231    
6.04094    
5.51191    
6.94738    
7.06987    
7.18470    
5.49365    
6.95244    
7.76109    
6.48653    
8.87096    
5.43487    
5.28169    
4.84158    
3.92116    
5.98616    
5.55296    
2.10962    
3.43205    
4.07125    
4.01680    
7.10026    
7.00502    
6.02390    
6.01627    
8.92134    
6.94794    
6.96332    
6.07078    
7.08174    
5.01035    
6.04679    
7.06621    
4.90850    
6.07477    
7.10230    
7.07816    
4.06556    
5.45798    
4.06917    
2.20581    
3.06283    
6.89800    
6.80829    
10.78436    
5.95088    
0.94123    
3.49051    
7.01510    
1.18519    
7.01458    
3.07641    
3.01150    
8.96431    
4.96416    
9.70388    
2.97140    
4.00564    
5.41329    
7.99004    
6.08655    
5.91411    
4.93684    
3.98382    
4.41005    
4.98595    
3.05868    
2.08403    
6.51095    
9.46867    
4.62519    
7.99527    
13.74149    
4.96174    
10.24331    
6.62523    
5.32637    
5.79171    
7.51879    
2.53004    
8.46273    
2.51009    
1.04971    
6.31034    
6.00783    
1.12992    
2.92973    
2.14455    
4.39903    
6.00591    
7.52574    
2.60552    
4.94589    
6.81996    
8.12244    
4.92479    
5.03095    
3.00446    
3.90184    
6.09033    
2.56739    
5.87399    
3.11736    
5.61906    
6.27639    
3.15019    
6.03823    
4.56772    
6.55389    
4.95112    
3.12266    
6.93944    
8.90240    
5.59923    
6.33154    
5.99612    
6.13583    
7.00328    
10.83979    
5.93128    
6.96010    
9.37975    
6.04915    
6.86605    
3.52436    
9.97259    
5.02091    
2.53219    
5.94962    
2.16531    
2.04275    
6.44489    
1.99236    
7.94886    
2.49622    
6.14553    
5.05016    
7.03606    
3.05631    
2.03337    
9.80149    
4.02781    
3.08977    
4.32626    
4.99763    
6.92062    
5.84925    
4.44730    
7.85404    
4.93375    
5.45253    
6.80940    
8.93425    
8.71582    
7.07083    
1.15122    
7.00128    
5.89297    
6.38707    
6.75122    
7.79765    
8.85874    
5.89645    
8.59724    
1.98462    
4.00174    
4.80563    
5.86836    
5.52180    
3.92650    
3.23754    
6.00817    
6.48349    
4.84057    
5.91684    
3.60735    
6.39416    
3.05059    
5.38709    
7.95438    
1.94622    
7.02003    
3.51017    
2.99633    
