0.96768    
0.77727    
-1.44061    
1.21397    
1.12620    
1.02956    
0.28918    
-0.46192    
1.72072    
0.48175    
0.98220    
0.49857    
0.26789    
1.00516    
-0.27468    
0.54033    
0.23798    
0.76459    
1.00450    
1.46723    
1.75112    
0.24857    
0.27294    
0.75644    
0.71802    
0.96910    
0.24661    
0.74853    
-0.23998    
-0.62643    
0.94939    
0.26647    
-0.02363    
1.68745    
0.99200    
-0.55648    
0.02383    
0.28192    
-0.64876    
-0.03231    
1.93456    
0.73393    
1.01367    
1.44333    
0.20699    
-0.20646    
1.01113    
0.77303    
0.23204    
-0.02025    
1.51263    
2.66745    
0.23108    
0.50067    
2.15036    
1.43346    
-0.74595    
1.16828    
0.70828    
0.50775    
0.30003    
-0.23953    
-0.24342    
1.44977    
1.97274    
0.48361    
0.27789    
1.73182    
0.91035    
1.65577    
1.21382    
0.73641    
-0.24392    
0.94077    
1.97365    
0.06084    
0.20055    
1.50151    
1.51746    
0.03689    
0.24170    
1.49416    
0.99486    
1.26235    
0.51039    
0.44598    
-0.22338    
1.18852    
0.50858    
1.68779    
-0.01857    
-1.17502    
0.60337    
-0.00359    
0.78261    
-1.62258    
1.41419    
0.22493    
0.04433    
1.73407    
0.47478    
-0.24623    
1.53401    
0.50158    
-0.05415    
-0.05971    
0.00212    
1.68636    
-1.13112    
0.50072    
0.04999    
1.42145    
-0.49743    
0.40887    
-0.22120    
1.44510    
0.72162    
0.27004    
0.19546    
-2.14058    
2.46531    
1.02058    
0.25656    
-2.39951    
0.51892    
-0.91369    
1.66714    
-0.49502    
1.26684    
0.02477    
0.19028    
0.89382    
1.17494    
0.04609    
0.54307    
2.70992    
-1.15886    
-0.44456    
1.48304    
1.19795    
0.94655    
0.50695    
1.13179    
0.52341    
-1.12720    
1.03089    
-0.26398    
-0.22851    
0.72451    
-1.15499    
-0.16984    
-0.71144    
-0.01839    
1.20326    
1.96901    
0.72734    
0.96062    
1.65564    
1.45142    
-0.25256    
0.73776    
0.32301    
0.28497    
0.52072    
1.03830    
0.92487    
0.51551    
0.47848    
1.91660    
2.44326    
0.25648    
0.59586    
0.97555    
0.92847    
3.41126    
-0.47626    
1.46719    
-0.44811    
-0.73572    
0.93325    
1.98536    
1.74113    
1.02006    
1.44448    
0.49631    
0.04640    
-0.01634    
-0.73675    
2.13306    
0.27619    
0.18364    
-0.24895    
-0.40898    
1.37909    
0.02527    
1.70219    
1.69278    
1.74797    
0.94219    
0.24998    
0.28104    
1.51818    
2.19226    
2.14953    
0.79350    
0.49865    
1.71258    
0.82075    
2.96805    
-0.22108    
1.17679    
2.70160    
1.70233    
-1.17684    
1.73857    
-0.97411    
0.31110    
0.72994    
1.73456    
1.94682    
0.47769    
0.97064    
0.95697    
0.20649    
2.24354    
0.96277    
2.44317    
0.50572    
-0.70861    
-0.72838    
0.24470    
-1.14817    
-1.44595    
1.25440    
0.27257    
1.20960    
0.39687    
1.22349    
1.44481    
1.46000    
1.49732    
-0.00737    
-1.20799    
0.96119    
1.00445    
1.24924    
1.93718    
-0.46131    
0.70197    
0.47823    
1.24550    
0.75714    
2.20584    
0.48682    
-0.96165    
-0.70582    
0.04857    
0.50579    
0.56514    
0.44396    
0.22845    
-0.24269    
0.99498    
1.18296    
1.49889    
-0.15583    
-0.66699    
2.91709    
1.20374    
1.66504    
-1.15785    
1.24274    
1.46492    
1.69284    
1.66229    
1.93955    
0.94521    
-1.68004    
1.54567    
0.77300    
0.95794    
-0.66025    
0.76526    
1.88470    
1.66334    
-0.66508    
2.15257    
-0.50837    
1.70634    
2.63113    
0.77428    
-0.49104    
0.47445    
2.44476    
0.01191    
0.51617    
0.23533    
1.42269    
0.50683    
1.41709    
1.42679    
0.51195    
-1.18569    
0.76448    
1.93414    
0.48771    
-0.22532    
-0.70362    
0.98575    
1.94554    
0.29324    
2.44810    
-0.47984    
0.21573    
0.79327    
-0.02690    
-0.23067    
1.68044    
1.24970    
-0.67414    
0.96616    
2.04347    
1.41998    
-1.38712    
-0.46628    
0.76228    
0.79586    
1.02786    
1.25022    
-0.19483    
0.45520    
-1.18264    
1.48828    
0.76112    
0.20957    
-0.65015    
0.74744    
-1.41518    
1.46334    
0.54939    
2.45483    
0.01622    
-0.76811    
0.48055    
1.74905    
-0.22652    
2.19936    
0.23755    
1.44576    
-0.72630    
-1.48921    
-0.18305    
1.48448    
-0.21443    
-0.48579    
0.24548    
0.96370    
-1.17530    
1.67744    
0.82423    
1.01180    
1.47454    
0.54747    
-1.19946    
0.43547    
1.18094    
-1.14608    
2.96180    
0.80168    
1.90127    
-0.98716    
0.95682    
2.42692    
-0.46041    
1.41771    
0.75445    
-1.15125    
1.65676    
1.18600    
-0.21950    
0.98404    
0.03260    
-0.19579    
0.67817    
2.38186    
0.74759    
2.64346    
0.98124    
1.17740    
-0.22079    
0.29932    
-0.19425    
0.26786    
-0.69255    
-0.20791    
0.66763    
0.00058    
0.76446    
-0.89485    
0.27724    
0.98383    
2.17662    
-0.47729    
0.97241    
-0.19812    
0.06468    
0.23802    
2.02188    
1.19688    
2.18868    
0.02795    
0.75409    
-0.29973    
-0.91431    
0.53449    
-0.45488    
-0.23617    
0.95655    
0.53724    
-0.39666    
1.43586    
-0.44463    
0.25662    
0.00139    
0.28490    
1.02486    
1.45911    
0.52574    
-0.96251    
0.74351    
1.62076    
0.49510    
1.72275    
0.72283    
-0.21859    
2.38861    
-0.90573    
0.98468    
0.54236    
0.97254    
-1.42498    
-0.94534    
-0.69421    
0.51825    
-0.68881    
0.33026    
1.49439    
-0.20247    
0.72365    
2.66700    
2.68784    
0.55222    
0.74769    
-1.44168    
-0.40295    
2.42823    
1.49380    
2.41240    
0.02214    
0.77223    
1.26379    
0.31683    
0.50984    
0.25961    
0.48340    
1.03440    
1.16221    
0.71607    
0.48561    
-0.46985    
3.65929    
0.02832    
2.66878    
1.97586    
0.03747    
0.77287    
0.75896    
2.12804    
-0.63286    
0.49127    
0.26505    
1.40478    
0.39503    
1.70837    
0.50911    
-0.50361    
4.51417    
1.24510    
1.17489    
0.27021    
-0.92132    
0.76530    
3.18200    
-1.88339    
1.22871    
1.49560    
-0.01714    
0.04519    
1.18408    
0.26985    
-1.15994    
0.20623    
-0.66619    
-0.66551    
2.14183    
-0.91174    
0.47014    
0.48609    
0.52258    
-1.17178    
1.27760    
1.25115    
0.23334    
1.70743    
1.23285    
0.28540    
0.46305    
-0.71557    
-0.22340    
2.24369    
0.52891    
-1.42080    
0.78627    
2.20359    
-0.00415    
0.30231    
0.24550    
-0.04597    
-0.46112    
0.96414    
1.20862    
-1.97710    
0.81971    
-0.21489    
1.20825    
0.01394    
2.45988    
0.49185    
0.00348    
1.02332    
1.96884    
2.09929    
1.67321    
-1.40910    
1.05176    
2.16662    
2.07066    
2.86516    
0.26128    
1.21081    
-0.19987    
0.76414    
1.27120    
0.91475    
0.05888    
-1.73145    
0.78686    
0.90934    
1.94668    
-0.15016    
-0.71142    
-0.40792    
1.04419    
-0.75918    
0.75240    
0.96845    
1.25715    
0.99945    
1.19364    
3.43099    
1.00962    
-0.23718    
1.00770    
0.72408    
-0.92802    
-0.23598    
0.28221    
-0.72888    
1.68124    
0.98194    
0.96691    
0.02280    
1.94735    
1.43427    
0.98549    
2.87443    
0.69678    
1.94395    
1.19804    
0.97412    
-0.21015    
-1.90162    
0.27273    
1.88831    
-0.27354    
-0.43232    
1.24198    
0.24511    
1.52454    
-1.37158    
0.98274    
0.52899    
-0.23177    
1.48071    
0.79173    
0.75712    
1.02040    
-0.72011    
0.78056    
0.55962    
1.99983    
-0.70225    
0.71799    
0.75950    
1.02621    
0.30224    
-0.69402    
1.44819    
-0.23720    
1.65499    
-0.45538    
1.48927    
-1.13473    
1.92280    
-1.42239    
-0.69592    
1.46380    
2.87116    
0.47711    
-0.45949    
-0.03057    
1.43388    
-0.43568    
1.06073    
0.65439    
2.82468    
0.49485    
-0.47054    
1.20367    
0.43100    
2.17646    
2.42917    
-1.39118    
0.73755    
0.51204    
1.46182    
1.25419    
-0.88696    
2.14818    
0.55854    
-1.50266    
1.65849    
-0.45613    
0.45432    
-2.40300    
-0.42439    
0.04271    
0.51879    
0.68805    
2.66901    
1.71487    
1.41623    
0.28744    
1.64735    
2.14497    
0.26626    
-0.67905    
0.50592    
-0.23710    
-0.48853    
-0.68057    
1.70427    
0.51122    
0.75529    
2.16662    
0.50109    
0.46097    
-2.12312    
0.73896    
1.22618    
-0.20969    
-0.23668    
0.58714    
-2.33675    
-0.67958    
1.69398    
0.82281    
1.41459    
2.14535    
1.44749    
1.23130    
-0.01111    
-0.06735    
0.02953    
1.02795    
0.24413    
1.02591    
0.74394    
0.80347    
0.04374    
0.97877    
-0.46961    
0.76516    
3.12229    
2.15242    
0.28851    
-0.95088    
1.43691    
1.26177    
0.03191    
-1.23399    
0.70951    
1.72402    
0.00511    
1.19767    
-0.28797    
-0.69572    
2.12997    
-1.19567    
-0.53161    
0.57704    
1.19892    
-0.49048    
-0.19692    
0.72974    
1.16917    
0.98555    
0.00741    
-0.25441    
0.70753    
0.49746    
0.00364    
0.73522    
0.95717    
2.68351    
1.98925    
0.31955    
0.51054    
1.28290    
2.48736    
-0.68812    
-1.66607    
-0.23388    
0.65449    
0.51484    
0.26941    
1.24650    
0.96128    
-0.53023    
0.69129    
-0.48831    
-0.25589    
-0.69817    
-0.19152    
1.18711    
0.01079    
-0.90775    
0.45471    
1.69711    
1.45501    
-0.39745    
-0.13747    
0.29914    
3.58504    
-0.45337    
0.98836    
-1.42866    
1.01093    
1.47599    
0.74754    
0.51101    
0.50861    
-1.21106    
-0.70255    
0.76685    
0.81876    
0.02127    
0.03887    
-0.02797    
0.48551    
0.04911    
-0.22761    
-1.17803    
0.95206    
0.47527    
1.71641    
-0.90940    
-0.48179    
0.02979    
1.22126    
2.22450    
-0.24588    
-1.36529    
1.46788    
2.89373    
1.56881    
-0.87103    
1.43093    
-0.73542    
0.52153    
-0.67239    
-1.63981    
-0.45176    
1.71205    
0.68790    
2.63137    
0.71021    
0.71345    
2.45810    
0.34296    
0.49203    
0.49734    
-0.45344    
0.74203    
0.18726    
1.21880    
-0.47864    
3.66012    
0.48873    
-0.46453    
2.65498    
2.21935    
1.95664    
1.01624    
-0.94248    
0.95447    
-0.44130    
-0.70638    
0.00832    
3.12600    
0.73524    
-0.21819    
0.49512    
1.88285    
1.62181    
-1.67711    
0.99531    
1.24049    
0.03960    
-0.26279    
1.19249    
-0.21795    
-0.46220    
0.70031    
1.13345    
1.67037    
-0.70116    
0.54443    
-0.69484    
0.78196    
-0.46618    
0.98738    
0.22872    
-0.89374    
-1.61498    
1.22052    
0.96832    
2.17968    
1.23509    
0.30453    
1.22973    
0.95057    
0.47890    
0.02204    
-0.44280    
1.18338    
0.00312    
-0.73765    
-0.20973    
1.00330    
-0.43739    
-0.70521    
1.65645    
-0.21634    
-0.75308    
-0.17146    
-0.43950    
1.43820    
0.25789    
0.81219    
-0.01521    
0.04999    
-0.03243    
0.22575    
0.01320    
0.44450    
1.96509    
-0.87026    
0.28326    
2.52020    
0.54378    
0.74929    
0.72352    
-0.00499    
1.28724    
0.98134    
-0.76529    
1.23111    
0.04837    
2.22287    
0.24034    
0.02333    
1.92609    
-0.47166    
0.73145    
1.75526    
0.79904    
1.46265    
-0.69960    
-0.76132    
-0.50067    
-0.67427    
1.53800    
0.10083    
-0.14222    
0.71108    
-0.98807    
-0.94321    
1.52155    
1.46234    
-1.14077    
0.51376    
0.97346    
1.02454    
1.31091    
0.49732    
0.75405    
0.25371    
0.78884    
0.74083    
1.42954    
0.45486    
-0.47716    
1.95767    
2.43130    
0.27434    
-0.42133    
2.20844    
-0.89755    
0.68635    
0.73969    
0.25883    
1.70269    
0.25148    
0.95088    
-0.00963    
0.76174    
0.50762    
3.38919    
1.08706    
0.48081    
1.93689    
0.91812    
0.51012    
0.74166    
0.03390    
-2.12250    
-0.99141    
2.19207    
1.00487    
1.22309    
1.98331    
-0.68474    
-0.53634    
0.72361    
-0.03856    
-0.22857    
0.48326    
1.44964    
1.15727    
1.02713    
0.04131    
-0.73996    
0.28202    
-1.00712    
0.04021    
1.19768    
-0.46161    
0.28338    
0.25393    
0.27182    
-0.23208    
0.52349    
-0.65934    
1.29463    
0.03480    
1.28673    
1.47806    
2.85720    
1.44622    
1.21017    
0.27302    
-0.62610    
1.26290    
-0.95887    
-0.43987    
1.28779    
-0.70507    
0.52337    
0.72260    
0.51266    
-0.23800    
0.69799    
2.43024    
2.19080    
0.17103    
-2.19769    
1.79212    
1.23739    
-0.52081    
0.25888    
1.54525    
1.24791    
1.90902    
2.40662    
-0.48198    
1.92351    
-0.56887    
0.01713    
0.77748    
-0.69017    
0.05868    
1.21912    
-0.92766    
0.31749    
-1.20992    
0.72464    
0.26830    
0.02819    
1.65479    
0.74348    
-0.21392    
-0.76686    
-1.00306    
1.53328    
0.76078    
0.81754    
0.96959    
1.68137    
1.43248    
2.49549    
2.41477    
-0.67981    
-0.21816    
-0.73899    
0.49524    
0.47865    
1.89896    
0.95438    
-0.44775    
0.02842    
0.22665    
0.29035    
2.62485    
2.38982    
2.16355    
0.20100    
2.19491    
1.87176    
1.18206    
0.18076    
-1.87607    
1.45524    
0.24828    
0.92621    
0.52858    
0.73294    
-0.65442    
0.74702    
1.71483    
-0.40793    
1.19182    
0.69409    
-0.49465    
0.76499    
-0.18168    
-1.39001    
1.45027    
1.46538    
0.25565    
1.75280    
0.51632    
1.47530    
0.47574    
2.39041    
0.75384    
0.52371    
-0.65556    
-0.25662    
0.52497    
-0.24752    
-1.47524    
2.21064    
1.69681    
0.76070    
-0.41396    
-1.24915    
0.81503    
0.52196    
1.45335    
1.69556    
-0.42501    
0.45471    
1.17520    
0.98104    
0.96876    
0.89548    
1.23474    
-0.98338    
1.87734    
1.00473    
-1.41549    
-0.70135    
0.43687    
0.94839    
-0.40715    
-0.69510    
1.24898    
-0.45251    
0.44198    
2.44277    
0.95709    
2.21636    
-0.67249    
0.96315    
1.40978    
-0.27931    
1.73805    
0.91597    
2.00327    
0.49062    
0.78878    
0.48058    
0.70927    
-0.69261    
-0.93921    
0.73168    
1.00637    
1.47101    
0.21672    
0.30326    
0.96897    
0.28965    
-1.15253    
0.52186    
-0.43772    
1.41089    
0.98193    
1.50366    
0.71700    
0.02740    
1.41987    
0.25260    
1.49146    
3.38074    
0.28937    
0.29582    
-0.02273    
1.25534    
1.20614    
-0.30115    
0.54394    
0.48968    
-0.48923    
1.43136    
2.70109    
1.23467    
0.77119    
0.29355    
0.06944    
0.21989    
0.24938    
1.63201    
0.04387    
0.04322    
0.97182    
0.74877    
0.47233    
0.19404    
1.97302    
1.45117    
-0.47501    
1.70819    
1.53759    
-0.88914    
-2.13117    
0.05896    
1.21497    
-1.17280    
0.46991    
0.01764    
1.72010    
1.20604    
0.26960    
-1.68880    
1.50747    
-0.96385    
-0.22209    
-0.21289    
-0.03947    
-0.23873    
-0.73414    
-1.90741    
0.19463    
-0.24055    
-0.15952    
0.04927    
0.99546    
2.40560    
1.71154    
0.76509    
-0.21377    
1.49175    
-0.23951    
-0.95200    
0.74720    
0.52045    
0.07482    
0.50580    
0.53535    
1.92520    
0.27379    
2.43597    
0.06719    
2.06755    
-0.96330    
0.29955    
-1.18004    
-1.35628    
-1.14336    
-0.22067    
1.22953    
-0.69282    
-0.02077    
-0.00845    
-0.63904    
1.20720    
1.01879    
2.89166    
-0.46284    
2.21309    
-0.68222    
-0.49775    
1.51118    
0.72297    
0.53457    
1.46963    
0.97634    
1.23188    
1.24160    
1.46705    
1.91119    
0.99405    
0.97427    
0.10652    
-1.21222    
0.24762    
-0.27537    
0.76285    
-0.63246    
-0.70563    
-0.19945    
1.69096    
1.48402    
1.42697    
1.02702    
0.94045    
-0.50716    
-0.22270    
-2.37838    
0.47930    
0.51491    
1.17206    
0.51963    
1.76124    
-1.40912    
-0.66999    
0.23898    
1.22016    
0.02286    
0.00961    
0.49913    
0.76565    
1.71872    
-0.06128    
2.83037    
1.24016    
2.61685    
-1.21508    
0.04868    
0.02123    
0.27236    
2.15192    
1.31036    
-0.01002    
1.18050    
0.99152    
0.76329    
0.75742    
0.71957    
2.36895    
-2.14865    
1.69246    
-0.67273    
1.01878    
0.46561    
-0.00473    
0.73230    
0.70751    
-0.91947    
0.75495    
0.25242    
1.66111    
0.97543    
-1.94892    
-0.94088    
1.28381    
-0.40989    
0.27003    
1.43369    
0.02433    
1.73906    
2.46099    
0.71628    
0.97995    
1.53068    
0.95860    
1.50095    
-1.44086    
0.21104    
0.67094    
-0.89394    
-0.48119    
-0.52183    
1.45342    
-0.02999    
-1.71168    
-0.89688    
1.69936    
-0.26482    
1.25998    
1.72461    
0.27668    
0.79755    
-0.23865    
0.02962    
-0.19900    
1.22437    
-0.52772    
0.73224    
-0.88392    
-0.20970    
0.01164    
0.25084    
1.24712    
0.27407    
-1.16181    
0.71510    
0.27409    
0.02943    
0.96703    
1.45769    
0.04319    
0.02790    
2.14106    
0.25308    
1.96999    
-0.00816    
-0.44972    
-0.02484    
-0.97741    
0.00455    
-0.42875    
0.77053    
-0.48235    
1.91655    
-0.13393    
1.88656    
-0.92279    
-0.42469    
-0.41324    
2.42663    
0.26051    
0.27280    
0.27465    
1.92778    
-0.69047    
2.19270    
0.17037    
1.02246    
1.95986    
-0.44141    
0.71065    
0.97696    
-0.21470    
-1.89816    
-1.37867    
-0.99041    
0.77146    
1.46167    
3.61216    
1.70325    
1.26291    
0.57386    
-1.43114    
0.54245    
0.28759    
0.01993    
0.01284    
0.01167    
0.77793    
0.78604    
-0.02108    
-0.24809    
0.56173    
0.96553    
1.67499    
-0.24012    
0.73630    
0.94454    
1.42836    
-0.96019    
0.67528    
2.46573    
-0.26620    
0.09089    
0.43476    
1.44501    
0.72408    
-1.89296    
0.98879    
-0.47015    
1.51449    
0.93507    
0.28481    
1.28480    
1.73126    
-0.02985    
-1.10089    
1.67490    
2.45754    
0.62371    
-0.41530    
0.76575    
1.18246    
0.68818    
0.77213    
0.77969    
1.16601    
0.51694    
-0.43282    
2.22182    
-0.69214    
0.53267    
0.53408    
1.23874    
0.29167    
0.21219    
0.99264    
1.21640    
0.49227    
-0.91249    
1.74203    
0.26379    
-0.71610    
-0.15867    
-1.93071    
0.77898    
1.01896    
-0.65436    
0.30171    
0.71119    
-0.24495    
-1.16982    
1.75586    
0.52549    
-1.20024    
-0.38839    
0.75994    
1.22408    
0.27685    
0.03566    
-0.39924    
1.50879    
0.05040    
-0.43510    
0.57540    
1.43288    
0.50750    
-0.70731    
0.71841    
1.24413    
1.20606    
0.30213    
1.15723    
2.25261    
1.67540    
0.72949    
0.74807    
1.21391    
1.92352    
1.03669    
0.21510    
0.33332    
0.74537    
-0.25068    
0.89897    
-0.95859    
2.44386    
1.46432    
1.15864    
-1.91869    
1.68590    
-0.73131    
0.02793    
-0.01259    
-0.91143    
0.53090    
-0.45200    
1.74839    
0.49804    
-1.25247    
-0.45758    
-0.01358    
1.45547    
1.73024    
-0.00748    
0.23029    
2.92266    
-0.41108    
-0.71008    
1.65126    
1.25690    
0.70141    
0.24315    
1.69973    
-0.71305    
-0.17360    
1.27535    
-1.39861    
-1.46864    
3.41522    
-1.90152    
-0.97615    
0.67493    
0.06822    
-0.75695    
0.47751    
-0.90016    
-0.72128    
-0.19832    
0.54468    
-1.67189    
-0.03527    
0.94160    
1.71741    
1.50491    
1.69746    
1.20673    
0.49238    
0.03970    
2.01089    
2.47979    
-0.66489    
1.51471    
0.51033    
1.21959    
0.71315    
1.94666    
-0.21335    
1.46757    
-0.20513    
-0.68777    
-1.20722    
-0.50037    
0.50204    
1.41789    
0.95280    
1.21824    
0.72447    
-0.68001    
1.50009    
-0.49680    
3.09832    
-0.93724    
0.28863    
0.45709    
1.23931    
0.52210    
0.48041    
0.51131    
0.30861    
0.75098    
2.91969    
1.67791    
0.25824    
0.72977    
-0.02600    
0.44807    
1.89605    
0.79070    
0.28094    
1.50381    
1.39564    
1.39870    
-1.67671    
-0.45785    
1.94333    
1.92225    
0.31403    
2.44705    
2.23050    
0.75338    
-0.46593    
1.50310    
0.75741    
0.51199    
0.26973    
1.49055    
-0.76330    
0.25832    
0.00877    
0.26913    
-0.98399    
0.82580    
0.99775    
0.75859    
0.77546    
1.69982    
1.94584    
1.50969    
-0.00494    
-2.11720    
0.55877    
-0.43471    
0.25210    
-0.66740    
1.01960    
0.97377    
1.45969    
2.64968    
0.51720    
1.75840    
1.23648    
1.43827    
0.45085    
0.99579    
0.25308    
-0.43333    
-1.66510    
0.97349    
2.38570    
0.96616    
-0.94487    
-0.18632    
-0.99610    
-0.73513    
-0.88572    
1.19201    
1.23339    
1.23020    
0.78875    
0.50098    
-0.47172    
-1.18182    
1.95365    
0.50937    
-0.52340    
-1.35943    
0.02325    
-1.16959    
1.45657    
0.51483    
1.42635    
1.47279    
-1.42876    
1.24793    
-2.19025    
0.75221    
0.30357    
-0.22012    
-0.01636    
-1.40586    
0.03817    
0.50338    
1.26160    
0.25863    
-0.98990    
0.02836    
0.27638    
0.49707    
0.16634    
-0.22824    
-0.73938    
1.90563    
0.93080    
1.47270    
1.71243    
-2.43899    
0.27911    
-0.91239    
-0.00100    
1.43541    
1.73731    
1.21827    
1.21741    
0.54489    
1.44944    
0.77227    
2.56795    
1.69621    
-2.11861    
2.45013    
0.96951    
1.24327    
-0.46786    
-0.97613    
0.75590    
0.71570    
-0.97432    
1.21543    
1.45576    
-0.69229    
0.71930    
1.45893    
1.94802    
-1.20163    
0.49774    
0.54804    
1.01609    
1.41182    
0.04318    
2.19930    
0.71521    
0.24142    
0.50771    
2.63196    
0.98323    
1.26508    
1.47749    
-0.88212    
-1.18218    
0.28564    
-0.66820    
0.69030    
0.72396    
-0.42534    
1.71227    
-0.47850    
-1.61075    
-0.26620    
-0.69921    
-0.47940    
0.50834    
1.28287    
0.97280    
1.21428    
-0.00352    
0.98106    
0.89306    
-1.92655    
1.44290    
0.47007    
-0.24326    
-0.52792    
1.26828    
-1.71472    
0.04372    
2.25429    
-0.16024    
2.68477    
0.89516    
0.52744    
2.18137    
-0.68162    
-0.21186    
-0.73141    
1.96438    
-0.19906    
-0.72628    
1.02207    
0.49141    
1.93996    
0.25799    
1.45717    
0.24017    
-0.67508    
-0.17702    
0.20178    
0.28018    
-0.23023    
0.48814    
-0.00550    
1.79439    
0.05254    
-0.02832    
1.44274    
0.48162    
0.20396    
0.08563    
0.07277    
0.02746    
0.96051    
-1.17395    
1.26772    
0.47058    
1.20677    
1.45791    
1.87575    
0.71921    
2.19510    
-0.21851    
1.92631    
-0.48037    
0.70154    
0.04651    
0.08521    
0.69986    
2.61899    
2.20797    
-0.90567    
0.50120    
1.46504    
1.00804    
-0.91229    
-1.14227    
0.99095    
1.70945    
0.51483    
1.01501    
-0.47941    
-0.75458    
0.69145    
1.02471    
-1.01153    
0.94132    
0.97001    
-1.40561    
0.04076    
0.97785    
0.44029    
1.51217    
0.24667    
-0.73580    
-0.45296    
0.68789    
0.48378    
-0.69517    
-0.51351    
0.76936    
0.27879    
0.28644    
0.93747    
0.79286    
-0.72384    
0.05114    
0.70556    
3.15456    
0.03381    
0.28285    
2.20880    
0.98579    
0.74214    
0.08406    
0.01602    
1.91753    
0.73234    
0.74145    
0.51971    
0.23956    
0.76141    
1.02135    
0.21997    
-1.21641    
1.48363    
1.18592    
0.17906    
-0.22284    
-1.11409    
0.73773    
-0.69420    
0.70210    
-1.45182    
1.20264    
0.44907    
0.48143    
-0.96442    
1.27432    
1.23260    
-0.47628    
0.26175    
0.45831    
0.68958    
0.58378    
1.64555    
1.99669    
1.73778    
-0.97904    
0.93162    
1.17888    
-1.11993    
-0.43450    
-0.44757    
1.46219    
0.75474    
-0.17280    
0.01244    
1.19356    
1.46583    
0.80071    
0.49680    
0.28775    
0.29761    
0.74691    
0.77884    
0.44596    
-0.67758    
1.67437    
0.04522    
-0.24016    
2.39803    
-0.72715    
-0.65964    
0.64104    
1.22750    
-0.51790    
0.02901    
1.19003    
1.28955    
0.00264    
1.46442    
0.02259    
1.43490    
2.20302    
1.69745    
-0.00496    
1.44646    
0.95405    
1.00717    
-1.00609    
0.28353    
-0.50890    
-0.17145    
0.27044    
0.50791    
0.33920    
1.78487    
-0.65428    
-0.77104    
-0.21955    
1.00922    
0.74217    
2.90407    
1.64889    
1.85735    
0.73571    
-0.72313    
3.38289    
1.23605    
1.25329    
-1.41272    
0.47644    
0.89393    
1.27056    
1.69817    
0.29608    
2.16573    
2.44731    
-0.22512    
-2.16596    
0.49421    
0.42668    
0.26979    
-0.96388    
1.49755    
-0.66160    
0.73113    
1.96840    
0.04047    
-0.02993    
1.22169    
-0.98521    
0.57100    
2.64104    
1.22774    
0.17157    
1.64158    
3.01163    
0.07422    
0.03837    
1.86963    
1.23516    
0.48428    
1.96237    
1.20823    
-0.22174    
2.25077    
-2.41727    
1.23637    
0.75930    
0.95566    
0.52178    
-0.02387    
1.74720    
-0.49671    
-0.48340    
2.17514    
1.99486    
0.71394    
0.56622    
0.46757    
-0.22911    
1.96715    
0.22349    
-0.40390    
-1.46114    
-1.39503    
0.50102    
-2.38423    
-1.16958    
0.27628    
0.73031    
0.27656    
0.45889    
1.44698    
1.03404    
1.74729    
0.77744    
0.46971    
-0.33913    
1.69720    
-0.41559    
1.94903    
0.98136    
0.51717    
-0.68278    
0.75224    
1.06152    
-2.39506    
0.27327    
0.98778    
1.41831    
1.46711    
0.73046    
0.82186    
1.24885    
0.19862    
-0.53143    
-1.16892    
0.54568    
0.94031    
2.14313    
1.01200    
0.71054    
1.75946    
1.94526    
-0.43064    
2.69818    
1.50210    
0.99033    
0.73496    
-1.81650    
1.93341    
-0.73389    
0.47703    
0.47356    
-0.72048    
-1.93021    
-0.74961    
-0.21136    
-0.05218    
-0.22555    
0.69236    
0.70489    
1.27093    
-0.94415    
0.49671    
1.80810    
0.76326    
1.00843    
3.41651    
1.00029    
-2.87987    
1.22095    
0.94573    
0.79033    
0.48384    
-1.18931    
1.42054    
0.27086    
0.49104    
2.19949    
-1.39807    
0.52399    
0.99627    
1.65855    
0.02160    
1.27124    
1.73502    
2.46088    
1.90623    
0.27376    
-0.45816    
-0.51777    
0.05524    
-0.92303    
-0.24438    
0.45732    
-0.63387    
0.24692    
-0.00223    
1.26608    
1.75821    
0.00155    
0.31043    
2.70716    
0.22670    
-0.68589    
-0.72301    
0.47062    
0.02432    
-1.24493    
0.71212    
0.03431    
0.80416    
0.99257    
0.75244    
0.78468    
1.19479    
-0.67099    
-0.20822    
0.20950    
0.27799    
-1.11410    
-0.17857    
-0.46619    
1.71103    
-0.26322    
-0.51155    
1.27701    
0.24050    
0.03884    
0.98658    
3.82144    
0.45403    
1.03407    
-0.23380    
0.75509    
1.21745    
1.22173    
2.87800    
0.28995    
-0.26336    
0.47318    
2.17767    
1.70386    
0.25149    
0.71269    
0.73317    
2.89903    
0.49416    
2.15389    
-0.21342    
1.71810    
-0.21124    
2.11963    
0.00285    
0.03234    
0.25656    
-0.26619    
0.99989    
1.48462    
0.01944    
2.21282    
-1.67322    
-0.22901    
2.94342    
1.71889    
-0.19699    
0.75490    
0.26009    
2.22263    
-0.54588    
0.31854    
0.94698    
0.08432    
0.98941    
0.29014    
0.46883    
0.99674    
0.96290    
0.28513    
2.70546    
0.55362    
1.22005    
0.22624    
1.75740    
0.93510    
1.95963    
-0.44015    
1.68223    
0.98070    
0.45509    
2.17213    
-1.18099    
-0.18372    
-0.43704    
1.45641    
-0.26791    
2.16947    
-1.17116    
0.11880    
-1.11986    
-0.19659    
-0.42624    
0.24554    
0.77213    
0.24408    
0.53367    
1.21911    
0.52740    
1.28586    
0.05619    
-0.21020    
0.62102    
1.25623    
1.02023    
1.24644    
-0.73230    
0.21072    
0.96719    
1.97049    
0.75593    
0.24433    
0.19841    
0.46097    
1.23633    
1.72467    
-0.45356    
1.00506    
-0.26348    
1.66319    
0.26335    
1.74938    
0.24827    
-0.95044    
0.71727    
0.49448    
0.03413    
1.72587    
-1.38142    
0.73527    
1.53477    
2.71511    
1.50062    
0.97640    
-0.47800    
0.97074    
0.73385    
1.66581    
-0.42120    
-1.90050    
0.92021    
-0.18196    
1.01112    
2.12319    
-0.00404    
1.25876    
0.05431    
-1.90360    
0.22903    
1.21755    
-0.51377    
0.05096    
-0.30228    
0.66858    
1.48357    
0.94974    
1.50262    
1.20376    
-0.99130    
-0.48036    
0.75921    
0.26349    
1.28743    
0.95169    
-0.45636    
1.48199    
1.44242    
-0.47927    
1.23605    
1.24630    
-0.69260    
0.99109    
0.71414    
0.48937    
0.00286    
0.23725    
3.63020    
-0.96315    
0.49411    
0.27088    
0.48768    
0.06141    
0.51949    
1.29467    
2.43292    
-0.22727    
0.27131    
-0.02219    
1.53393    
-0.22317    
2.43569    
0.99270    
3.20534    
2.49440    
-0.23163    
1.68971    
-0.20610    
-0.16096    
0.05697    
0.80142    
0.77621    
0.28065    
1.73129    
1.48028    
-1.71339    
-0.27553    
0.49643    
1.32369    
0.73209    
1.43987    
0.54336    
1.73868    
1.41655    
-0.92838    
-0.46184    
0.29527    
0.24186    
1.68977    
-0.94774    
-0.29028    
-0.71484    
-0.47000    
0.43199    
0.99265    
0.76573    
2.42292    
-0.24712    
-0.66692    
1.96047    
-0.73812    
1.28762    
1.40553    
2.20737    
0.96526    
-0.17863    
1.69338    
0.56349    
1.88578    
0.00463    
0.99059    
-0.00391    
-1.14613    
-1.38850    
1.68929    
-1.69990    
-1.61075    
-0.13840    
0.23868    
0.66453    
0.57178    
1.46452    
0.27511    
1.97967    
0.76057    
-0.24772    
0.70597    
-0.13490    
0.23397    
1.19669    
-0.48120    
-1.71491    
1.63433    
0.72562    
1.69929    
3.15273    
-0.47312    
0.43379    
0.00049    
1.04782    
1.48062    
-0.26674    
1.04550    
0.72453    
0.04855    
-0.23603    
0.00947    
-1.46644    
0.74031    
1.94595    
1.47912    
0.76425    
0.46111    
1.71661    
0.97166    
1.93205    
-0.93420    
0.09638    
-0.91254    
0.74165    
1.19233    
1.46177    
-1.03548    
1.68898    
1.02060    
0.72971    
0.72335    
0.80705    
-0.00127    
0.74632    
0.74867    
0.93187    
0.50390    
1.25567    
-1.87362    
-0.28313    
-0.48317    
0.23002    
1.22037    
0.50022    
1.43059    
-0.17858    
1.47138    
-0.43237    
1.41363    
-0.46398    
1.88458    
1.17597    
-0.90736    
-1.42356    
1.95568    
1.45374    
1.16568    
0.02292    
0.26944    
0.03510    
1.66459    
1.19894    
0.95718    
1.86115    
-1.19753    
1.43323    
0.55621    
0.08085    
-0.71796    
2.18826    
1.23742    
0.57001    
2.13124    
-1.88999    
-0.96852    
1.22076    
0.70072    
0.72237    
-0.32838    
-0.93536    
-0.43951    
-0.23593    
0.48539    
0.69203    
0.29229    
0.73349    
1.67654    
1.95834    
0.48099    
1.18208    
0.95596    
0.00642    
-0.23873    
-0.23954    
1.44987    
2.17412    
0.74535    
1.25617    
-0.20386    
1.01221    
1.41581    
1.24290    
-0.23302    
-0.42886    
1.18421    
0.49650    
0.11203    
0.29953    
1.24470    
0.54574    
-0.27705    
1.22836    
2.63182    
-0.17243    
-0.74524    
0.28766    
0.28752    
-0.69238    
-0.01970    
-0.33234    
0.22029    
-0.93939    
1.25559    
0.80014    
-0.00593    
0.49021    
-0.69158    
0.01104    
0.79421    
1.38862    
0.55147    
-0.18735    
1.21027    
0.76482    
0.52564    
-1.25326    
-1.40148    
0.72594    
-0.43658    
-0.14421    
-0.68729    
1.31162    
1.68293    
0.28619    
-1.17015    
-0.47452    
0.71410    
0.55247    
-0.22340    
1.23672    
1.23107    
-0.47055    
2.42749    
0.01190    
0.52607    
0.93334    
0.35660    
-0.45929    
1.21777    
2.13134    
0.70976    
1.27656    
0.27334    
0.55757    
0.02978    
0.49764    
1.17653    
0.01985    
-0.91822    
0.27955    
-0.48965    
0.95538    
0.71455    
0.94517    
0.95905    
1.04513    
0.73908    
0.54941    
1.26642    
-0.50108    
3.17477    
2.18395    
0.28616    
2.88523    
0.72600    
-1.68543    
1.22281    
1.18523    
0.44810    
0.26298    
-1.14562    
0.19050    
0.74776    
0.76353    
-0.73713    
0.22929    
-0.41328    
1.95033    
1.26695    
-0.45353    
-0.72492    
-0.19226    
0.70785    
0.10438    
0.46673    
-1.18820    
0.24290    
2.49148    
-1.20400    
0.23511    
0.54561    
0.00387    
2.44471    
0.03917    
0.38396    
-2.17736    
0.29250    
1.45264    
3.13414    
1.25068    
0.02584    
0.71791    
-0.40196    
0.54297    
0.00327    
-0.41869    
1.63932    
0.97268    
0.08467    
2.99052    
1.77096    
1.01625    
0.46938    
0.54725    
-1.18870    
-0.77234    
1.00298    
1.66194    
1.23481    
1.18552    
0.27429    
-0.02995    
0.96719    
1.23894    
0.93314    
-0.44696    
1.18715    
-0.17952    
0.52221    
0.94048    
0.76461    
1.22705    
-0.24867    
-1.20423    
0.56077    
0.48076    
0.48083    
-0.48476    
1.21736    
-0.24602    
2.64897    
-0.00751    
0.96156    
1.36454    
-0.48209    
1.23271    
0.28484    
-0.18356    
0.04966    
0.97616    
-0.43977    
0.48124    
0.70315    
0.98042    
-0.88240    
3.11700    
-0.97325    
1.21565    
1.91762    
0.48441    
2.42633    
0.73807    
0.02039    
-0.18305    
-1.64956    
-1.03222    
-0.45367    
-0.00939    
-0.97881    
0.78425    
-0.65970    
-0.99297    
0.77904    
-0.24866    
0.71183    
0.02773    
1.49648    
1.21454    
1.02854    
-0.15203    
-1.47186    
-0.46657    
1.03104    
-0.65530    
-0.19731    
-0.19395    
-0.17806    
-0.46868    
0.50275    
0.91124    
0.54771    
0.26924    
0.30868    
-0.51332    
1.21662    
-1.63491    
0.70753    
-0.21715    
0.75310    
1.66490    
0.82494    
0.05059    
0.51108    
2.39208    
0.73810    
1.21439    
-0.38506    
1.00833    
-0.90366    
-0.47817    
-0.67913    
-1.88204    
0.49349    
-0.48290    
-0.02102    
1.96304    
-0.44049    
1.70303    
2.26239    
1.24623    
0.21382    
1.23952    
1.28529    
1.22861    
-0.02196    
2.16202    
0.06743    
0.51801    
0.72471    
0.28978    
2.21141    
0.97043    
2.41613    
-0.65399    
0.23571    
0.74898    
0.96162    
-0.71987    
-1.88100    
-0.43024    
0.75751    
0.99455    
1.23905    
3.15317    
1.74042    
0.48070    
-1.75002    
1.25659    
-0.43642    
1.46326    
1.21901    
-0.25845    
2.67081    
0.74225    
1.91140    
2.18786    
1.95121    
0.51845    
-1.91089    
1.23727    
1.48288    
1.43966    
0.51590    
-1.12660    
-1.15878    
1.00202    
0.95864    
0.03687    
0.45908    
2.20198    
0.70746    
2.17687    
0.93880    
-0.45441    
0.98259    
0.47978    
0.31894    
0.97742    
1.75360    
0.55382    
1.70458    
0.53145    
0.67126    
0.06727    
-0.25804    
0.23449    
0.52238    
-0.00444    
1.46511    
0.72321    
0.97655    
0.29012    
1.47423    
1.93539    
-0.23122    
1.24405    
1.94746    
0.92010    
-0.49693    
-1.93603    
3.29140    
1.95171    
-0.69401    
-0.88335    
1.00478    
-0.47906    
0.92879    
-0.47690    
0.08133    
-0.51521    
0.48132    
1.46946    
-0.18932    
1.71553    
0.35328    
-1.18573    
1.48645    
-0.89377    
1.48042    
1.72203    
-1.14317    
-0.45193    
0.94994    
-0.22715    
-0.93693    
2.40713    
0.97853    
0.97675    
-1.21535    
0.52531    
0.72602    
1.98985    
1.01665    
0.02593    
0.68001    
1.70860    
-1.24661    
0.76859    
2.43597    
-0.17265    
1.48765    
0.27294    
-0.46416    
1.45142    
0.77621    
1.70204    
0.52657    
-0.16237    
-0.44707    
0.56098    
1.52389    
0.02458    
0.25014    
-0.46757    
1.48075    
-0.97274    
-0.50225    
0.54584    
0.76926    
-0.93329    
0.56706    
-1.44831    
1.42781    
0.30172    
0.24058    
-0.46953    
0.90864    
2.20802    
1.00964    
0.22250    
0.75523    
1.01533    
-0.22650    
-1.72042    
-0.65124    
-0.22391    
0.07645    
1.74744    
1.17345    
0.05067    
0.99917    
-0.13183    
0.24425    
-0.68185    
0.22560    
1.65676    
1.16944    
-0.62945    
-0.50295    
0.45859    
0.23023    
2.64104    
1.40485    
0.98497    
0.74942    
-0.44695    
-0.50232    
0.97444    
1.45313    
-0.72122    
0.76703    
-0.91299    
0.04577    
-1.18392    
-0.01514    
-0.42534    
-0.65560    
-0.47951    
1.23522    
0.33172    
-0.26030    
-0.01825    
0.23383    
0.81336    
1.45748    
0.46041    
2.88551    
-0.25995    
0.21258    
-0.97282    
1.46428    
1.42503    
-1.42437    
0.25548    
0.70603    
0.25615    
2.40806    
0.75871    
0.96202    
0.04730    
1.20096    
-1.16794    
-0.69029    
-0.17709    
1.94971    
1.45226    
1.71818    
1.43341    
0.03747    
1.23018    
1.00330    
-0.66410    
0.05682    
-0.45339    
0.29815    
2.69369    
1.90704    
0.73731    
-0.02998    
0.98453    
2.65403    
-0.22360    
0.49092    
0.47581    
0.72136    
0.25906    
0.49874    
0.98239    
-0.84775    
0.72009    
0.90922    
1.19356    
1.21522    
0.53577    
-0.46059    
1.72945    
-1.64310    
0.49482    
1.97643    
-0.15286    
1.99670    
-0.47952    
-0.46621    
0.23103    
0.06346    
-0.54664    
1.42873    
1.66832    
0.68682    
0.25906    
0.89965    
-1.19529    
0.97107    
-0.19352    
0.99879    
-0.68926    
0.74073    
0.47678    
0.24664    
-0.74143    
-0.16878    
-0.48726    
-0.73988    
0.03865    
1.26025    
-1.21373    
0.96106    
0.70176    
0.31868    
0.70425    
0.72422    
1.19109    
1.22412    
1.25344    
0.95836    
-0.47062    
0.72634    
0.21659    
0.96606    
0.49409    
0.42875    
0.98067    
2.45091    
-1.02124    
1.02184    
1.66622    
-0.00177    
-0.68921    
1.70773    
-0.41631    
0.55076    
0.99369    
1.67350    
1.51815    
2.41629    
1.95571    
-0.52096    
-0.97782    
-0.20185    
0.94656    
0.98271    
0.76052    
-0.18072    
2.47485    
0.48876    
0.73472    
-0.97506    
1.20951    
-0.95263    
-0.45169    
0.68430    
-0.46143    
-0.97954    
-1.48323    
-0.19188    
1.44195    
1.22619    
-0.96793    
0.93189    
-1.22224    
0.24260    
-2.63942    
-0.70306    
0.02331    
-0.14519    
2.75066    
0.30153    
0.75543    
0.46643    
1.47500    
2.64259    
1.92660    
-0.20931    
-0.00919    
0.71179    
-1.02840    
1.03168    
-0.47232    
1.18184    
0.72088    
1.50286    
2.93284    
0.72515    
1.71117    
2.69747    
-1.43605    
1.41666    
-0.16553    
0.80329    
0.00227    
0.46762    
-0.94984    
2.19946    
-0.23400    
-1.44870    
0.98466    
0.48696    
1.92700    
-0.50354    
2.92085    
-1.70246    
1.39345    
-0.92438    
0.93757    
1.66854    
3.21947    
0.72934    
2.65662    
1.21612    
1.88675    
1.46631    
-0.00609    
0.75169    
-0.92041    
0.48844    
1.25407    
0.47643    
1.47079    
1.03698    
1.98896    
0.98135    
-0.27852    
0.71517    
0.94304    
0.76110    
-1.69043    
1.93792    
1.16319    
-0.85851    
0.49671    
0.23953    
-0.37752    
1.28637    
0.77161    
0.73560    
-0.24385    
0.51815    
1.70301    
1.25017    
0.00904    
1.50041    
3.09827    
-0.16103    
-0.74166    
2.92299    
1.40618    
0.22090    
-0.22458    
-0.95347    
1.01748    
-0.93371    
-0.69151    
1.16354    
0.16536    
-0.21856    
0.94431    
1.21115    
1.23925    
0.77869    
0.02615    
0.28979    
1.20727    
0.48114    
0.50761    
1.97924    
0.74419    
1.25911    
1.67194    
0.51135    
0.10894    
-0.19085    
1.25782    
1.49060    
-0.20451    
1.64593    
-0.70234    
1.47630    
-0.97794    
0.55352    
0.02866    
0.00342    
0.21338    
2.22649    
1.92225    
-1.98776    
-0.92011    
0.98747    
0.05483    
0.59306    
-2.39577    
-0.26443    
2.43575    
0.27546    
0.98803    
-0.36635    
-0.21081    
0.81161    
0.73742    
-0.44130    
1.25674    
2.70228    
0.53144    
1.23588    
2.65494    
1.22290    
1.00936    
0.68555    
0.50364    
1.95093    
1.73312    
-1.67933    
-0.22185    
1.23710    
0.98805    
0.53523    
0.71159    
-0.90834    
-1.36918    
0.96229    
1.02164    
-0.26704    
-0.18891    
0.19489    
-0.93317    
2.14540    
0.05581    
1.96349    
1.24295    
-0.22566    
1.43670    
1.17477    
1.02344    
0.49874    
1.40333    
0.95386    
1.73796    
0.74508    
1.00570    
0.54067    
-0.70735    
0.00576    
2.65464    
1.21276    
0.75733    
1.70994    
1.25786    
1.17056    
1.24605    
2.17069    
-0.72528    
1.03839    
-2.14317    
-0.21109    
2.15299    
-0.49488    
-0.73670    
0.28598    
0.03255    
-0.49703    
2.51095    
0.50837    
-0.19828    
1.44817    
0.74243    
-0.46523    
-0.67910    
0.25112    
-1.00542    
-0.90621    
0.46408    
0.02768    
0.46650    
-0.18832    
0.04978    
-1.14777    
0.80047    
-0.20457    
0.53847    
-0.73250    
0.79829    
0.24694    
0.89733    
1.00703    
1.50735    
0.41969    
0.53961    
-1.35481    
2.47597    
0.25453    
0.73523    
-0.93996    
1.00223    
-0.22282    
0.73429    
0.28144    
0.74331    
0.74446    
1.23116    
-0.95673    
1.26624    
0.75528    
-0.47867    
-0.47414    
0.01654    
0.67665    
-0.22082    
1.00116    
-1.24053    
2.21902    
1.02337    
0.74666    
-0.65831    
-0.17658    
-0.27626    
-0.16790    
0.25736    
-1.63692    
2.13821    
0.99882    
0.05269    
-0.15874    
-0.68972    
1.47320    
-1.60231    
0.09019    
0.47672    
-0.00819    
1.02149    
-0.89701    
-0.69907    
1.66855    
0.75879    
0.31545    
-0.94898    
0.06777    
-0.69090    
0.42773    
0.29826    
0.01135    
-0.98270    
0.50169    
0.74270    
0.97175    
0.06189    
1.46726    
-0.21260    
-0.43112    
1.21449    
0.48603    
0.22202    
1.47870    
2.87138    
0.76381    
0.93086    
0.24067    
0.23242    
0.56618    
0.51720    
1.20267    
0.25614    
1.03180    
0.06864    
0.85952    
-0.67660    
-0.62551    
0.49303    
0.52798    
-0.49980    
0.21546    
-0.93312    
-0.01575    
0.07110    
-1.14907    
2.22846    
2.40660    
0.94289    
0.52708    
-0.20801    
0.79945    
0.31348    
-0.16614    
0.94746    
1.67797    
0.73199    
-0.46595    
1.93800    
0.22259    
-0.21243    
0.25069    
-0.49481    
-0.97017    
0.51054    
0.94598    
-0.22555    
0.26269    
-0.89657    
-0.69802    
-0.28035    
0.72425    
2.17738    
1.98549    
1.23250    
4.28747    
0.77498    
0.97887    
0.02522    
-0.66814    
2.22778    
-1.20630    
0.50351    
-0.70248    
-0.24966    
-0.20329    
0.03942    
0.51797    
2.67253    
-0.21628    
-0.92057    
0.70526    
-0.75902    
0.00487    
1.02075    
0.74525    
1.18983    
0.76066    
0.22578    
1.02253    
1.31699    
0.51193    
0.55044    
1.64731    
1.41855    
1.92945    
-0.41405    
2.21970    
1.23317    
1.00759    
1.75305    
2.73590    
0.00121    
0.53147    
1.49304    
1.94573    
1.29000    
2.12307    
0.50940    
0.97923    
0.67801    
-0.90186    
1.01463    
0.73576    
1.70358    
0.99270    
1.01229    
2.17398    
1.48322    
0.75058    
2.40206    
0.71717    
-0.71406    
0.24751    
1.01330    
0.99586    
-0.71714    
0.50402    
0.56291    
-0.00706    
-0.46072    
0.24741    
1.75520    
-0.27007    
-1.17693    
0.29956    
-0.19399    
1.00345    
1.46048    
0.01737    
1.64651    
0.23666    
0.96709    
0.73193    
-2.61915    
-0.44655    
0.74817    
0.50507    
-0.43098    
0.03481    
4.05675    
1.28575    
-0.46215    
0.24544    
1.48141    
0.98325    
0.94430    
0.26742    
-0.94467    
-0.91868    
1.19209    
1.93625    
-0.01562    
-0.50109    
-0.70093    
0.54618    
1.44596    
-1.42482    
2.21283    
1.46436    
0.72391    
0.76781    
-0.70943    
-0.23463    
-0.69251    
-2.12755    
0.01068    
0.51980    
0.79279    
1.98395    
-0.44882    
2.17554    
0.98068    
-1.41575    
0.29132    
0.74805    
2.15183    
1.96423    
0.76380    
-0.68232    
0.46883    
0.01666    
-0.73905    
1.00024    
-0.69092    
1.47165    
1.21070    
0.46272    
1.96003    
-0.22204    
1.92960    
-0.26103    
2.92290    
-0.23728    
-0.04528    
0.74899    
-1.50408    
0.97880    
-0.07104    
1.19293    
0.24904    
0.52836    
2.17180    
-0.21968    
0.95443    
-0.49385    
1.21638    
-0.48726    
-0.03900    
0.69273    
0.98455    
-0.26030    
0.05155    
1.28251    
-0.22534    
0.48132    
-1.41931    
1.16420    
-0.26191    
1.02831    
-0.96986    
-0.51445    
1.97124    
-0.00523    
0.03742    
0.92370    
0.44137    
0.24849    
1.16553    
0.01375    
1.24954    
0.01117    
2.65890    
-0.02586    
2.67120    
-0.01915    
0.51010    
1.44229    
0.96505    
1.22335    
1.17821    
0.74893    
0.79705    
1.20985    
-0.02005    
2.15078    
1.22339    
0.30115    
-0.84627    
0.72630    
1.45910    
0.48033    
1.25717    
0.66025    
0.04201    
-0.42171    
1.00712    
0.32195    
1.72526    
0.51365    
1.91745    
0.72030    
0.52508    
1.88643    
0.24764    
1.43311    
-0.26419    
-0.43170    
0.70858    
-0.47101    
2.20278    
0.27911    
1.18875    
-0.77997    
0.48570    
0.43059    
-0.20807    
1.45962    
-0.68169    
-2.35613    
1.02468    
0.92164    
0.54456    
-0.24010    
0.71039    
2.37420    
0.76643    
-0.41770    
-0.27784    
0.98852    
0.73896    
0.78537    
-0.47777    
-0.00965    
2.40625    
-1.16150    
-0.94558    
0.17550    
3.41572    
-1.25004    
1.69352    
0.24809    
0.20432    
0.48997    
0.95775    
1.06872    
1.54320    
0.21706    
0.07466    
1.50774    
2.52185    
-1.43458    
0.74344    
1.74094    
0.32814    
1.17484    
0.55719    
-0.02881    
-0.47196    
0.78928    
-0.97533    
1.43531    
1.29952    
-0.70957    
0.27146    
0.04961    
0.48821    
1.25489    
0.97052    
0.55971    
-0.24198    
0.95398    
-0.24559    
1.46105    
-0.18347    
0.50059    
0.06399    
-0.95220    
0.90011    
-1.37737    
0.99131    
-0.72535    
2.51144    
0.74721    
-0.69403    
1.89435    
0.21832    
-0.01051    
0.19710    
1.41793    
1.96870    
1.69398    
-2.17649    
0.50875    
-0.97119    
0.97546    
0.53005    
1.67637    
0.17970    
0.25688    
0.49188    
1.17678    
0.81089    
0.45618    
0.04686    
1.25287    
0.59522    
0.70270    
1.67194    
0.23635    
0.04484    
0.52220    
0.69923    
2.15938    
1.70859    
-0.90811    
1.45315    
-0.80016    
-0.48660    
0.74477    
0.98140    
0.03106    
0.74580    
0.02761    
-1.68439    
2.62138    
1.03138    
1.04014    
-1.83372    
-0.46941    
0.49470    
0.02848    
1.21476    
0.28390    
0.73602    
1.20506    
0.19726    
-0.45589    
0.47252    
0.99016    
0.51375    
1.50696    
1.24043    
1.13505    
1.74878    
1.75657    
1.01290    
1.74469    
0.98635    
-1.67388    
0.52421    
-0.78999    
0.69412    
0.27880    
1.00446    
-0.03454    
0.56172    
0.19504    
-0.50462    
1.23745    
1.19157    
-0.29082    
-0.22950    
0.73706    
1.44921    
1.20583    
1.17379    
1.48255    
2.14959    
0.29223    
1.66276    
1.71040    
0.95293    
0.55952    
0.72410    
-1.67946    
0.02191    
-0.96088    
2.90552    
-0.47159    
1.97994    
0.76718    
-0.49569    
-0.44049    
-0.49529    
-0.69943    
1.23922    
0.47781    
1.65635    
-0.47901    
-0.20442    
1.96086    
0.44702    
-0.88633    
-0.75995    
0.54489    
1.68668    
-0.17210    
-0.48161    
-1.14877    
1.21409    
0.27889    
-0.19152    
-0.47634    
1.69309    
1.78854    
0.25539    
-1.38650    
0.93391    
1.15978    
-1.93767    
0.50597    
1.23956    
1.24451    
0.98769    
-0.20488    
-0.22761    
1.04606    
2.19469    
1.69474    
-0.21654    
0.53851    
-0.51085    
0.52998    
0.30429    
0.76553    
1.92595    
0.70455    
-1.44565    
0.96937    
-0.02136    
2.39061    
1.00895    
-1.63526    
-0.34548    
0.29684    
1.94854    
0.42364    
0.76401    
1.45950    
-0.95679    
2.00659    
-1.18739    
1.89162    
0.48681    
-0.23697    
-1.20534    
-2.68068    
-0.47952    
0.24093    
0.92662    
1.48214    
-0.44897    
0.22508    
0.98732    
-0.45611    
1.46022    
0.95339    
1.66328    
-0.18471    
0.43543    
1.48848    
1.48120    
-1.19419    
-0.72657    
-0.26603    
0.95611    
2.15730    
0.93333    
1.64405    
1.19228    
0.00229    
0.74054    
3.14201    
1.19624    
2.42615    
3.31685    
-0.92735    
0.78408    
0.43534    
0.23778    
0.00605    
0.76195    
1.75627    
-0.91254    
-0.70436    
0.73707    
-0.65652    
0.04537    
2.44215    
0.06992    
-2.15042    
0.06630    
-0.46885    
-0.65359    
-0.94036    
-0.94004    
0.77054    
2.16591    
0.28592    
0.91842    
0.02614    
1.66433    
0.05527    
0.50279    
1.00758    
0.71182    
2.69466    
1.20795    
0.50849    
0.29744    
0.22329    
0.72010    
0.99871    
-0.76694    
0.27131    
-1.01772    
-0.23377    
-0.40905    
0.27418    
0.48687    
-0.16204    
1.02635    
0.98479    
-1.69687    
0.96268    
0.27779    
0.48658    
0.75282    
0.41991    
-0.89399    
1.20718    
0.26396    
-0.69004    
0.26308    
2.21224    
-0.28475    
1.22041    
1.46226    
-0.43165    
1.97432    
-0.24449    
-0.22806    
0.96611    
0.25568    
0.23509    
0.75831    
1.00869    
1.47925    
-0.50578    
0.75959    
0.52050    
1.75395    
0.44014    
0.84670    
1.47659    
1.92958    
0.70877    
2.20485    
0.28447    
0.02101    
0.97433    
1.23188    
1.64694    
1.41001    
0.47238    
-0.00278    
-0.23133    
0.21302    
-1.25190    
1.89184    
0.04277    
0.05636    
0.28987    
-1.48471    
-0.73385    
1.95734    
2.85436    
-0.49291    
1.48530    
0.46394    
1.22972    
0.96258    
1.71851    
0.04548    
1.17480    
0.04120    
0.69306    
0.28331    
1.41788    
1.44647    
1.52579    
1.43316    
0.46403    
1.76460    
-0.64775    
0.95591    
-0.45580    
-0.24974    
0.03878    
0.26334    
0.70242    
0.03419    
0.70859    
0.27968    
0.27184    
1.18699    
0.98394    
0.06963    
0.74929    
-0.71367    
1.24030    
0.21089    
2.89246    
-0.02880    
1.66657    
1.48112    
1.64705    
-1.13993    
-0.22421    
0.98227    
1.22063    
-0.50411    
-0.23152    
1.22012    
1.05259    
-0.70443    
-0.17226    
2.46540    
1.19795    
0.32187    
0.45930    
-0.00644    
-0.21787    
1.26061    
1.46673    
0.71422    
-1.00784    
0.01886    
-0.18485    
1.66874    
0.02606    
-0.16532    
-0.48470    
0.04123    
0.23220    
3.38014    
0.78784    
0.56212    
1.71206    
1.72380    
0.77672    
-1.15808    
-1.15096    
0.55979    
0.02090    
-1.25710    
0.51477    
1.23485    
0.00105    
0.99089    
-0.92742    
0.39667    
2.12941    
0.74441    
0.91115    
1.43624    
0.49186    
-0.75599    
0.92482    
0.97493    
0.29936    
0.15449    
-0.21275    
1.91792    
0.58357    
-1.44923    
1.25935    
1.91865    
0.21749    
1.03169    
-1.73501    
1.25131    
0.73625    
-0.41971    
-1.42730    
2.23281    
1.43934    
2.19334    
2.42676    
1.26746    
0.07088    
-0.04244    
1.73390    
-0.07062    
0.72101    
1.28728    
1.22024    
0.71610    
1.00581    
0.49431    
-0.00078    
1.23553    
0.32733    
0.53980    
0.07076    
0.74884    
-0.71620    
0.79561    
0.74028    
2.18710    
-0.44916    
0.90158    
1.00136    
0.01919    
2.38808    
-0.91571    
0.50924    
0.51465    
-0.22828    
-1.61417    
2.21844    
-1.16344    
0.74812    
0.95340    
2.44122    
-1.16805    
0.72835    
0.99089    
2.64032    
1.75612    
1.44376    
0.67082    
0.61357    
0.06504    
1.05404    
1.23073    
-1.90276    
1.99753    
-1.67501    
0.46394    
0.99352    
-1.39825    
1.25352    
1.23677    
1.20251    
-1.37703    
-1.89079    
0.96129    
0.46706    
2.41473    
0.22860    
-0.89006    
1.52665    
-2.10605    
2.02555    
-1.19483    
0.96906    
1.48262    
1.96818    
-0.48425    
0.77391    
0.15542    
-0.69086    
0.02149    
1.44818    
1.41857    
0.69934    
0.26058    
-0.66876    
0.70623    
0.50878    
-1.92598    
0.99733    
0.22147    
2.18661    
1.47103    
2.00774    
1.68718    
0.97442    
0.49107    
1.27056    
1.67612    
-1.69180    
-0.46588    
-0.49633    
2.47331    
0.97063    
0.53922    
1.23263    
-1.15410    
2.91172    
1.16853    
-0.43569    
1.44576    
0.46466    
-0.48903    
0.67232    
2.91477    
1.19905    
0.32033    
-0.64538    
0.92784    
0.50728    
0.77014    
2.38970    
1.95664    
-0.73107    
1.62431    
2.18894    
0.99952    
1.19916    
1.95523    
0.46179    
-0.43102    
0.51849    
-1.42657    
-1.41257    
-1.14368    
0.57474    
1.23195    
0.75010    
-0.41563    
0.28405    
0.47789    
0.05007    
0.50099    
2.20401    
0.82746    
1.68885    
0.18315    
1.48764    
0.52809    
0.72113    
0.23400    
0.93556    
1.96761    
1.04729    
-1.96330    
0.75377    
1.20261    
2.17123    
1.92783    
-1.41090    
0.79261    
2.44131    
-1.14644    
0.74145    
0.00393    
0.78691    
0.40442    
0.96060    
0.93761    
0.07105    
0.45172    
0.04932    
-0.67993    
-0.05767    
1.26798    
1.43943    
1.43220    
1.65793    
-1.17314    
0.04457    
0.75654    
-0.71126    
0.02915    
0.74852    
0.00974    
1.27369    
0.97789    
0.28667    
0.23889    
-0.46085    
0.04261    
0.51505    
-0.76657    
2.58398    
2.64633    
0.04697    
0.77173    
0.92886    
-0.01011    
-0.99916    
0.55676    
0.35197    
0.28320    
0.80059    
1.42930    
-1.40967    
1.41726    
1.90393    
1.89619    
0.55225    
-1.20624    
0.87351    
2.20631    
0.28692    
-0.50550    
0.24270    
-0.50586    
0.95455    
0.27615    
2.21106    
0.73012    
-0.72009    
1.69489    
-0.75171    
-0.49589    
-0.23322    
0.08202    
1.17737    
0.01218    
1.86495    
1.20102    
0.48272    
1.42791    
1.42676    
0.05992    
1.39820    
0.99942    
-1.44875    
1.95153    
-0.43432    
1.21125    
-0.00214    
2.65266    
-0.95263    
1.20824    
1.47335    
1.01523    
0.43028    
0.22027    
-0.94342    
1.02917    
0.50194    
-1.17091    
0.75903    
-0.60121    
0.29130    
0.47936    
-0.18712    
0.53402    
0.50080    
0.72048    
2.68078    
2.86287    
0.25503    
0.24942    
0.56590    
-1.88415    
-0.92425    
2.15971    
0.33199    
0.97658    
0.81181    
1.69675    
2.21353    
0.75797    
0.74355    
2.15880    
0.26869    
-0.04462    
0.74108    
-0.25612    
-0.94033    
-0.65836    
2.21899    
1.23451    
1.60881    
0.69234    
-0.88444    
0.09872    
1.96179    
1.23735    
1.48335    
-0.12130    
1.64280    
0.99263    
0.54399    
-1.16460    
0.12182    
0.44781    
2.21084    
1.45537    
0.49141    
2.91341    
1.92332    
-0.94372    
0.71195    
-0.73018    
1.18415    
0.73693    
0.45256    
0.09035    
2.48292    
-0.00539    
-1.02434    
0.26951    
-1.86189    
-0.97650    
1.64739    
0.47981    
1.47333    
0.30082    
1.46552    
0.77212    
2.73196    
-1.16918    
-0.69227    
1.22213    
0.01834    
1.48204    
-0.97499    
2.70083    
0.29615    
-0.90673    
-0.70763    
0.96541    
1.24260    
-0.72718    
0.22472    
-0.23012    
1.48383    
1.25697    
-1.01342    
-1.49257    
-0.16366    
1.21594    
1.24546    
2.64185    
-1.39640    
-0.23769    
0.21890    
0.99618    
1.18025    
1.47078    
1.63412    
-0.48273    
0.76128    
2.64425    
1.44188    
-0.21670    
1.44417    
0.49416    
0.05259    
0.81508    
0.95629    
1.96549    
1.76369    
0.50871    
1.24696    
0.56158    
0.51445    
-0.26310    
-1.19675    
1.24165    
1.45592    
1.50505    
0.32668    
1.03777    
0.24279    
0.24887    
2.22501    
0.50110    
0.50772    
-0.01235    
0.25642    
-1.38728    
-0.43553    
-0.90329    
0.97812    
0.55627    
1.18198    
-1.52001    
-0.45351    
0.04515    
-0.99328    
0.78362    
2.42098    
0.03199    
-0.39386    
1.27119    
0.01942    
-0.95012    
0.47086    
2.20049    
-0.95259    
1.44602    
1.68328    
-0.67072    
1.69058    
1.93081    
1.65588    
-0.20774    
-0.17860    
0.04092    
0.54696    
-0.69081    
0.08728    
1.65834    
1.48352    
0.95530    
0.27946    
1.68797    
0.69209    
0.97774    
-0.67337    
0.77554    
0.76382    
0.20102    
1.91660    
0.78151    
1.24224    
1.93590    
-0.15140    
0.23416    
0.51432    
-0.91736    
-0.93210    
0.22051    
2.67550    
-0.43482    
0.28626    
0.77879    
1.24058    
0.46926    
0.01777    
1.70691    
-0.20400    
0.06567    
-0.04912    
0.96719    
0.74116    
-1.71475    
-0.74744    
1.48336    
1.17489    
2.91956    
-0.03156    
1.49882    
-0.65134    
0.49219    
-0.22116    
-0.45681    
1.47680    
-0.20290    
2.24750    
0.06064    
-0.25485    
-0.42700    
0.44446    
2.08468    
2.22155    
-0.52932    
0.05015    
-1.46846    
1.91322    
0.64644    
0.25103    
0.56661    
0.94493    
-0.69318    
1.23143    
-0.52904    
0.28059    
-0.43799    
-0.97661    
-0.29603    
-0.21930    
-1.17088    
0.94770    
1.26045    
0.78003    
-1.61973    
0.51855    
-2.08374    
-0.66997    
-0.40518    
0.03769    
0.06308    
1.48070    
0.78088    
1.22485    
1.70556    
1.00948    
-0.94923    
0.35005    
-0.68221    
1.23562    
0.50233    
0.33366    
0.71430    
0.06513    
-1.45501    
0.00684    
1.26045    
-0.26809    
0.28251    
1.87346    
0.27489    
0.45414    
1.18988    
1.47536    
-0.47034    
0.50586    
0.99485    
2.22528    
0.92840    
1.23836    
-0.42239    
-1.44006    
0.94160    
1.64146    
1.24600    
2.36024    
0.52169    
0.29717    
1.70984    
1.17594    
0.31905    
0.48798    
0.56789    
1.47345    
0.47483    
1.25522    
0.24902    
1.72108    
-1.67832    
-0.45887    
0.30082    
-0.49424    
1.20677    
-1.97642    
-0.22132    
-0.46733    
0.73103    
0.73468    
-0.97916    
0.52359    
0.96622    
0.47076    
-1.73669    
0.44899    
1.01650    
-1.23954    
1.47125    
0.95196    
1.65169    
1.48321    
-0.69495    
-0.01224    
-0.24666    
0.99399    
2.95817    
0.73645    
0.90840    
1.47886    
-1.67827    
1.43261    
-0.44768    
-0.19041    
0.53632    
1.62693    
0.75652    
0.20715    
1.50910    
-1.69091    
-0.42195    
1.69408    
0.27001    
1.47420    
-0.69995    
1.98394    
0.48625    
0.99544    
0.06658    
0.24427    
-0.48527    
-0.20489    
1.23677    
2.71867    
0.30037    
0.04842    
0.47791    
-2.14265    
-0.23793    
0.23327    
1.20466    
0.55439    
0.05968    
0.79151    
0.28419    
-0.29790    
0.96703    
-0.24905    
-0.16887    
-0.18354    
0.75008    
1.76216    
1.48973    
-2.18213    
0.02551    
-0.25181    
0.04617    
2.38656    
0.22399    
0.80577    
0.80219    
0.77756    
1.00688    
-1.41480    
-1.20033    
-0.94988    
0.00234    
0.71717    
-0.42707    
0.19426    
-0.05361    
-0.16202    
1.51782    
-0.24260    
1.93232    
1.44833    
0.75030    
0.06448    
0.76861    
3.85923    
1.26136    
0.29212    
-0.02822    
1.29318    
0.31108    
2.43126    
0.95460    
0.30145    
2.70842    
-0.46506    
1.03230    
0.01611    
2.70233    
0.63915    
0.43634    
-0.47224    
-2.16757    
0.29025    
-0.20754    
0.48523    
0.96214    
1.48354    
-0.38991    
0.02826    
3.18983    
0.55078    
0.26838    
1.17523    
-0.44508    
0.49436    
2.50280    
1.20054    
2.45668    
-0.19830    
0.24636    
0.27713    
0.10593    
1.00099    
0.06716    
-0.22781    
0.92187    
0.48813    
1.02558    
-0.19433    
1.30584    
-0.95064    
-0.42942    
0.04407    
1.48511    
0.24711    
1.03271    
0.75857    
1.25431    
1.20909    
0.03103    
2.44251    
0.49609    
-0.01683    
0.50752    
-0.67540    
1.01378    
-1.03172    
-2.14254    
1.13757    
0.26431    
-0.71997    
0.24224    
0.54321    
0.73239    
0.27760    
2.15773    
3.11562    
0.29484    
0.52874    
-0.92610    
0.97319    
1.67435    
-0.46914    
0.92533    
0.00330    
-0.71139    
1.90962    
0.29323    
0.47389    
-0.15975    
0.77013    
0.49372    
1.92505    
-0.20946    
-0.20989    
0.46241    
0.75013    
0.73543    
1.20925    
0.73435    
0.71066    
1.04682    
-1.15982    
0.75488    
-0.76959    
1.50016    
-1.13034    
1.43278    
-0.18128    
-0.05731    
-0.99422    
-0.46390    
-1.88056    
-0.39218    
1.67911    
0.22213    
0.75611    
0.74124    
1.94537    
-0.00654    
0.72956    
2.01791    
-1.39900    
0.42854    
0.00460    
1.05731    
1.26828    
0.70452    
0.82319    
0.28903    
0.46269    
0.28935    
-0.46233    
1.13595    
-2.46664    
0.01164    
0.06848    
0.97844    
-0.01872    
-0.49970    
-0.21738    
1.89984    
0.73694    
1.27709    
1.49065    
0.96203    
0.22491    
-1.24639    
1.94553    
1.44776    
-0.16492    
-0.45542    
0.72173    
1.92751    
4.01355    
-1.66851    
-0.15984    
1.45901    
-0.64893    
0.96710    
2.24071    
-1.43974    
1.72736    
1.51149    
2.42413    
-0.72696    
1.95190    
1.43396    
0.00414    
0.07931    
2.13599    
2.18818    
0.97337    
0.19174    
0.99046    
1.88431    
1.53239    
1.70119    
0.49874    
0.82247    
0.99358    
2.48339    
2.22703    
-0.94624    
0.75834    
0.50536    
1.72114    
0.77796    
0.56001    
-0.95922    
0.20776    
0.26239    
1.45272    
1.45280    
1.68385    
1.16734    
2.45463    
0.30783    
0.24786    
1.47000    
2.67507    
0.71355    
0.46962    
0.30154    
1.25772    
-0.28797    
0.27308    
1.73974    
0.10993    
0.75668    
0.48789    
0.01329    
-0.40054    
0.31115    
0.04540    
-0.74254    
-0.72843    
2.22077    
0.73501    
0.97005    
0.50163    
0.24581    
0.96420    
1.03512    
1.96042    
0.50102    
0.04638    
-0.44042    
1.21030    
1.17119    
0.29105    
0.53954    
1.42217    
1.23860    
-0.49554    
1.93500    
-0.01221    
-1.03647    
0.29635    
0.27453    
-0.86988    
0.48197    
-1.21748    
0.26680    
1.25471    
0.68001    
-0.71160    
0.50929    
1.53580    
-0.99169    
0.52712    
1.24209    
2.85957    
-0.20508    
3.86339    
-1.62100    
0.97095    
-0.49004    
0.25704    
-0.69264    
0.72409    
0.30512    
-0.18658    
-0.22887    
-0.87706    
1.19787    
1.91611    
-0.27124    
-0.68047    
0.50448    
0.81338    
1.25737    
0.29815    
