5.05178    
6.38904    
2.49124    
5.49727    
4.91581    
4.49636    
7.08120    
1.18388    
5.91089    
6.48849    
3.53490    
3.06593    
3.44751    
3.34248    
8.14728    
1.11066    
5.57789    
4.15590    
8.01065    
2.18018    
4.00891    
4.62445    
6.44886    
6.92169    
6.67332    
3.03753    
0.63548    
5.97368    
8.06129    
3.07050    
1.10520    
6.00797    
4.99907    
4.09569    
6.96564    
3.90931    
5.05060    
6.94382    
2.99783    
4.96701    
2.95741    
3.34458    
0.17301    
3.14722    
6.04990    
1.26232    
5.66489    
0.55847    
6.03429    
3.13954    
1.50902    
5.78318    
5.02881    
7.50023    
0.16860    
4.11201    
1.60162    
3.41495    
3.62409    
3.90391    
5.39047    
2.12040    
1.39291    
2.17084    
3.50443    
6.88778    
3.98201    
8.01460    
4.88342    
4.88357    
3.08509    
2.98196    
5.94979    
5.97567    
6.96914    
5.46860    
0.07965    
1.36056    
4.00098    
0.29100    
4.95929    
3.19563    
4.13643    
4.19032    
2.94343    
3.04476    
0.22568    
3.83720    
0.76332    
0.81935    
4.04179    
3.57258    
4.37152    
7.95899    
6.30483    
3.87248    
3.59154    
6.84252    
0.96706    
4.95224    
5.34855    
6.88460    
6.01943    
4.52298    
6.01056    
5.37573    
2.96774    
3.60224    
2.01774    
2.58955    
0.75856    
4.82257    
0.73625    
7.47986    
0.23347    
4.95615    
1.50194    
4.45919    
5.89535    
3.00175    
3.47417    
4.32737    
7.02050    
0.11822    
3.08595    
4.11096    
4.00500    
1.04267    
4.00586    
0.10119    
1.01651    
5.97529    
8.89362    
-0.85233    
1.01918    
3.05206    
5.96969    
4.50855    
6.01319    
3.04668    
4.07906    
3.03884    
5.79777    
2.66034    
3.94518    
2.55394    
1.68578    
3.10190    
4.09234    
4.21454    
5.09847    
4.93638    
5.90693    
2.15511    
3.94342    
4.04565    
4.99475    
1.15287    
1.17222    
4.04140    
5.07626    
3.58246    
1.56223    
3.94571    
4.14370    
3.05056    
0.20406    
3.92581    
4.96807    
2.95057    
5.29169    
2.34690    
6.23260    
2.97435    
5.01688    
2.05511    
2.91765    
6.66346    
3.60807    
6.07706    
2.07286    
2.99519    
6.07779    
4.86937    
2.67205    
5.62206    
7.87972    
2.98617    
4.09499    
5.28870    
5.40190    
2.02853    
4.04422    
1.05834    
2.52751    
5.90324    
4.23119    
3.49923    
2.01253    
3.86333    
0.23971    
6.42575    
1.06447    
6.16952    
3.15150    
6.60359    
4.54075    
5.99807    
5.17981    
1.10609    
4.96658    
2.09328    
5.90869    
3.46178    
9.31276    
9.72356    
6.05237    
4.09502    
4.47743    
6.99271    
5.52651    
7.95437    
4.06875    
2.46555    
4.00921    
4.04130    
6.94157    
6.75933    
4.98678    
6.99970    
-0.68607    
1.00356    
1.44446    
0.12156    
-1.83163    
2.15173    
4.94282    
3.45398    
8.25293    
2.94502    
4.85616    
7.78094    
8.59889    
2.14776    
6.98972    
4.81645    
1.20418    
3.12753    
0.23067    
3.10793    
1.13542    
3.10399    
0.18649    
5.90234    
5.92669    
5.41767    
1.59009    
3.17444    
6.17090    
5.01715    
4.90481    
1.10409    
5.46145    
4.08955    
5.01736    
2.16678    
2.58024    
3.57862    
4.07297    
5.41534    
5.95534    
6.16087    
4.13147    
4.02461    
8.51274    
7.18989    
5.61392    
3.66205    
4.88518    
4.89808    
5.02707    
4.08374    
1.26448    
1.09701    
8.47264    
0.19805    
3.47712    
0.67887    
3.97842    
4.91241    
2.68670    
-0.32161    
5.05769    
-0.90753    
6.65133    
6.63949    
1.23545    
2.10880    
5.80910    
4.91792    
5.55991    
4.44781    
3.40840    
2.98419    
8.09338    
3.99507    
3.98016    
1.47363    
1.05771    
3.96457    
0.13258    
1.24999    
0.28900    
3.07617    
4.97660    
3.56435    
6.00190    
3.56085    
1.23027    
2.05364    
4.12935    
5.53820    
8.72516    
4.08406    
7.40321    
4.57356    
2.46427    
4.90842    
0.13153    
2.17404    
0.10824    
3.99958    
2.08561    
6.94200    
4.10752    
-1.68816    
5.04096    
1.16953    
4.51790    
1.09476    
5.24982    
6.99687    
4.10394    
3.15710    
4.93341    
-1.42386    
7.42929    
4.97684    
7.93503    
1.07651    
3.57994    
4.95548    
6.01110    
0.16693    
5.87926    
3.11614    
6.01671    
6.95326    
2.54340    
4.97095    
2.54931    
2.01128    
4.84793    
4.16433    
2.46506    
5.11240    
2.30165    
3.08836    
7.19135    
2.01458    
0.61193    
4.56153    
5.33131    
0.68735    
3.98170    
3.04509    
5.23928    
0.30705    
1.52966    
4.48298    
8.05391    
0.25509    
-0.89661    
6.66410    
3.24028    
6.00636    
5.05826    
3.00969    
4.58058    
3.66950    
3.06043    
2.90036    
0.06817    
3.02689    
4.04590    
4.95864    
3.45368    
1.65678    
1.04461    
7.00752    
7.08635    
2.29017    
2.48855    
4.54481    
4.94026    
3.06374    
4.04789    
3.32781    
5.62543    
7.02680    
4.85306    
6.92467    
2.17384    
2.13427    
5.04188    
1.07069    
4.07457    
1.16036    
6.05093    
2.88302    
1.21621    
4.39508    
1.27784    
2.63678    
0.70846    
3.45951    
7.78488    
3.50093    
2.57830    
4.36458    
6.93665    
5.06955    
7.83519    
3.44105    
4.93775    
5.22696    
6.36303    
1.03822    
0.16524    
4.43917    
4.95050    
4.08152    
3.20401    
3.02054    
4.51226    
2.98243    
2.58172    
7.06994    
2.11135    
2.06659    
1.06814    
8.49436    
3.10056    
1.18260    
6.11145    
-0.82234    
5.01442    
4.91374    
6.15503    
4.97494    
8.03666    
6.60129    
4.09876    
5.27740    
2.30830    
4.10045    
5.44597    
5.93756    
6.94601    
4.12959    
6.98210    
1.98940    
3.03877    
4.05200    
8.00752    
2.93118    
5.24596    
9.94749    
4.04030    
3.03230    
5.33073    
3.15570    
6.00426    
2.11708    
2.01197    
4.92895    
4.07029    
3.72496    
4.97424    
2.14618    
2.62575    
5.99774    
5.07562    
6.07067    
1.95775    
7.16699    
5.83477    
6.03787    
6.28484    
6.97306    
5.38717    
8.60172    
1.20101    
-0.03081    
3.21646    
4.88852    
6.95430    
5.65014    
-3.21283    
6.15470    
3.99867    
4.17209    
4.09193    
2.52883    
5.03172    
5.38338    
3.12362    
4.51281    
3.45493    
4.95934    
5.06114    
3.90556    
2.64525    
6.02256    
4.19299    
4.96272    
2.12468    
5.08637    
0.62186    
5.93984    
5.50287    
0.12277    
6.86840    
5.03689    
3.55227    
6.53943    
6.91829    
3.89629    
3.13722    
4.63794    
6.03845    
4.86241    
7.56349    
2.98828    
3.15061    
3.16014    
-0.83167    
6.20031    
-0.04336    
4.06088    
3.50384    
6.92984    
7.90634    
5.30459    
0.38437    
7.00191    
3.94405    
-0.77786    
6.43263    
2.21770    
5.06438    
2.05165    
2.04506    
4.03562    
5.75882    
2.08682    
3.02791    
0.07833    
5.05253    
2.61108    
3.53233    
3.59267    
6.21954    
2.86945    
2.65577    
-0.45839    
6.19414    
4.78807    
3.95730    
8.12555    
0.32313    
6.11048    
8.39872    
4.56745    
2.47867    
5.32951    
-0.85259    
5.30863    
3.95834    
4.47336    
3.29154    
7.00260    
5.49203    
9.35220    
4.51211    
0.17797    
1.56819    
7.88026    
5.01220    
4.03626    
7.30188    
4.62934    
5.07934    
1.04077    
0.62841    
1.73911    
5.07354    
2.02419    
6.51083    
4.95868    
-0.68229    
7.83261    
4.02805    
5.88511    
7.57438    
4.52382    
5.03001    
3.90015    
1.48309    
3.01631    
7.03532    
6.03445    
4.53284    
3.17978    
1.05501    
3.60176    
0.63944    
1.45288    
6.03220    
8.54037    
5.11284    
5.05077    
3.18052    
3.22843    
6.28113    
8.86932    
1.07280    
2.23682    
4.80286    
2.19348    
1.09503    
5.98582    
3.85664    
4.57891    
7.44286    
4.95222    
5.49354    
4.77582    
-0.63102    
4.95120    
6.11714    
4.36954    
4.42610    
3.08055    
3.92242    
1.97273    
4.12679    
6.60152    
5.90533    
5.96462    
5.36476    
5.03764    
4.97641    
1.27992    
3.17168    
4.10080    
4.94046    
3.44467    
3.62993    
3.10159    
4.61994    
2.96986    
3.21869    
1.05054    
0.99314    
4.90425    
5.06646    
4.38067    
2.14697    
2.18361    
5.99855    
4.55129    
4.07973    
7.98452    
0.14640    
4.61105    
2.70616    
5.53148    
5.84870    
2.84225    
2.10788    
3.56493    
6.00058    
6.35622    
1.21797    
3.13161    
2.11615    
4.05923    
5.01278    
3.61987    
0.63639    
3.64234    
1.96574    
5.06075    
3.98078    
4.85868    
2.96151    
3.58682    
6.02801    
5.54760    
5.09153    
5.27530    
3.96702    
2.08242    
2.04413    
0.55075    
3.22757    
3.48792    
4.76120    
4.67454    
4.90108    
3.99240    
2.47922    
6.19554    
3.81529    
3.10047    
5.48634    
4.90991    
4.00622    
-2.89862    
3.90123    
6.71362    
5.87884    
2.96928    
1.17041    
3.92412    
4.44989    
5.51283    
3.01172    
3.05893    
4.42209    
1.65874    
2.98023    
5.97147    
5.08771    
5.84737    
5.65530    
0.20183    
-1.06616    
4.02751    
1.19941    
0.09895    
6.55477    
5.87632    
8.01254    
3.99836    
3.69149    
-0.20482    
0.00617    
5.03260    
6.94486    
4.00276    
-0.84115    
1.17501    
3.96796    
3.96856    
4.12851    
1.64996    
3.52675    
4.52961    
4.39286    
4.94069    
3.97776    
1.24071    
4.89458    
6.02156    
5.95292    
6.94418    
4.10772    
3.25317    
3.03946    
7.81591    
4.96646    
2.00475    
1.98422    
1.51777    
0.51178    
3.68647    
3.39694    
1.95079    
0.22940    
8.00524    
4.54811    
2.33264    
2.12855    
4.04103    
2.00766    
5.07417    
1.95987    
4.57808    
4.03506    
4.99918    
6.02160    
3.94577    
2.05344    
3.07077    
4.50286    
5.05091    
7.87569    
1.12726    
3.18729    
5.04735    
0.12396    
5.97551    
1.34792    
3.07488    
5.05789    
5.90384    
0.23794    
8.88784    
6.97233    
3.18329    
6.92079    
3.48385    
-0.96185    
5.45429    
8.40568    
3.02097    
5.14063    
6.80846    
-0.84076    
-3.87666    
3.60315    
6.43721    
3.01677    
4.05105    
3.09774    
7.90523    
5.50546    
1.70359    
7.38363    
6.99660    
8.93744    
6.13935    
2.85477    
0.61466    
6.95317    
6.65262    
7.80164    
10.27912    
7.79432    
5.16054    
2.06107    
5.04510    
3.02787    
3.50806    
6.10892    
6.09862    
4.91764    
5.01176    
6.00816    
1.10907    
2.98735    
1.03471    
3.06603    
2.07039    
2.96649    
5.95711    
3.99715    
-0.82442    
5.07606    
5.98756    
7.12434    
4.06478    
2.17619    
6.06193    
6.95979    
0.10957    
6.85707    
-0.87207    
3.95055    
0.97453    
3.11132    
7.93973    
4.15718    
2.92714    
3.44828    
2.10369    
3.17223    
1.12221    
5.04874    
6.44399    
0.20552    
1.24132    
4.04941    
8.14784    
2.06263    
1.09612    
3.94124    
5.96989    
3.97107    
4.16001    
3.08979    
0.32992    
3.11274    
2.08286    
7.43057    
5.90156    
1.92238    
0.79294    
4.05296    
3.67816    
0.98634    
4.91298    
2.03714    
6.13092    
5.95575    
3.79044    
4.45461    
4.99044    
4.98339    
4.98062    
2.31928    
1.17068    
4.16648    
5.93008    
2.10725    
7.90525    
4.09245    
1.08274    
3.99521    
3.01015    
6.77791    
3.10734    
1.12831    
3.83538    
6.97120    
4.06255    
4.89388    
2.62323    
3.57764    
8.48577    
5.46454    
6.09360    
4.00173    
3.00193    
3.07284    
2.14406    
6.01806    
3.01394    
3.02012    
3.00942    
6.57058    
2.06644    
4.08316    
5.30517    
2.99722    
-0.30386    
6.05445    
2.99593    
5.96451    
3.12722    
2.17095    
2.91081    
5.45127    
6.02679    
7.02466    
2.95380    
4.07403    
2.56755    
3.02750    
5.06517    
4.49097    
0.07756    
4.55691    
8.03209    
5.93309    
1.12300    
4.13848    
2.55499    
4.50035    
2.83031    
5.11563    
5.01775    
7.91292    
-0.92659    
4.10102    
7.02102    
0.49295    
1.87723    
3.12530    
5.10146    
-0.68157    
2.84919    
3.99626    
0.60132    
5.33034    
1.62761    
5.92654    
4.02704    
2.59025    
1.17832    
2.08122    
3.89274    
7.88837    
2.15443    
5.98655    
1.27033    
4.81494    
3.22045    
5.44906    
5.99940    
3.94591    
-0.01674    
-0.99603    
5.04233    
1.99965    
5.08316    
4.97832    
-0.76982    
5.97578    
6.08159    
6.00835    
1.20141    
2.26973    
5.00766    
4.99158    
1.30147    
4.04456    
7.45477    
5.08446    
0.55488    
7.05505    
5.51255    
5.03300    
4.51987    
0.09949    
3.00072    
5.53565    
4.59685    
6.07794    
5.86077    
2.59078    
5.95153    
7.12763    
5.00259    
3.06725    
4.42070    
7.53172    
7.88052    
4.00374    
2.01030    
2.10358    
4.99316    
4.07666    
2.57862    
5.83812    
4.00325    
0.24057    
-0.98793    
5.03842    
2.89455    
3.78990    
3.86220    
2.19082    
7.36254    
4.78196    
2.05771    
6.09974    
2.91632    
-0.03347    
7.43107    
4.50991    
4.48626    
-0.87382    
3.96506    
8.54647    
4.68232    
4.00564    
4.46495    
7.07769    
4.11653    
4.14927    
3.05456    
6.09487    
4.98308    
6.04970    
2.55667    
3.01909    
6.07328    
0.13092    
2.31556    
2.55890    
1.04987    
5.83846    
2.14651    
5.06030    
5.96918    
-0.71777    
4.92545    
6.27119    
5.96470    
7.42144    
0.04038    
5.44005    
6.44628    
4.04956    
0.45372    
4.01320    
7.04202    
5.01467    
4.91916    
2.04379    
5.96830    
5.08961    
6.59268    
-3.14159    
3.13876    
3.93881    
3.03886    
3.08143    
5.08094    
4.96609    
4.45669    
3.19076    
4.20330    
1.95259    
3.55364    
3.00684    
6.98698    
6.37736    
7.10446    
5.89164    
1.08460    
5.12272    
2.11743    
4.18165    
6.86632    
5.03426    
6.24688    
1.12866    
1.67824    
4.87109    
5.93035    
7.06741    
4.52776    
0.06171    
6.14389    
3.10465    
4.60714    
8.96259    
3.70237    
4.52535    
4.63320    
1.15025    
4.14094    
1.95845    
6.72513    
6.02820    
6.06802    
5.91311    
2.09994    
4.01825    
4.86569    
4.10992    
-5.33591    
5.48236    
4.07878    
8.00387    
7.13265    
4.04178    
4.89088    
3.96160    
7.48281    
7.52109    
4.95635    
2.13567    
5.19157    
3.04244    
-1.81815    
2.05020    
5.96917    
0.58471    
1.01699    
4.95406    
6.12886    
4.10608    
2.14782    
3.04654    
5.82470    
7.51586    
7.09448    
3.10761    
1.17107    
6.59065    
1.97965    
6.05610    
3.97025    
0.66893    
1.60776    
3.21851    
5.06828    
-0.65361    
4.90148    
3.94196    
2.57399    
1.07960    
4.24885    
6.11789    
4.63990    
-0.02091    
1.48239    
4.37881    
4.82205    
3.01013    
7.37830    
6.53442    
3.11107    
5.14100    
1.97820    
5.98348    
4.01517    
1.10625    
7.10710    
7.02294    
6.88337    
4.16592    
4.91351    
-0.37291    
3.49199    
4.09591    
5.86082    
3.74338    
5.93480    
2.06436    
3.08950    
1.20902    
5.81925    
4.00518    
6.92418    
4.06912    
3.15498    
5.40015    
2.87602    
4.68458    
1.18791    
4.85369    
4.47462    
3.70069    
0.21383    
3.15791    
3.94625    
3.44249    
6.92750    
3.45331    
9.36256    
5.38395    
2.55142    
4.83979    
5.90172    
5.00815    
8.09506    
6.22312    
-0.02212    
4.98238    
2.02027    
0.15368    
4.00560    
5.87759    
3.10299    
5.02635    
5.94240    
1.95966    
5.62829    
5.83379    
4.95916    
-1.98987    
4.92906    
5.03591    
7.87563    
5.04107    
3.10667    
1.03984    
10.77459    
4.95454    
2.99752    
3.19829    
7.94983    
5.20185    
2.02192    
4.01963    
6.00979    
4.07996    
3.23009    
5.04499    
5.02163    
5.13596    
1.24545    
2.99477    
3.85411    
3.24573    
7.42903    
3.91316    
5.10605    
4.02411    
6.88732    
2.45801    
1.35983    
2.23401    
7.99422    
5.01266    
3.00083    
5.05935    
5.47470    
1.13200    
6.92780    
7.97194    
5.97954    
8.10857    
6.97255    
6.06482    
8.00855    
4.02290    
4.87343    
3.05034    
2.24021    
7.87877    
3.01609    
0.48574    
7.96281    
7.08987    
5.01842    
6.91160    
5.50846    
0.70213    
2.94924    
1.03573    
4.01017    
4.06746    
0.99649    
2.05292    
2.57870    
-2.69250    
3.03040    
6.45287    
-0.63466    
6.99267    
1.90874    
3.65410    
5.99141    
4.06243    
5.97899    
2.54845    
2.03621    
1.52077    
7.36496    
1.10100    
1.57655    
2.13598    
6.98663    
7.05903    
0.49194    
4.00884    
6.95321    
0.15949    
0.06506    
8.00208    
2.05628    
7.49584    
1.55199    
4.13127    
5.99794    
5.86532    
5.02477    
1.92986    
2.93614    
4.60103    
6.01073    
4.64602    
3.92094    
1.12288    
4.76534    
4.00902    
3.90025    
1.17684    
4.12902    
2.45989    
5.79462    
5.81970    
3.26468    
6.04839    
4.89232    
5.84562    
2.99792    
5.48190    
6.09069    
5.75310    
3.00457    
3.12899    
6.33208    
0.64222    
3.07263    
4.12001    
-0.85067    
5.98236    
-0.25585    
5.94014    
4.87626    
4.76739    
5.05467    
5.05323    
4.88101    
1.21529    
8.09172    
2.88396    
5.49113    
2.84071    
5.99736    
3.04420    
3.55090    
3.14400    
4.11339    
3.03626    
5.41296    
2.05631    
6.88892    
6.07919    
3.98157    
5.13470    
4.55006    
4.51846    
6.99133    
-0.94116    
0.06008    
0.49656    
5.51255    
8.01559    
3.17312    
2.16193    
6.54367    
4.07996    
4.91991    
4.08300    
6.51210    
1.16589    
5.13980    
0.13862    
6.00507    
7.05131    
0.92706    
-1.43200    
6.83402    
2.15761    
6.00184    
3.16509    
3.96111    
5.00615    
4.50168    
0.12353    
1.95928    
4.06822    
5.91754    
-0.78451    
-0.04515    
4.12945    
7.44159    
5.93428    
5.53748    
-0.76860    
1.14832    
7.38905    
6.51518    
-0.89648    
4.60321    
2.14383    
7.77510    
2.55839    
1.78545    
3.10824    
0.08270    
5.17814    
4.04405    
1.99132    
4.60706    
3.11186    
4.03107    
4.86148    
3.29577    
5.48657    
5.34161    
3.03636    
4.53349    
1.09013    
7.04603    
6.45902    
3.99254    
6.99828    
6.37452    
6.58800    
1.96977    
4.95907    
2.56777    
3.53151    
0.21235    
2.18344    
4.14642    
0.18209    
8.99645    
0.62976    
3.07671    
4.89033    
3.85632    
3.84969    
3.97474    
4.92786    
7.44989    
1.24909    
3.96312    
5.13475    
6.96904    
-0.65199    
5.44318    
4.92554    
3.89955    
7.00907    
3.13834    
5.86768    
4.15171    
1.05087    
7.60748    
0.80969    
4.34237    
2.25111    
1.14024    
3.63737    
0.68239    
6.13940    
2.17861    
3.12752    
5.07925    
4.96878    
1.21141    
0.03867    
1.02477    
4.03986    
3.99863    
3.20816    
4.22241    
3.62090    
2.60202    
7.48493    
3.71652    
2.53813    
3.03652    
3.00947    
6.09500    
2.95898    
-0.42721    
-1.69501    
2.77410    
6.01099    
7.52949    
0.22166    
5.99657    
4.06718    
3.18659    
3.13597    
5.92656    
3.39774    
2.98863    
0.55916    
5.08468    
3.87940    
3.99848    
6.02680    
8.08230    
4.89805    
0.54215    
6.03239    
7.33278    
5.78119    
4.90170    
4.11320    
3.13631    
3.85343    
6.87528    
5.83114    
3.05420    
4.94034    
3.06107    
4.56392    
2.12241    
3.05187    
-0.07338    
3.00629    
5.51365    
3.99703    
3.83096    
2.17875    
5.87667    
5.04859    
4.08346    
6.08624    
0.70306    
3.97884    
3.11240    
4.07689    
2.99622    
2.16615    
9.02131    
6.11402    
5.47977    
2.48875    
1.31913    
2.62809    
1.04706    
5.05676    
3.97961    
-1.34256    
2.07845    
2.60947    
1.12063    
4.45846    
7.41950    
4.55037    
4.07807    
3.13795    
-0.22012    
5.04870    
1.03383    
8.93530    
2.19979    
4.04564    
6.83644    
5.89408    
3.93970    
0.15793    
2.98984    
0.99019    
7.99674    
7.95860    
2.95869    
2.89882    
1.99688    
4.79314    
6.12574    
3.83810    
4.05470    
5.88902    
6.06428    
5.24713    
-0.65611    
4.08581    
4.95082    
5.93236    
6.00269    
2.14915    
5.90668    
1.19518    
5.11613    
4.10547    
6.59157    
1.03223    
4.45574    
4.71491    
6.02405    
6.99818    
2.07000    
4.03554    
3.05168    
0.15881    
6.89597    
4.05414    
1.15929    
5.93669    
3.46175    
4.86430    
2.58361    
1.49847    
1.22431    
3.06616    
6.35212    
6.94848    
6.93134    
0.62180    
4.81763    
2.17044    
7.34158    
6.99466    
2.83400    
1.94575    
1.08189    
5.85843    
3.96029    
4.84162    
4.55467    
3.05443    
5.36424    
3.03296    
-1.30286    
3.16081    
3.98599    
2.96195    
3.95746    
9.07654    
8.36478    
6.75082    
3.63181    
1.21121    
10.01829    
4.99721    
6.85509    
8.01024    
4.14704    
3.11823    
3.06161    
6.49923    
4.25015    
3.07045    
7.47624    
0.67601    
0.01736    
8.03932    
6.94872    
4.97693    
3.76866    
2.00644    
2.63312    
1.05945    
5.40604    
5.98940    
12.90341    
2.03659    
2.11235    
4.97184    
5.99834    
3.13357    
4.96982    
3.12859    
4.50309    
5.74503    
5.02551    
-1.84138    
4.04517    
8.39475    
7.78448    
7.58869    
4.91446    
7.08321    
1.50635    
4.88780    
3.92067    
6.39502    
5.61688    
7.95113    
3.03078    
6.00123    
3.07605    
3.59884    
5.85521    
2.16796    
7.13541    
5.96594    
7.05399    
6.83991    
5.18017    
0.43295    
4.31807    
4.80641    
3.04373    
4.17231    
5.45532    
5.01385    
2.59826    
1.64231    
3.15068    
1.25809    
4.17947    
4.90743    
2.53395    
-0.83250    
0.08859    
5.91770    
6.39167    
2.00370    
0.97429    
4.64066    
5.15400    
-0.84002    
2.96514    
2.29489    
3.05412    
3.90390    
8.49137    
1.20628    
7.47935    
0.29767    
7.90053    
2.02030    
4.04569    
5.98377    
1.95099    
1.63297    
4.92997    
7.87365    
5.85496    
2.96953    
0.24879    
4.95508    
6.48258    
3.18339    
5.42907    
1.75360    
4.99513    
4.08397    
1.16273    
-0.71756    
4.15231    
3.88622    
5.64678    
7.49181    
5.84723    
8.90432    
2.91265    
7.01961    
6.91483    
3.87274    
0.20661    
7.12282    
6.56751    
4.09709    
0.92400    
5.02932    
5.81728    
4.87591    
8.08188    
4.90503    
4.07823    
7.85196    
2.57622    
4.46009    
5.37521    
4.44863    
4.92300    
3.51219    
2.03836    
3.06029    
2.96813    
2.25279    
4.00059    
3.91151    
5.80586    
5.92208    
5.93876    
4.44867    
2.09042    
3.86514    
6.91384    
4.55989    
5.80233    
0.77196    
4.93476    
2.00917    
2.99432    
3.94441    
3.87059    
4.89410    
6.33243    
5.00356    
0.99720    
5.04203    
6.03245    
3.93923    
6.51430    
9.39603    
3.14059    
2.17164    
4.01688    
7.99467    
4.76136    
4.66427    
2.54041    
5.00066    
-0.21876    
4.96518    
3.97656    
8.02095    
1.16690    
3.47167    
2.14870    
6.86727    
6.13443    
5.00270    
4.13045    
3.91792    
7.40171    
6.89383    
0.23416    
2.00698    
4.97385    
7.04238    
1.07868    
1.97474    
6.02748    
2.09075    
2.04494    
3.60449    
9.99926    
8.78405    
2.19531    
4.01618    
3.51930    
-0.95787    
5.99520    
4.37025    
4.97387    
1.06658    
3.99094    
4.07422    
5.00451    
6.08872    
2.90840    
2.47519    
5.13366    
3.04217    
6.09207    
0.13501    
3.32604    
6.98795    
6.49930    
0.00503    
6.09666    
4.65570    
1.22042    
5.94303    
2.61129    
4.87394    
6.02527    
5.03160    
5.12380    
3.96501    
0.91949    
6.07262    
0.21838    
3.45580    
2.13604    
4.99165    
-0.39739    
5.02313    
6.06522    
6.73342    
8.42046    
5.03857    
2.22221    
5.44687    
-0.85242    
2.86885    
3.94207    
0.18866    
2.59486    
2.98833    
2.18993    
3.87112    
2.16280    
5.96409    
5.89005    
0.97595    
6.11031    
5.10054    
9.41353    
4.03134    
5.01133    
5.09223    
1.75882    
3.93032    
3.06468    
3.88510    
3.00045    
6.76726    
7.01699    
5.13139    
5.49576    
5.39377    
2.60923    
2.09755    
4.05945    
6.35972    
2.52311    
2.17234    
3.05309    
-0.87877    
2.53943    
5.83299    
-1.83526    
5.07237    
2.13875    
4.22006    
6.46192    
2.98798    
7.41808    
4.09666    
1.47549    
3.50196    
3.03791    
2.98200    
6.89521    
6.02600    
4.19935    
3.59750    
3.98070    
3.39653    
3.43396    
0.13268    
1.68378    
2.09802    
3.66281    
0.14891    
4.08701    
8.39233    
6.39433    
5.92339    
5.93370    
5.89240    
4.99895    
5.45165    
4.91763    
4.28628    
0.57268    
3.11811    
2.11656    
7.13223    
3.09688    
5.52427    
6.97225    
2.06664    
4.06326    
3.03510    
4.00788    
5.02606    
6.25310    
1.93590    
2.02747    
-0.68083    
3.05189    
0.70513    
4.58556    
1.17886    
3.11775    
6.00666    
1.16346    
7.69772    
6.97401    
3.85632    
3.88066    
3.22914    
3.96543    
1.09111    
5.64896    
6.40895    
5.90170    
1.14295    
2.39375    
2.99032    
7.19198    
3.50463    
1.02506    
5.02616    
6.05966    
-0.74369    
0.63732    
5.01636    
2.15650    
4.55584    
0.20821    
6.94178    
2.82484    
4.90794    
0.57975    
5.89627    
3.47745    
6.77385    
4.46826    
8.04853    
6.87535    
6.92396    
6.56709    
3.82432    
3.96784    
3.33604    
3.13661    
3.83065    
6.46829    
4.97127    
1.00483    
5.00745    
1.08579    
6.95457    
3.98065    
2.07689    
6.04948    
2.16383    
4.98121    
6.47992    
10.03545    
3.02152    
6.99861    
7.48199    
4.02068    
-0.85598    
2.90018    
0.66079    
5.58531    
5.92143    
2.11024    
3.18880    
3.07155    
3.09161    
4.62182    
3.00045    
6.35105    
5.85003    
6.94308    
9.86759    
2.13697    
6.90197    
5.13382    
2.92787    
4.92873    
5.08109    
3.90036    
5.49672    
2.71023    
6.14829    
3.94239    
2.03631    
2.07943    
4.46914    
6.12505    
5.47763    
6.47874    
3.78477    
2.45352    
2.17555    
3.63160    
3.08330    
2.12030    
0.10168    
5.02989    
3.39255    
5.98975    
4.96817    
4.70935    
3.99765    
5.08350    
8.83995    
5.00408    
2.47462    
1.17886    
2.55498    
2.63697    
5.02729    
3.02170    
4.86373    
5.13369    
1.12369    
7.02159    
2.04509    
7.46454    
2.53355    
2.02150    
5.01159    
5.39218    
3.44303    
5.07848    
3.07777    
2.03299    
3.97951    
4.09717    
2.64756    
4.08015    
1.63248    
3.91566    
1.61689    
5.84971    
3.19322    
3.05950    
2.98126    
4.01770    
5.54679    
5.87934    
-0.41900    
2.85327    
5.88931    
5.01006    
4.02008    
3.03448    
1.64210    
2.98475    
2.98077    
5.15505    
4.41574    
-0.81527    
6.09957    
5.73846    
5.07920    
4.06700    
4.15513    
1.14124    
3.53362    
7.13997    
2.68169    
3.12997    
3.42945    
6.91411    
7.02760    
8.30168    
4.39312    
5.15696    
1.38281    
2.93783    
3.12527    
-1.33598    
3.43327    
3.10307    
3.08295    
5.00906    
6.89664    
3.03300    
3.21799    
1.96507    
1.28754    
4.08873    
3.00861    
2.98522    
2.01489    
2.87449    
7.80521    
2.14704    
2.96836    
2.94264    
2.96457    
5.85762    
-1.92467    
8.46177    
0.19543    
4.00682    
5.12502    
4.00932    
-0.74985    
1.99556    
3.15733    
5.81430    
-1.76484    
5.89210    
5.42191    
-1.31590    
3.05545    
3.03468    
4.11599    
6.66265    
4.99270    
6.05441    
3.98718    
8.06945    
4.93124    
-0.06795    
4.63362    
7.82170    
2.11761    
2.86059    
5.96795    
3.87556    
0.08239    
4.96130    
4.02115    
0.11137    
5.40240    
0.12540    
7.92737    
3.18098    
4.41693    
5.11293    
4.12202    
6.06354    
3.98687    
3.03031    
5.86309    
5.02881    
3.17230    
1.13207    
5.56846    
6.87347    
3.52749    
0.10425    
5.56043    
5.90346    
9.08530    
2.76708    
1.04760    
1.00606    
3.93007    
2.10940    
4.56867    
3.56532    
1.72277    
5.93668    
4.59315    
2.04046    
3.89709    
4.93276    
0.24760    
9.85952    
-0.24252    
2.67574    
0.36029    
6.90957    
1.12215    
3.09383    
3.17602    
3.00288    
5.68851    
6.00639    
1.17779    
1.04410    
3.04783    
6.07655    
6.89582    
5.02256    
7.21093    
3.91762    
4.03738    
0.97291    
2.65438    
4.49765    
1.05648    
5.90590    
3.00030    
6.52674    
2.12991    
2.08671    
7.85380    
4.85590    
4.15913    
1.86771    
3.03708    
5.10903    
4.17852    
4.05463    
5.96767    
3.03620    
1.66466    
4.94349    
3.73287    
6.03040    
5.03262    
1.13122    
1.05165    
3.00248    
5.05756    
0.62519    
3.91742    
1.07429    
4.07958    
5.05717    
5.89705    
3.00670    
3.20103    
4.89847    
2.71878    
1.48901    
8.35614    
4.10593    
5.02940    
2.11986    
4.47729    
4.48416    
6.01102    
4.82565    
1.06216    
6.93814    
0.12484    
5.80099    
5.00619    
6.91414    
3.07434    
2.29787    
0.23726    
-0.39269    
3.04125    
0.28365    
6.28714    
1.66879    
7.01880    
3.63974    
9.90627    
5.91859    
0.29673    
4.43335    
6.55575    
5.02406    
3.89422    
1.52422    
5.58600    
1.46053    
4.07029    
4.72807    
4.04144    
5.00656    
4.07328    
5.46484    
5.99704    
5.95767    
-0.23668    
7.75536    
7.62111    
3.93003    
7.74336    
6.97533    
7.46005    
4.06212    
2.15033    
6.03494    
2.18247    
0.06180    
8.94571    
2.56269    
2.25341    
4.50904    
3.98225    
3.11147    
4.95885    
7.95549    
6.01899    
4.64859    
5.08727    
5.03288    
-0.71638    
8.55568    
4.06920    
3.82397    
6.96634    
0.29918    
3.04546    
4.99891    
3.24824    
7.94412    
2.33967    
10.97673    
4.44998    
3.59456    
4.10632    
1.96429    
2.02926    
8.00231    
4.85347    
4.39215    
3.03107    
6.92892    
9.03577    
7.60687    
1.91179    
3.03042    
6.47125    
4.88328    
3.02281    
6.88610    
5.12671    
7.41820    
1.99678    
0.21219    
9.36900    
4.94030    
0.18448    
3.53453    
1.65140    
3.20646    
3.96420    
4.97673    
3.08347    
4.23944    
-3.18605    
4.41532    
1.58437    
4.97260    
5.87903    
-0.32156    
2.96448    
2.14407    
2.06130    
3.02459    
4.02751    
4.31483    
3.91661    
3.12543    
3.14426    
9.42688    
3.17346    
7.00755    
5.77674    
4.78809    
3.96650    
2.30073    
5.36163    
5.07892    
2.11355    
-0.90447    
3.22304    
4.97200    
7.72949    
8.12927    
7.00143    
2.19817    
4.52802    
5.09855    
8.02620    
4.89097    
2.28921    
8.24431    
3.02170    
7.15312    
3.23339    
3.55450    
2.74411    
5.55666    
0.67005    
7.06694    
4.56067    
4.99811    
0.12023    
4.36600    
3.05528    
7.96394    
6.00976    
2.14450    
9.96678    
2.96940    
1.18913    
2.98637    
0.85819    
9.81544    
2.09287    
1.94888    
2.12643    
7.12700    
2.07483    
0.82220    
3.03766    
9.83393    
3.63565    
4.03167    
7.02188    
8.49948    
1.01338    
0.33349    
0.96279    
1.23089    
3.87404    
6.52451    
0.28836    
4.12749    
6.45103    
6.12481    
7.80194    
6.96084    
3.47698    
4.82576    
4.02063    
4.13071    
4.02521    
4.18650    
6.88957    
5.11670    
7.04083    
5.03712    
5.12317    
2.09399    
1.68348    
5.93150    
1.28845    
6.02250    
7.02756    
2.08225    
1.13030    
5.57074    
4.05846    
2.97004    
3.14385    
8.06297    
-2.18882    
4.54755    
3.94051    
3.16095    
4.53486    
1.04050    
5.42739    
-0.91250    
3.87098    
4.40717    
6.96298    
0.86728    
-3.56950    
6.07154    
1.62360    
1.96475    
5.21232    
0.34129    
4.03190    
4.43985    
6.01066    
3.12203    
6.92147    
5.83729    
4.58240    
1.12230    
2.70177    
3.03902    
5.97603    
5.10964    
2.93339    
10.01627    
0.29751    
3.47847    
1.23134    
-2.26139    
2.93468    
5.12204    
4.49841    
6.87428    
5.99072    
5.60173    
8.48750    
6.43250    
5.45049    
8.80731    
6.92699    
2.53758    
5.37446    
3.99002    
5.94529    
-0.70763    
5.12395    
4.01417    
4.66580    
8.01805    
5.09927    
2.13807    
2.75788    
7.00229    
6.95520    
3.93943    
1.86896    
3.90405    
1.62440    
4.92474    
5.07446    
7.29981    
6.40718    
3.10671    
5.92141    
8.93073    
3.01265    
3.90792    
3.41988    
1.80442    
4.95215    
3.88688    
1.26930    
2.52445    
4.97872    
7.08991    
6.06559    
1.90510    
2.18664    
4.01557    
6.18913    
4.09898    
2.97857    
5.96017    
-0.46207    
6.14612    
4.03329    
3.93114    
1.23297    
2.15065    
4.04169    
5.40847    
4.05095    
5.86248    
1.65065    
2.22018    
4.02653    
3.19739    
3.84208    
6.97001    
-0.97703    
1.15857    
6.16622    
-0.80723    
4.19885    
-0.86511    
-0.85155    
1.18023    
1.17153    
6.90980    
2.20344    
1.06926    
4.53561    
1.13094    
3.10116    
7.38676    
5.87232    
2.14970    
1.09118    
5.57624    
4.03788    
4.47653    
2.15583    
5.12765    
6.77808    
6.10669    
4.69527    
3.61963    
5.03367    
4.92031    
5.97303    
5.11530    
5.18667    
0.13313    
4.10501    
11.29004    
-1.89836    
4.47778    
7.82611    
4.53685    
0.21921    
1.08341    
2.22756    
7.92499    
3.96440    
7.09755    
7.92564    
2.21953    
5.45263    
4.13206    
6.90037    
0.25085    
2.06311    
5.96439    
4.06435    
4.37283    
-1.57676    
2.55660    
6.14537    
2.48157    
5.02303    
9.49202    
1.96707    
6.50060    
0.06885    
1.62527    
4.06972    
6.06004    
2.10143    
3.32782    
7.97789    
6.27035    
3.11241    
4.83983    
2.92948    
4.94446    
-0.87081    
2.72335    
6.11671    
7.96948    
5.55150    
4.08125    
9.35537    
4.10892    
6.06272    
0.20498    
5.59438    
5.05922    
1.07130    
0.27889    
4.93620    
5.59724    
4.91605    
0.08140    
5.02228    
5.61698    
7.53773    
9.98453    
12.55302    
0.10840    
0.28090    
1.21287    
4.11736    
7.70198    
6.93258    
7.01863    
5.96609    
1.78829    
4.09944    
0.63939    
3.39594    
-0.97441    
3.11762    
4.81966    
5.80251    
4.51933    
5.08447    
6.44957    
6.89660    
4.76523    
4.79535    
5.47552    
5.43721    
1.07658    
4.06241    
0.17127    
3.07386    
3.06002    
12.37708    
0.95198    
0.49303    
7.87883    
2.02694    
5.52421    
3.70474    
1.12703    
4.02526    
4.80771    
6.90572    
8.02709    
1.00792    
3.16574    
4.42029    
3.00527    
4.19894    
6.02347    
7.83238    
3.03449    
4.04548    
-0.03068    
2.18193    
3.43624    
7.09675    
4.04291    
3.10936    
4.98551    
-0.98211    
4.04007    
5.59287    
3.20420    
-0.32933    
2.10750    
7.38629    
6.06495    
2.00280    
8.83992    
2.93750    
3.03438    
3.96684    
3.09205    
4.43113    
8.13822    
4.10961    
1.15400    
4.21351    
5.02319    
11.02108    
8.02975    
4.05719    
0.18597    
1.11901    
2.91622    
6.05519    
4.63725    
5.98389    
4.91662    
2.22384    
7.84707    
5.91371    
5.08133    
6.90671    
-1.98840    
5.65450    
3.44292    
6.03948    
4.00818    
3.10942    
5.67162    
9.11118    
1.20502    
7.03768    
-1.32747    
3.10879    
3.01825    
3.47371    
5.50641    
2.03940    
4.34730    
3.53151    
6.07466    
7.87599    
0.96770    
1.15960    
6.07008    
5.05994    
0.33089    
1.10839    
5.90325    
6.16453    
2.94928    
6.40417    
4.09457    
4.91408    
4.82320    
1.22782    
7.92393    
4.46236    
4.03281    
5.99110    
7.06948    
3.26530    
1.10374    
5.96969    
3.64074    
-2.64037    
4.92370    
5.53208    
5.96657    
1.58819    
5.05245    
8.02617    
3.54981    
8.15826    
6.91920    
3.43685    
2.66209    
5.99139    
3.15086    
3.98535    
8.93059    
2.69826    
0.17697    
6.96626    
5.67019    
7.78082    
3.64298    
1.23713    
3.87248    
5.18643    
4.90281    
2.91580    
4.12769    
7.03105    
2.11949    
4.05423    
4.39736    
6.39828    
-0.37800    
2.05178    
2.21221    
3.95920    
6.60161    
4.66445    
6.00515    
8.91268    
1.15395    
4.40675    
6.02360    
4.20035    
9.48695    
6.94914    
4.98004    
4.96436    
5.41089    
1.60947    
6.86875    
3.08057    
4.35430    
4.04498    
3.88308    
0.94142    
2.52671    
0.60336    
3.92856    
6.45390    
1.03580    
2.10336    
-0.63878    
0.14344    
5.49289    
5.08010    
3.19578    
2.17469    
3.94395    
6.93139    
0.16002    
4.80022    
5.89729    
4.09099    
4.54932    
5.85387    
0.22047    
3.11359    
8.82719    
3.94907    
7.18355    
2.16702    
3.61435    
4.01021    
-0.85738    
5.04267    
6.68929    
5.06807    
5.65711    
3.00818    
5.87734    
1.69824    
-0.79413    
2.37594    
-2.81251    
5.99221    
2.58324    
3.98532    
0.66835    
3.55655    
3.28485    
2.10940    
3.43124    
3.54729    
4.94067    
3.00143    
0.23397    
4.92254    
3.98457    
4.98395    
3.98796    
3.14147    
1.15569    
6.98405    
1.90850    
3.01404    
2.19287    
0.04500    
6.50468    
6.56059    
4.07478    
0.34712    
4.16624    
5.01000    
5.02584    
6.51335    
2.02858    
5.97499    
1.14639    
3.28829    
8.87236    
1.11968    
6.94679    
5.06107    
1.67517    
2.30824    
2.01416    
5.85660    
2.20405    
3.54094    
6.02926    
5.80227    
5.90835    
3.96030    
2.98616    
3.31765    
4.82758    
5.42662    
3.02917    
5.59463    
1.07622    
1.33063    
7.41734    
1.03785    
5.27426    
-0.81263    
5.03020    
5.28739    
2.93945    
-0.88652    
1.96666    
7.08389    
5.06427    
4.04103    
0.11453    
3.93828    
3.99423    
5.03302    
6.84133    
0.14081    
4.59629    
5.46754    
3.96876    
3.50536    
-1.19502    
10.88827    
3.60047    
6.06684    
1.14893    
3.12618    
8.96213    
-0.69379    
6.03506    
1.25490    
6.99056    
5.00278    
5.54587    
1.29329    
0.17962    
2.18259    
3.50456    
3.88829    
5.90835    
5.93815    
4.86877    
6.86257    
3.94520    
8.10411    
5.04541    
1.13756    
8.02230    
1.91722    
-0.01998    
7.35998    
4.12186    
2.62420    
1.59432    
6.03718    
5.05151    
4.02634    
7.91307    
6.87692    
2.47582    
3.94946    
2.95770    
5.02934    
7.10912    
5.36380    
4.58552    
2.06960    
2.15372    
5.89948    
1.54583    
5.51837    
5.56771    
4.99155    
3.18999    
0.05129    
1.99138    
4.03971    
4.90707    
4.56426    
2.28654    
9.60372    
3.64301    
1.98895    
4.87833    
7.57763    
3.03016    
3.06800    
5.04590    
5.97728    
7.95059    
0.04664    
4.02724    
6.05989    
4.91039    
5.55310    
5.89393    
0.07927    
1.10878    
7.97728    
9.33599    
6.82975    
1.93520    
0.30155    
5.99352    
5.53843    
2.94229    
7.57491    
5.00242    
5.78137    
2.03541    
6.44796    
6.02619    
7.00921    
2.79875    
4.76600    
0.25362    
4.01759    
7.00853    
5.06742    
8.00776    
4.85798    
0.97259    
6.57228    
9.13218    
5.90597    
5.35784    
2.23024    
6.77966    
3.05432    
2.49867    
2.13970    
2.46504    
3.83320    
4.95936    
3.98080    
-0.80075    
2.04563    
7.81386    
1.50227    
4.94902    
4.68323    
6.96354    
6.14038    
1.59911    
7.93993    
0.10577    
-0.86370    
6.81169    
3.07632    
3.15986    
9.67692    
8.46751    
5.46304    
5.11151    
5.49652    
7.06517    
2.19788    
4.87800    
2.98745    
3.98021    
3.98882    
4.11892    
3.97096    
0.93327    
-2.33793    
6.71247    
4.09724    
2.14466    
3.49748    
2.17997    
3.13406    
5.87380    
3.94771    
5.59455    
7.06339    
1.31915    
-0.60574    
1.59022    
2.07211    
-1.22750    
0.22736    
2.13384    
1.29315    
2.19291    
4.22138    
4.03401    
7.54318    
0.66525    
3.91032    
6.91230    
-2.87138    
2.09658    
-0.31864    
6.00899    
6.94249    
0.15966    
8.40804    
2.50296    
6.02202    
4.67466    
5.49343    
0.18348    
4.18991    
5.07065    
5.04229    
3.20424    
4.48300    
5.95005    
3.46072    
6.05476    
4.00188    
6.13252    
5.36820    
4.38832    
3.00954    
4.02627    
2.96818    
1.00755    
3.58027    
6.85481    
5.01489    
5.96726    
3.14602    
2.99098    
3.54689    
2.14625    
1.48001    
3.94319    
4.12457    
6.04871    
3.46564    
-0.79006    
0.25067    
1.09791    
-0.01738    
1.98569    
5.90214    
6.96206    
4.03600    
1.55529    
2.10283    
1.59337    
6.24001    
4.09820    
-0.88346    
5.06694    
5.15498    
1.03592    
7.49027    
5.93226    
4.06035    
6.37594    
0.96381    
4.99328    
2.57171    
3.95958    
7.09838    
5.48533    
3.95687    
4.64275    
3.56918    
2.17175    
3.13062    
7.01227    
5.10650    
7.86440    
0.91791    
4.01724    
3.49237    
9.40235    
3.91003    
-0.28924    
6.83955    
4.99547    
3.98022    
6.60048    
7.97427    
4.01812    
6.06939    
1.20630    
6.50447    
4.50797    
2.21877    
2.18983    
5.04397    
8.25838    
-0.34665    
7.78079    
2.01389    
5.16353    
5.99212    
4.37308    
4.12487    
1.94447    
5.08365    
4.75182    
1.02089    
3.06649    
-0.88542    
4.06057    
7.07545    
6.96615    
1.12719    
2.98142    
2.16795    
1.08442    
4.97774    
3.97784    
6.19857    
4.33577    
2.55987    
4.93711    
3.06120    
2.61056    
0.63379    
6.74530    
6.49126    
1.99303    
3.55325    
5.05700    
8.93916    
5.49523    
6.37636    
2.02941    
3.01536    
2.15859    
5.77150    
9.05542    
0.14040    
3.91469    
-0.38862    
4.52220    
3.09534    
8.13484    
2.13597    
4.89821    
0.26308    
2.06622    
1.03715    
2.02548    
2.13632    
4.00455    
3.13068    
3.53195    
5.57869    
4.88715    
2.64349    
4.09921    
3.03977    
0.18113    
0.13456    
2.32130    
1.92472    
0.16527    
3.10089    
2.55387    
5.82943    
5.11842    
4.88449    
2.15900    
1.17172    
3.15327    
7.86079    
2.16295    
6.11094    
1.08879    
3.10157    
2.58319    
4.03731    
7.31880    
3.37584    
5.96016    
4.89230    
3.58862    
3.16536    
1.12463    
2.68435    
5.90890    
3.99031    
3.45565    
2.30398    
6.90355    
4.48843    
5.90158    
1.11025    
3.99358    
1.10447    
0.06715    
6.89571    
-1.84566    
7.00155    
2.01798    
4.64013    
2.65939    
4.03026    
-0.34125    
8.00805    
6.96140    
0.62496    
5.05409    
8.03582    
3.60928    
7.51693    
7.89701    
5.30574    
6.05655    
3.94321    
5.04708    
8.81431    
3.59414    
4.07023    
5.07649    
5.07213    
2.08915    
3.94047    
0.20947    
4.89405    
5.96353    
3.04611    
3.14294    
5.13689    
4.07085    
5.14869    
3.88609    
5.96764    
3.98925    
2.07177    
5.99900    
4.12392    
2.01923    
3.08868    
3.11345    
8.40083    
4.12627    
7.02968    
0.20238    
7.00831    
3.39416    
2.08339    
3.54210    
3.14714    
2.96253    
3.14671    
2.92626    
4.09468    
8.93279    
5.02530    
5.87929    
-0.91195    
4.07551    
1.21379    
5.44407    
4.96407    
5.85350    
0.30911    
4.06442    
7.97876    
-0.79633    
5.13965    
1.05120    
4.98212    
0.04859    
2.14473    
5.07625    
2.03654    
2.16122    
7.03696    
5.96446    
5.30357    
4.95537    
2.20023    
7.40486    
0.37293    
5.88563    
6.00226    
3.07103    
2.92504    
4.09956    
2.17531    
-1.70879    
4.88459    
6.42543    
4.08762    
2.09866    
5.29410    
5.52626    
5.01890    
5.01038    
7.46784    
4.55270    
4.50549    
3.10071    
2.07014    
5.98579    
6.46962    
3.99120    
0.22367    
2.53298    
6.04548    
7.80945    
1.11156    
2.60372    
5.04359    
-0.20339    
2.63192    
3.90269    
8.80852    
7.99854    
3.58492    
4.03116    
3.14152    
3.06542    
3.16179    
3.12759    
6.31737    
4.62842    
3.40252    
6.03286    
5.06873    
4.79462    
4.99895    
0.99575    
-0.01352    
3.97622    
7.99852    
3.18202    
5.59801    
6.08610    
0.94668    
5.01350    
2.01692    
6.55159    
3.04089    
5.95616    
1.10627    
8.97196    
5.12924    
5.23704    
2.10944    
5.91967    
2.98076    
3.03150    
1.15701    
4.07938    
-1.25609    
1.20951    
5.86504    
3.87808    
5.02677    
7.37850    
1.62711    
3.07434    
4.07256    
5.98368    
1.17497    
2.03194    
8.00698    
3.42383    
-1.60256    
2.09162    
0.96723    
2.07054    
4.33704    
4.48504    
3.97481    
3.48575    
6.05182    
0.19166    
6.96098    
-0.08299    
1.07889    
3.58843    
5.94821    
6.01461    
2.93818    
0.21151    
4.92798    
4.00159    
3.63691    
5.97890    
3.86299    
5.13683    
3.04858    
3.84219    
5.56645    
7.13979    
5.95341    
4.11416    
1.73150    
3.17574    
3.28390    
1.23186    
1.98868    
3.57664    
-0.75436    
0.04967    
5.04335    
5.32608    
6.50559    
2.19923    
0.28523    
5.95050    
3.91070    
4.01923    
-0.70052    
7.45613    
2.09234    
1.61700    
3.05322    
2.57373    
2.13686    
0.52476    
2.08112    
2.90278    
3.23803    
3.48280    
3.98875    
6.08706    
3.49140    
4.37749    
0.24710    
5.92097    
2.28316    
-2.16597    
4.95091    
4.42946    
3.18316    
7.16695    
1.25474    
3.17958    
6.88855    
5.52454    
3.02083    
2.05526    
2.12691    
7.25300    
2.65750    
4.94872    
4.11405    
7.94265    
2.93607    
3.04222    
2.82715    
4.11389    
2.05979    
0.28861    
2.07362    
0.19677    
2.52853    
1.17163    
4.94079    
3.98712    
6.02148    
4.80940    
4.05756    
2.39400    
2.12207    
7.91844    
-0.90537    
2.78337    
6.97083    
2.12120    
7.86521    
2.16256    
5.94494    
4.12914    
2.07983    
8.12637    
2.58033    
2.25247    
4.08011    
5.99067    
4.08868    
8.00258    
6.97588    
2.21625    
4.09711    
1.77771    
1.55630    
5.29976    
5.61686    
6.17329    
4.12524    
5.59556    
3.96570    
5.91816    
7.95759    
7.39031    
2.04246    
3.87338    
5.85812    
9.05991    
-1.83411    
4.08875    
6.05961    
2.22352    
1.04409    
2.84151    
4.54493    
4.92239    
4.06921    
6.99223    
4.56350    
10.05351    
-0.46997    
4.14860    
4.15107    
5.02461    
2.16563    
7.07101    
3.00283    
2.51390    
7.49708    
2.03513    
9.95751    
4.03910    
3.90256    
4.07127    
5.97445    
5.37969    
6.42885    
5.08138    
4.05298    
4.52976    
5.92453    
3.98683    
-0.34041    
3.90838    
3.86104    
5.05305    
2.92150    
2.99127    
0.96024    
0.57802    
3.85625    
4.42835    
0.20533    
0.12431    
3.26779    
5.39364    
3.87167    
-1.81915    
2.07615    
0.92824    
2.55520    
5.95790    
6.09652    
6.80361    
7.48673    
2.14705    
9.41847    
0.17056    
3.02823    
4.59043    
5.08319    
4.51952    
3.01820    
5.01388    
5.92591    
5.85294    
3.97234    
3.05964    
7.02411    
4.87547    
3.14378    
3.21729    
5.12182    
3.07489    
6.95604    
5.04638    
3.63105    
4.90643    
2.94876    
5.50713    
3.99098    
6.00755    
5.18179    
4.77465    
4.04607    
1.08790    
-0.75358    
3.23269    
3.55570    
-1.72139    
4.31806    
4.12242    
3.14630    
7.02090    
5.02229    
4.01531    
2.24104    
4.01750    
0.74114    
0.13651    
5.99559    
2.88995    
5.50032    
5.94052    
5.04309    
5.98454    
4.46088    
2.09464    
2.95864    
1.16901    
3.17067    
0.33037    
4.60078    
8.83516    
4.94560    
4.66671    
5.98864    
4.99245    
7.77710    
0.52757    
4.47224    
6.08729    
3.61162    
3.03042    
4.33954    
2.10079    
4.05087    
0.66429    
5.04288    
3.14434    
3.14161    
7.45425    
6.06105    
3.15890    
2.08730    
8.95059    
10.37609    
1.26327    
2.04488    
3.83867    
6.79202    
3.51721    
3.17457    
4.63755    
8.02763    
7.83843    
5.45659    
6.38041    
4.99497    
1.09863    
4.89778    
6.04367    
0.03790    
5.50106    
5.92279    
2.56364    
3.18016    
4.46405    
1.14741    
7.03074    
3.93847    
7.01941    
3.14637    
5.90115    
4.98500    
4.90816    
3.97027    
5.55444    
0.27817    
7.45274    
4.06489    
6.17289    
3.58805    
5.92466    
0.13182    
0.28913    
3.00779    
1.08312    
3.16738    
5.01042    
4.53025    
0.23115    
5.44306    
6.98223    
5.09090    
3.96776    
-1.03188    
6.13435    
5.97591    
1.89609    
0.26269    
1.14359    
4.01431    
7.53887    
6.10348    
6.96332    
0.24907    
1.02184    
7.05485    
4.96274    
5.00340    
5.82286    
2.87660    
4.12758    
4.91167    
4.38168    
2.13870    
3.44529    
-0.90220    
4.56066    
4.92884    
4.96437    
5.09784    
3.68806    
5.86872    
6.41722    
3.98115    
0.19794    
1.52214    
1.15038    
6.42755    
2.96359    
2.11168    
1.59771    
6.93529    
8.01433    
5.99588    
6.17792    
3.46551    
3.20839    
-0.03882    
0.22033    
4.89348    
3.25944    
-0.06386    
5.03921    
2.94049    
2.15094    
3.91857    
4.00543    
8.92063    
7.45385    
1.63767    
2.14333    
5.90534    
3.52269    
6.86691    
7.42115    
4.43261    
5.02020    
0.16331    
3.11008    
7.93712    
-2.15821    
4.07819    
2.39328    
7.90118    
3.95975    
5.38244    
-0.25029    
4.01620    
4.05561    
1.12935    
5.84261    
2.73749    
5.07778    
2.05935    
4.37810    
6.95745    
5.10262    
4.56608    
2.06276    
0.14327    
5.71009    
7.90269    
1.96008    
4.01835    
4.03811    
7.05049    
4.93049    
2.55923    
4.96912    
4.93984    
3.04672    
3.96142    
4.08908    
1.26891    
9.05502    
2.26841    
6.47333    
6.58213    
9.83987    
3.97932    
6.96885    
4.13690    
3.86092    
0.18294    
1.10714    
6.17094    
5.44781    
5.90755    
1.20584    
2.98258    
1.02251    
5.55440    
3.97348    
3.06437    
4.90373    
5.89857    
4.95473    
6.70896    
3.08798    
8.04093    
-0.89812    
2.19425    
4.39474    
4.90069    
3.10741    
7.29366    
5.76487    
5.02859    
5.52015    
6.35889    
2.57661    
3.91832    
6.91039    
4.01866    
4.06026    
-0.88281    
1.00614    
2.51903    
0.14401    
6.91996    
3.10501    
-0.48442    
0.07550    
1.10100    
8.03858    
-0.89115    
6.11573    
4.93114    
2.12978    
7.06636    
-0.26447    
3.97440    
1.57929    
5.03745    
7.40024    
6.46418    
6.79204    
5.73285    
4.12617    
3.15980    
7.98477    
8.56262    
1.88303    
0.74609    
1.71812    
-1.85991    
4.89258    
5.98444    
3.94257    
5.12303    
6.77723    
6.99628    
4.04055    
4.79030    
1.86649    
6.92093    
1.13432    
4.98558    
3.02951    
2.03200    
-1.98400    
1.09471    
7.03524    
1.17419    
-0.79257    
-0.75370    
9.03532    
4.02115    
3.64534    
4.10022    
6.04370    
7.90205    
2.06572    
5.16627    
4.14469    
5.99622    
0.72225    
5.05187    
6.88986    
4.78775    
3.04381    
5.04968    
4.05423    
4.98783    
5.97715    
-2.77146    
7.99725    
5.35572    
3.07735    
3.00258    
1.97116    
2.08680    
7.92969    
-1.74045    
4.82643    
5.05401    
6.81065    
3.44872    
5.98358    
6.53049    
2.08653    
1.26286    
2.96430    
5.82792    
4.01196    
0.16810    
4.16618    
2.16119    
4.42350    
7.11896    
5.55900    
3.47406    
2.97179    
6.07523    
4.04188    
0.00698    
3.14581    
3.97362    
2.07244    
7.88663    
5.50443    
5.03074    
3.01412    
3.07442    
3.57603    
2.08148    
5.07587    
2.96085    
4.09284    
4.44472    
4.91129    
4.99969    
0.36699    
1.67308    
7.84871    
2.08608    
5.44037    
7.00005    
3.00495    
3.96906    
6.04882    
1.88744    
5.48651    
3.89749    
3.53797    
4.11865    
6.01252    
0.54656    
3.93925    
7.03086    
4.83816    
4.98359    
5.01437    
1.92991    
2.12376    
0.69626    
5.54367    
3.96431    
3.97296    
5.85282    
8.45271    
5.20714    
3.09206    
5.01804    
0.50653    
2.11367    
3.13006    
7.99544    
6.02527    
4.01194    
3.00425    
-0.47531    
3.23371    
6.10472    
5.71808    
5.98705    
5.76539    
4.93242    
1.06935    
6.00228    
3.10004    
3.00503    
5.12190    
3.15907    
1.09358    
2.07290    
3.04804    
7.36549    
4.19297    
3.80611    
7.06208    
3.64019    
6.03917    
7.02904    
4.91164    
4.16404    
2.49907    
0.01159    
8.87078    
2.03663    
5.04020    
-1.77840    
9.07985    
1.21891    
2.99707    
4.47239    
6.88912    
3.99858    
8.40993    
6.00914    
2.14347    
4.10580    
5.91862    
8.76555    
5.96494    
2.74508    
1.09396    
-0.31785    
3.02999    
5.53868    
0.22597    
1.17995    
3.12563    
-1.65217    
4.98325    
10.39424    
1.89057    
7.94023    
5.03102    
0.76374    
1.63048    
6.42643    
5.16821    
4.08823    
3.00713    
4.06204    
4.99337    
7.02133    
4.92932    
0.09698    
5.05965    
1.25583    
3.07362    
4.57575    
5.12616    
-0.92897    
4.07610    
4.99002    
0.44203    
6.95514    
6.64497    
4.12765    
5.56080    
5.11395    
6.43286    
2.91203    
7.37446    
4.10983    
2.91661    
2.07352    
2.79625    
5.87784    
2.17504    
2.18889    
6.01364    
7.51866    
2.53425    
3.21793    
7.35933    
6.01388    
3.96399    
0.00161    
4.64722    
4.56045    
1.59580    
8.64513    
2.91670    
1.18209    
1.06284    
3.13990    
2.66996    
9.38177    
5.04061    
5.05857    
4.99832    
3.12735    
8.49042    
4.97156    
5.16653    
-0.10111    
-1.76508    
3.02974    
6.46789    
4.11093    
5.86140    
6.96148    
3.64440    
2.55573    
1.45116    
7.52478    
2.95847    
2.87491    
3.15976    
6.08647    
3.05403    
3.55155    
3.59190    
5.02105    
7.62090    
5.04159    
3.58635    
5.96059    
6.93613    
3.87554    
3.08507    
3.44032    
3.18910    
2.01862    
1.04633    
8.09421    
4.62589    
3.07670    
1.06347    
0.27503    
5.06865    
3.90325    
0.99537    
-0.44053    
4.85931    
6.02621    
3.13522    
7.90533    
0.16635    
2.89442    
4.91943    
5.00933    
3.48068    
3.48800    
1.00031    
4.89466    
1.59258    
5.41811    
5.89833    
3.86003    
7.03779    
2.15618    
5.48655    
3.08938    
2.24751    
4.55688    
-1.80838    
5.61756    
5.83587    
7.08309    
7.11669    
4.97990    
0.11438    
4.06632    
4.81007    
0.88874    
5.03632    
5.64306    
1.12740    
7.88259    
3.40218    
2.83330    
4.70381    
4.17316    
5.17084    
1.12088    
2.11688    
8.83722    
2.03806    
3.13065    
5.88824    
6.11939    
3.04458    
3.20675    
5.00680    
3.15077    
1.95599    
3.12489    
5.26604    
3.97754    
5.07439    
0.20377    
6.04608    
3.02009    
0.34135    
2.07579    
5.03507    
3.07933    
3.09663    
7.55575    
-1.19393    
3.93560    
3.58181    
2.06556    
3.08422    
3.09832    
-0.71538    
4.07888    
1.11851    
5.45932    
3.22332    
5.09563    
1.01854    
8.50656    
7.12713    
5.51427    
2.68506    
6.08821    
6.87325    
3.08646    
4.61817    
5.94510    
6.02534    
4.92512    
4.97338    
2.95043    
4.14019    
1.16167    
6.06489    
3.50256    
1.96995    
4.36891    
5.39096    
4.15715    
5.09859    
0.15866    
1.13256    
4.17150    
4.01393    
3.08695    
4.91359    
4.12579    
3.98117    
3.03186    
6.08203    
5.32698    
7.06424    
5.29638    
-0.38340    
-0.61181    
1.98727    
5.83568    
1.06414    
0.27206    
4.95280    
3.03056    
1.18792    
0.11289    
3.14068    
0.34289    
7.71214    
4.88445    
2.94632    
3.12879    
1.07968    
4.46214    
5.94851    
6.48502    
3.03063    
3.00125    
5.91689    
1.28097    
5.16235    
5.03748    
4.92976    
3.04554    
2.17783    
5.92697    
2.00558    
2.17100    
3.17731    
2.26064    
4.06407    
7.34730    
6.15420    
6.95619    
3.45972    
3.49301    
2.67931    
6.10087    
7.47574    
3.44781    
7.07914    
2.14618    
3.13942    
3.69270    
5.47379    
4.96987    
-1.68280    
6.03419    
3.08415    
4.92326    
5.08446    
5.77944    
5.40423    
1.47928    
1.04891    
3.51407    
5.66239    
1.99989    
8.79405    
5.47622    
0.14257    
5.55052    
3.44227    
3.11997    
5.09220    
5.75649    
3.09472    
5.39864    
5.08793    
3.98994    
2.07767    
4.38522    
2.82982    
7.62111    
3.13598    
5.94768    
4.93209    
3.22494    
3.84781    
7.11440    
6.96885    
5.50558    
3.83745    
4.46692    
5.39101    
2.19496    
2.99279    
5.08954    
4.47805    
1.61094    
0.02831    
7.07621    
3.08821    
3.93608    
1.55251    
2.06380    
9.90679    
10.37007    
3.07211    
2.67661    
0.12371    
3.90567    
6.91500    
5.50178    
-0.77219    
6.86246    
1.99710    
3.91009    
2.19292    
-0.67556    
3.55492    
5.97878    
9.22800    
2.99892    
5.98267    
3.08021    
2.07552    
0.94879    
4.03984    
6.09298    
2.08364    
2.68096    
0.12850    
2.15307    
4.09482    
-0.92312    
4.53996    
6.44561    
4.10113    
6.31305    
3.03369    
2.13271    
2.12243    
4.20683    
3.22550    
1.03695    
4.95890    
4.66197    
8.81549    
4.79147    
3.13553    
-2.66252    
4.04678    
4.01856    
2.12742    
3.50442    
8.11039    
3.00850    
8.06719    
6.89797    
5.17160    
4.83032    
4.96011    
6.24035    
4.99397    
6.00352    
2.97518    
4.62091    
2.92758    
4.18817    
4.92766    
3.03828    
2.51593    
5.93711    
-0.29937    
3.54238    
8.02564    
4.87518    
0.10833    
3.92547    
6.63640    
6.46912    
2.18052    
2.62885    
8.02599    
9.05618    
5.99321    
1.61834    
2.99483    
6.38952    
0.45645    
8.46079    
5.57474    
0.13720    
5.36062    
2.15966    
2.16040    
1.09977    
2.95083    
8.84136    
2.11842    
5.53982    
5.97885    
4.01760    
3.10684    
0.13881    
1.09608    
4.60466    
3.55013    
5.54364    
4.06894    
1.07276    
5.42579    
2.52333    
2.02012    
9.05741    
5.42636    
6.06252    
6.08427    
-0.95595    
6.98149    
8.89074    
3.88370    
4.05599    
3.11900    
3.13213    
5.37623    
-1.63951    
3.05368    
3.99226    
2.52846    
5.48536    
6.84213    
3.15033    
2.18048    
1.11475    
3.01446    
5.96891    
2.07630    
6.96961    
5.97155    
7.75425    
6.89058    
2.08553    
6.03032    
4.12199    
1.85872    
5.61281    
3.03694    
4.96167    
1.06065    
6.01470    
3.93868    
-3.27406    
2.51073    
-1.78679    
4.98080    
5.06181    
3.53347    
1.34465    
4.11333    
4.84490    
3.47101    
4.00328    
6.05778    
-1.69681    
4.67099    
5.02946    
0.93790    
2.44465    
4.04442    
4.06427    
0.96368    
-2.13445    
1.08186    
2.01385    
3.10416    
0.15682    
2.91303    
5.42755    
5.45991    
5.43521    
0.99834    
7.05771    
5.93925    
7.34491    
7.12696    
1.70121    
4.72892    
3.70401    
4.83756    
3.97709    
6.79855    
6.47366    
5.88416    
3.06165    
6.48905    
8.43563    
10.01261    
3.90950    
2.11281    
2.63474    
4.02972    
3.15392    
2.20538    
5.45310    
-0.29625    
4.15884    
6.08524    
3.51253    
3.02857    
2.39648    
9.40721    
7.73664    
4.21464    
4.15314    
4.89997    
2.02762    
6.02712    
1.64775    
8.35454    
1.96971    
4.41977    
2.13661    
6.02198    
3.11720    
3.14798    
-1.25879    
2.62458    
4.82114    
1.39001    
1.60193    
6.08194    
-2.68214    
1.20322    
2.04332    
6.08930    
5.89734    
2.03976    
4.03654    
2.05263    
4.80651    
4.86631    
5.77354    
7.97721    
0.31950    
0.39174    
1.00434    
0.08496    
3.98101    
3.93896    
-0.91896    
-0.71086    
9.03498    
3.56397    
5.42446    
1.19926    
5.04350    
6.95146    
4.45378    
1.55541    
5.12036    
2.91602    
6.02509    
4.93325    
6.12381    
3.42439    
2.62273    
4.00575    
1.91269    
0.31889    
4.13268    
4.87556    
2.14780    
3.53937    
0.02315    
3.01838    
7.68898    
8.68341    
7.52362    
3.48751    
4.55327    
2.58320    
6.51892    
4.81809    
5.69032    
0.20189    
6.09381    
3.18622    
5.06135    
4.00821    
2.29545    
0.24246    
-0.91170    
0.08583    
5.99355    
5.89400    
6.59137    
1.65216    
4.99696    
2.43966    
3.98862    
6.91474    
5.87246    
2.08924    
3.14950    
3.08340    
4.89446    
1.02321    
4.88263    
4.99722    
7.78168    
7.03972    
6.58554    
8.99538    
4.02898    
3.88399    
5.49177    
5.52911    
3.16475    
2.10961    
3.48696    
7.33896    
0.02564    
1.13397    
6.98360    
0.93378    
-0.69526    
-0.29821    
5.04571    
4.56900    
5.90676    
6.11413    
4.10749    
6.92386    
3.12929    
4.02546    
2.96674    
6.11527    
4.03978    
4.89505    
6.87917    
5.04954    
4.06199    
5.01887    
4.02060    
3.02577    
1.98392    
6.70957    
7.49064    
4.08001    
4.07193    
6.60353    
7.13011    
5.87579    
3.91906    
5.05582    
5.99809    
6.21771    
6.11926    
5.55873    
3.10578    
7.07978    
1.13108    
4.07232    
6.03152    
2.94445    
3.53820    
3.11879    
5.04253    
4.71909    
2.36176    
0.96868    
2.09433    
3.05843    
