2.43046    
3.53613    
3.93795    
-1.02839    
1.81755    
-0.92967    
-0.47992    
-5.31197    
-1.06543    
3.91254    
3.32865    
0.91864    
1.52452    
-0.91572    
3.94628    
-1.47314    
0.06392    
-1.48989    
-0.39677    
-2.91528    
2.99854    
3.77848    
1.99390    
1.34787    
-1.48064    
1.02530    
-2.46420    
1.92742    
2.05461    
1.92401    
-0.77896    
-0.65063    
0.98888    
4.89214    
3.02882    
3.41379    
3.55741    
-1.43480    
1.01773    
0.01602    
-0.93449    
0.40881    
2.89067    
-0.95859    
-0.14852    
1.37823    
1.40554    
2.02598    
1.07145    
2.02936    
4.67772    
-0.97005    
-1.46866    
4.01488    
-1.55382    
-1.95077    
1.40965    
-2.77976    
-1.32489    
3.04123    
1.09280    
0.50219    
4.88805    
2.19158    
-1.88749    
2.40997    
4.87033    
0.51300    
1.11151    
1.03244    
0.92569    
0.05061    
2.59049    
5.82314    
1.39659    
1.45692    
-0.33346    
-1.77448    
2.92185    
-0.51038    
-0.02595    
0.11680    
-0.67532    
2.84596    
0.70346    
-1.01514    
-0.52581    
-1.96698    
0.93512    
3.98136    
3.85430    
3.91456    
-0.90041    
0.11528    
2.52888    
-0.99849    
-1.03493    
1.32895    
1.54960    
0.16486    
-0.38401    
0.19445    
0.92873    
2.04488    
3.04567    
4.31755    
2.82194    
0.48028    
-0.76312    
1.56697    
1.79753    
-1.84460    
2.84176    
1.87293    
0.99744    
1.06423    
4.40895    
0.67091    
1.07578    
3.37101    
1.11965    
0.02804    
0.64470    
0.94894    
0.20434    
5.67921    
3.39906    
0.48888    
0.51962    
-1.93099    
1.94367    
3.06631    
1.06226    
3.84645    
0.43913    
2.91142    
1.54252    
-0.94769    
3.84427    
2.53662    
0.04414    
3.87562    
0.04917    
4.00227    
4.79864    
-0.03708    
0.39741    
-0.01895    
0.97550    
-2.05242    
3.99110    
0.07205    
1.44612    
2.00331    
-0.88468    
-1.94708    
2.07348    
1.44330    
0.13082    
0.91947    
0.12641    
-0.02064    
-1.43745    
3.15238    
2.84959    
1.97389    
1.98821    
-1.87300    
-0.81729    
1.93314    
-3.02530    
0.02195    
-1.40244    
-1.03254    
-0.97551    
0.03549    
4.09289    
1.83290    
3.89364    
1.88025    
2.06617    
0.16058    
-1.98799    
0.62818    
4.31006    
-0.83826    
-1.05340    
-2.38222    
0.08330    
-0.06541    
-0.03366    
1.97393    
1.92304    
-0.07250    
0.89234    
-1.88918    
4.99923    
-0.48822    
1.85790    
1.04946    
2.99313    
0.84175    
-1.06028    
-0.93255    
-0.00117    
1.07401    
1.51832    
-0.64770    
1.92562    
2.53744    
-0.88801    
0.56827    
0.43448    
2.72286    
-1.51701    
-0.97190    
2.94234    
1.85965    
3.42876    
0.58040    
0.59972    
-1.82584    
0.10834    
-0.98198    
0.99733    
-2.72617    
2.93420    
6.39481    
0.03085    
-0.90202    
-1.76665    
5.00060    
-3.79526    
2.97074    
-0.93500    
0.54568    
0.85807    
0.93869    
1.91414    
-1.27194    
-1.06776    
-2.78808    
-0.52547    
-0.30786    
3.38270    
5.80680    
2.98794    
0.04554    
-0.49488    
1.16863    
0.95286    
0.14444    
1.51109    
4.97845    
0.93925    
0.99060    
4.89271    
1.94780    
1.79899    
-1.03724    
-0.91386    
-1.50738    
4.05245    
1.94695    
2.98574    
-1.42596    
-1.50651    
2.92785    
2.08782    
3.85588    
-0.96497    
1.11576    
1.12077    
1.16693    
-3.79672    
0.09030    
-0.95722    
1.98777    
1.02134    
0.03677    
0.59906    
0.90854    
0.53255    
-0.95625    
2.57359    
2.54996    
-0.87731    
0.46190    
1.52843    
-0.88183    
-0.98444    
4.12848    
0.57606    
2.93473    
0.04663    
0.99753    
1.02807    
-0.79872    
0.89326    
1.64466    
1.08813    
2.00055    
0.17655    
0.00789    
1.48647    
2.85544    
0.24122    
0.94613    
0.06061    
0.51578    
-0.04570    
5.86074    
0.97318    
1.14584    
0.06453    
4.00691    
1.20008    
1.00766    
0.98332    
3.38747    
-1.41281    
2.02147    
0.62653    
2.45239    
3.02463    
-0.30788    
2.98642    
2.41787    
3.83265    
1.94491    
-0.94709    
2.45819    
1.41336    
1.42557    
-0.93071    
-1.89226    
2.41481    
-0.80135    
1.49515    
2.00385    
0.99485    
1.38517    
-0.87759    
-1.85265    
3.03819    
3.84855    
2.83451    
-2.72063    
2.83782    
1.04347    
6.89264    
1.10835    
3.96953    
2.50672    
-1.43960    
-0.00573    
-1.39548    
1.15081    
2.17225    
-0.97261    
2.90091    
2.40295    
-0.87163    
0.52778    
0.20580    
-2.70198    
0.03177    
1.49184    
1.93783    
-3.46191    
3.47184    
1.85920    
0.89295    
2.50006    
3.75410    
0.96412    
-2.09897    
2.02210    
-0.94183    
1.53745    
0.08100    
4.05823    
1.54096    
-3.45030    
4.96582    
-1.87005    
2.02973    
4.81019    
4.45689    
-1.95099    
-0.94030    
-0.52852    
-0.46057    
3.00698    
3.91290    
1.18029    
-2.43674    
-5.70633    
1.67371    
0.05540    
0.62372    
-0.50256    
-2.50184    
-2.21048    
1.50831    
-1.04662    
0.02665    
-0.96771    
-0.97357    
-1.84759    
5.29066    
-0.57886    
2.00931    
0.39068    
0.93123    
-3.02300    
1.63926    
0.07898    
0.93391    
-1.31658    
2.50052    
5.00469    
0.03286    
-1.99574    
1.60179    
0.04680    
0.10465    
1.01632    
0.03997    
2.13401    
-1.06803    
2.91841    
1.43446    
3.01642    
1.52499    
-3.98009    
1.25729    
3.56855    
3.44914    
0.89502    
-0.81971    
3.87106    
-0.67133    
-2.82568    
4.46686    
2.85650    
-0.95758    
1.04727    
3.56281    
-0.56970    
2.97145    
1.03754    
1.04335    
2.77350    
0.44522    
-0.00963    
2.26049    
-0.89329    
1.11882    
1.95431    
1.09925    
3.92873    
2.05227    
2.87400    
-2.37651    
0.53472    
2.93521    
1.08773    
-0.89835    
0.16409    
0.94042    
2.40641    
2.99214    
2.62122    
4.53537    
3.81926    
2.09515    
-0.53379    
0.04214    
3.75764    
1.07129    
3.94391    
0.53781    
-2.71890    
2.56779    
3.92700    
-0.35178    
0.94708    
4.84319    
0.22624    
-0.55801    
1.05161    
4.86024    
1.96402    
0.19680    
0.08799    
2.89249    
2.96292    
-0.90023    
-1.46006    
2.05187    
4.52758    
-0.07497    
-0.38724    
-1.21874    
4.01400    
0.95553    
3.02138    
-0.14062    
-0.79880    
1.02293    
1.05461    
-1.54272    
3.00239    
0.10579    
3.38726    
-0.93287    
-2.47717    
1.94626    
-0.81885    
3.95503    
-0.37723    
2.87090    
-0.96121    
3.43539    
3.00146    
1.84899    
-0.81122    
-0.00890    
2.00730    
1.86563    
-1.50059    
1.51535    
2.52615    
0.10301    
1.13281    
2.49860    
1.99147    
-0.07384    
1.09955    
-0.13441    
-2.09962    
2.00737    
3.11596    
0.92939    
0.96517    
4.34677    
4.00764    
0.08402    
-0.00857    
1.01946    
1.26874    
-0.38529    
-0.00113    
4.92291    
-1.01230    
1.09058    
3.01357    
-0.05613    
0.21592    
3.04554    
2.49961    
3.96764    
5.62524    
4.35943    
2.97887    
-0.98982    
2.61546    
2.91739    
2.05769    
1.11746    
-0.54968    
0.56020    
3.46147    
0.66395    
-1.35356    
2.10460    
0.02177    
-0.92967    
1.57335    
0.94974    
-0.99599    
1.40154    
2.62386    
4.89117    
0.91642    
0.90585    
-1.57848    
2.44768    
-3.99331    
2.99630    
0.07853    
0.14611    
-1.57089    
-0.40573    
2.03137    
3.01321    
-1.45719    
1.90521    
3.85806    
-1.91487    
1.89089    
2.59678    
-0.45740    
1.00026    
0.52206    
-0.92193    
-0.04015    
0.94681    
1.00237    
2.93594    
2.99385    
4.00590    
1.05201    
3.46193    
0.87775    
0.49392    
1.03668    
1.95018    
3.97424    
-0.44728    
1.38636    
3.86652    
2.86508    
0.15502    
1.38746    
0.02390    
-0.99569    
3.05220    
-0.96811    
-0.90915    
3.90728    
1.98506    
-1.00246    
0.18722    
-0.40083    
0.60506    
2.89912    
2.48855    
1.56278    
0.50736    
-0.91124    
-0.05985    
-0.61958    
1.50485    
2.87342    
3.81386    
0.97458    
0.94862    
-0.49102    
1.59485    
-2.82602    
4.43962    
0.07500    
1.47443    
0.89759    
3.11975    
-0.06850    
-0.99090    
0.89238    
-2.02683    
0.01284    
2.95918    
0.96592    
3.01716    
2.98454    
1.07973    
-0.95278    
2.98982    
-1.00543    
0.91814    
0.19381    
0.98909    
0.04759    
3.05755    
-0.42135    
3.07293    
0.95471    
-2.04400    
0.57208    
-0.36984    
0.51918    
0.50756    
5.43658    
0.45387    
-0.76579    
1.08892    
1.86823    
2.85306    
0.09197    
-3.82266    
1.99361    
-1.03551    
-1.83996    
-0.97106    
0.99992    
0.36916    
-0.03778    
0.40352    
-0.43880    
0.91514    
-0.85407    
2.00150    
0.92618    
-1.77102    
2.27604    
1.50903    
2.58293    
-1.01555    
3.85471    
3.93258    
-2.86071    
-0.92061    
-0.98776    
1.03373    
0.97954    
-0.84575    
2.04632    
-0.50861    
-0.01997    
2.03186    
1.47124    
2.47804    
-1.92411    
2.44262    
2.88878    
-1.90697    
1.99037    
-0.52836    
3.81387    
-0.00386    
3.94001    
-1.04058    
2.09681    
-0.96805    
-0.11906    
2.92573    
0.59178    
1.56186    
-2.82724    
-1.96712    
-0.12107    
3.95424    
2.06544    
0.43693    
2.93451    
0.91121    
0.92684    
0.58426    
0.07010    
1.95561    
0.05443    
-0.43861    
-0.53848    
-0.52700    
-0.55682    
2.10761    
1.62683    
0.08587    
1.87069    
3.44886    
0.96963    
1.90047    
1.95514    
-1.89530    
-0.75487    
2.90864    
-0.90652    
1.93005    
2.05439    
-2.45021    
-0.43742    
-0.08484    
0.03259    
2.10657    
2.54076    
3.02002    
-1.48029    
1.99805    
-1.75554    
0.52802    
2.36926    
-0.97690    
1.12477    
4.84535    
1.91783    
1.54016    
-0.93596    
1.34140    
0.51815    
-0.09499    
1.41814    
3.79505    
-0.41151    
4.02025    
2.12435    
3.12852    
1.94233    
2.01217    
-0.98018    
1.07557    
1.60498    
4.42990    
2.92279    
0.18219    
2.99946    
2.94341    
0.49263    
3.44642    
1.49998    
3.50240    
0.09877    
1.02672    
4.03549    
-0.42129    
-1.17142    
0.03480    
4.55664    
5.02955    
-0.58895    
2.01380    
-0.93317    
1.09824    
1.12481    
-0.98517    
1.41094    
0.03531    
2.06719    
3.07485    
0.48168    
6.53596    
0.06353    
-1.98467    
1.15032    
2.90620    
-2.50986    
-1.95647    
0.00358    
1.10331    
4.59025    
1.51514    
-4.38370    
-1.90674    
2.43806    
-1.77303    
-0.23387    
0.93278    
-0.95987    
2.00329    
-2.51472    
1.01456    
2.38915    
1.03323    
-1.99007    
2.03739    
-1.31174    
4.84189    
0.96824    
4.03054    
1.86771    
2.01861    
0.10744    
3.09132    
-0.35704    
-1.03829    
0.50647    
1.92922    
2.46491    
0.93413    
1.08889    
0.08878    
1.89809    
3.32579    
0.60396    
4.05063    
-1.47057    
4.91832    
-1.06215    
-0.52256    
0.96560    
1.04395    
3.54496    
0.10686    
1.01222    
1.51871    
0.24638    
1.02104    
1.38537    
-1.93660    
4.90599    
2.91016    
0.98011    
0.58527    
-0.34811    
-0.06308    
2.98288    
1.02780    
0.06256    
0.05317    
-1.02576    
-0.56344    
0.03886    
-0.79741    
1.51872    
-0.98393    
4.38119    
0.21709    
0.09882    
0.13871    
-3.79955    
1.98086    
-1.11417    
1.96356    
3.01412    
-1.46242    
0.00661    
-2.02667    
0.53399    
1.94461    
0.02349    
-1.01576    
-0.04567    
1.24947    
2.87528    
0.99668    
0.92710    
-0.01285    
4.90945    
4.70721    
-0.40060    
0.15591    
2.42755    
5.06106    
0.97056    
0.94667    
2.88593    
3.05304    
-0.95314    
1.89987    
2.00182    
0.54067    
4.36435    
3.78053    
4.88338    
0.95587    
1.70511    
-0.81933    
2.11571    
0.05124    
1.95172    
3.84564    
4.91545    
-0.39970    
0.97244    
1.06811    
-4.87667    
1.97183    
2.51818    
2.95144    
1.00644    
0.98524    
1.91285    
-0.03187    
1.44698    
0.94861    
1.95475    
-0.03747    
-0.19943    
1.08408    
-0.95168    
0.50686    
-0.78206    
2.99455    
6.81367    
0.93990    
-2.32513    
4.38281    
0.95648    
-2.82744    
3.77265    
0.05464    
-0.78036    
1.92109    
0.08961    
4.93976    
-0.95830    
-0.00040    
-3.32970    
4.01416    
0.09652    
1.09287    
-0.00930    
4.18688    
-3.75819    
-1.37250    
3.77933    
-1.34048    
4.42202    
2.45229    
0.93395    
2.92885    
0.03523    
-0.37953    
-1.42249    
1.98115    
1.84288    
4.06591    
0.58071    
1.99029    
2.91026    
1.83690    
0.86897    
5.94503    
-3.30584    
1.46826    
2.35446    
7.35191    
0.53736    
-0.45640    
2.95262    
2.06125    
2.99899    
3.84945    
0.97248    
0.89415    
-3.05597    
4.43066    
-1.89781    
1.06931    
3.99690    
2.34149    
2.02311    
0.02317    
0.98444    
1.04768    
-0.99963    
0.57367    
1.92627    
0.15619    
2.08269    
-0.38577    
4.42068    
0.08799    
-2.97793    
-2.18423    
-1.30688    
3.49806    
1.86755    
-0.98625    
0.90551    
0.49267    
4.94720    
1.02649    
0.88402    
2.44701    
1.62142    
0.94724    
0.99915    
-0.75563    
1.56348    
4.45535    
-4.32679    
2.50965    
-0.93842    
0.01104    
1.89067    
1.54741    
-0.90729    
4.92860    
5.26135    
0.14224    
-0.47329    
2.44473    
4.40730    
-0.46753    
-2.05678    
1.92722    
2.11341    
-0.12657    
1.92885    
0.53278    
0.90359    
2.33325    
-2.38926    
4.60143    
2.87284    
-2.42379    
-0.35627    
2.96241    
2.93134    
3.92544    
2.42993    
-1.02725    
2.47987    
3.48847    
0.53385    
-1.01753    
0.95090    
4.09598    
4.88689    
-2.87120    
5.42442    
3.99008    
2.48983    
1.56170    
1.12981    
5.46539    
-0.81696    
2.43817    
-3.01811    
3.35531    
1.38426    
0.54362    
5.38933    
3.85533    
2.88325    
1.99811    
-1.45606    
3.86575    
-1.00282    
1.89815    
0.00175    
-0.48110    
-0.01215    
2.13686    
0.24674    
3.45311    
0.00986    
-0.93082    
0.56651    
3.93968    
2.54192    
-3.37971    
-0.03403    
1.90123    
0.86815    
0.09225    
4.14848    
0.01957    
1.23321    
-1.32870    
-2.95233    
1.87557    
2.85395    
-0.92205    
1.99292    
1.56882    
3.98356    
4.92911    
0.04228    
0.59981    
-0.96910    
2.97413    
-1.36350    
2.93965    
-0.32630    
0.94557    
2.33915    
1.79174    
3.90031    
5.45413    
0.89478    
-4.68549    
0.12297    
3.37511    
0.11418    
5.85498    
2.71232    
-1.49466    
1.11375    
3.92752    
1.96072    
5.09905    
2.32875    
-2.91244    
1.85988    
0.75564    
1.94771    
-0.03117    
-0.34702    
2.40874    
-2.27525    
1.95529    
1.13373    
1.51005    
1.05209    
1.46736    
0.95855    
2.10497    
-0.45539    
2.40431    
0.51557    
4.92191    
3.01877    
-2.03951    
4.02389    
2.84613    
2.96747    
1.02179    
3.02732    
-0.44549    
1.04913    
2.02045    
1.97798    
1.02246    
-1.51409    
-1.47734    
0.44192    
-0.88741    
-1.97114    
0.89789    
3.91970    
4.92123    
-0.98216    
1.02847    
0.75131    
4.13721    
-1.42938    
4.49850    
0.13580    
1.47708    
0.19637    
3.84421    
-0.05316    
0.06850    
-4.81851    
-2.89930    
-1.02973    
1.94840    
1.98493    
-0.40778    
1.47126    
-2.29472    
3.58674    
3.44859    
-0.46827    
2.59626    
-1.95682    
0.49496    
2.91250    
-1.44290    
0.06428    
1.40457    
4.28846    
1.00835    
1.00408    
2.31473    
0.12343    
-1.06661    
4.80234    
1.43349    
3.00252    
3.08785    
1.43999    
2.93985    
1.57319    
-0.87475    
1.54079    
0.01789    
-1.93447    
-2.09211    
3.49435    
-0.92636    
1.93576    
-8.63937    
-2.77985    
4.49493    
1.92653    
1.96453    
1.11555    
1.90087    
4.42336    
-0.94550    
0.52457    
0.07640    
-0.93060    
3.36379    
1.32096    
3.02151    
1.89757    
2.95404    
3.29584    
2.81983    
3.52131    
2.89065    
0.46875    
0.48738    
-1.70440    
1.15348    
1.11030    
1.50942    
3.00161    
-0.03733    
-0.01711    
1.60307    
1.89898    
0.08466    
2.92886    
2.46065    
2.54659    
0.76534    
2.01304    
-2.92969    
1.59608    
-1.88039    
0.51496    
3.02762    
2.84898    
2.47081    
0.45140    
-1.90878    
3.50805    
1.98454    
0.44792    
1.88107    
0.19934    
1.47684    
-0.90213    
1.11826    
5.00326    
2.90692    
-0.03625    
0.96211    
0.55461    
-0.94672    
0.47499    
1.05906    
0.48417    
-1.51263    
2.93204    
4.95085    
3.56989    
0.45821    
1.15751    
1.03056    
1.17390    
-0.11501    
-0.49235    
3.78729    
3.16641    
-0.93989    
-0.46205    
2.02235    
5.93264    
-0.66030    
-1.96282    
0.74024    
-0.36139    
0.11560    
2.04247    
0.53924    
0.86129    
1.96402    
4.95842    
-2.03400    
2.47723    
0.94619    
-0.97165    
0.94267    
-0.94312    
1.45192    
-0.38537    
0.21521    
2.32458    
-1.05610    
1.05232    
1.45370    
-1.00974    
2.08699    
-3.36100    
2.52801    
1.95329    
-0.03370    
3.98999    
-2.37710    
1.00021    
-0.88773    
5.88538    
-1.85548    
1.44168    
-0.36017    
1.54499    
-1.97954    
2.86440    
0.88879    
2.46708    
0.14717    
0.44324    
3.85674    
1.85549    
-1.41946    
-0.94409    
4.86398    
1.48285    
1.98678    
-0.13774    
1.54916    
-2.97967    
0.10417    
1.20199    
-0.92600    
1.13363    
-1.99770    
1.97240    
1.08226    
0.14206    
-0.71734    
-1.23970    
-0.88388    
0.03195    
-3.79921    
1.10189    
-2.48586    
1.01157    
3.90760    
-1.00432    
-0.43016    
-0.42074    
2.43280    
-0.32447    
0.04779    
-0.14150    
2.99125    
-1.38482    
3.33435    
1.87668    
2.09764    
-0.84662    
-1.00440    
1.44941    
3.41910    
-0.08000    
-1.97344    
-2.02637    
-0.52738    
-1.00180    
-2.88969    
-0.11041    
2.09933    
-2.50905    
0.02161    
0.82327    
-0.90048    
2.39924    
4.86497    
-0.06056    
1.06648    
4.03724    
-0.89472    
-0.04490    
1.59928    
-0.45695    
4.24277    
-0.02638    
1.07783    
1.06641    
0.01066    
1.87256    
4.81153    
-0.06216    
-2.92466    
-4.74001    
2.46491    
1.06633    
3.96433    
2.57045    
1.81807    
-0.20750    
-1.01624    
1.89861    
1.59868    
-0.87240    
2.98456    
2.85985    
1.01793    
-1.52186    
5.08028    
2.14574    
1.01405    
-1.04619    
0.96546    
1.05369    
2.54453    
-1.97096    
0.11695    
1.10029    
1.47001    
0.02204    
0.06088    
0.40425    
1.27228    
5.40107    
2.27281    
-1.41140    
-0.28603    
2.96152    
-0.17656    
-0.95894    
-0.00679    
2.89398    
1.05885    
0.15029    
0.18966    
2.01110    
1.04724    
4.86797    
1.44599    
-2.89995    
-1.06388    
-4.93673    
4.51519    
-0.82745    
-0.93479    
2.97383    
0.41230    
0.88734    
1.98146    
0.00476    
0.50651    
-0.87890    
3.35877    
0.55770    
1.94946    
2.11522    
2.87477    
0.88606    
3.88963    
2.47645    
1.46255    
0.99576    
2.94752    
-1.94852    
0.88006    
-1.40923    
0.03065    
-0.41006    
-4.96769    
2.00136    
1.96068    
2.11621    
-3.86675    
-0.42469    
4.09034    
-2.46522    
1.38647    
-1.32913    
2.51934    
1.02438    
-1.03944    
3.89060    
1.00555    
-2.57175    
2.26791    
-0.92351    
2.50224    
4.41655    
-0.89510    
0.04408    
2.01387    
-1.00636    
2.96138    
0.13152    
0.88411    
1.17146    
0.03926    
0.07717    
-3.96253    
-0.99584    
-0.03576    
4.14823    
0.11519    
0.60122    
1.00603    
0.57761    
0.92041    
3.77847    
1.97637    
1.04815    
1.85654    
-1.40791    
1.91694    
-1.90239    
1.14764    
2.53334    
3.12115    
-1.87861    
3.81730    
1.92915    
2.04549    
2.53086    
2.92737    
0.97491    
-2.98637    
3.95608    
0.92352    
3.06390    
1.99268    
-1.07990    
-2.06987    
0.89622    
1.63182    
3.53248    
0.08066    
-1.20949    
-1.93871    
-1.48067    
-0.41242    
-1.36451    
-1.70028    
1.16690    
2.83389    
-0.02778    
2.97208    
0.00792    
1.17526    
4.83716    
2.04668    
2.05225    
2.02975    
0.95090    
1.02235    
5.29802    
1.81423    
0.97860    
1.91311    
3.03876    
0.55995    
1.94279    
-0.95234    
-1.04440    
3.04654    
3.03509    
1.05926    
2.51307    
-1.00173    
-1.29238    
2.05317    
4.76559    
1.94101    
-0.70445    
4.80215    
0.01179    
-1.87848    
1.96071    
6.42175    
-0.94211    
-0.53475    
-0.98114    
2.99094    
-1.30173    
-0.61775    
0.10114    
1.94570    
2.77379    
-2.90741    
-0.02043    
0.67881    
1.05899    
0.56412    
3.90812    
1.80891    
0.49909    
0.01395    
1.61947    
-0.94938    
-3.88960    
2.50803    
1.09074    
1.14655    
2.52143    
5.01719    
1.44366    
2.93837    
1.88462    
3.28769    
2.18793    
0.44158    
-1.47657    
1.91949    
-4.42530    
3.44157    
2.46973    
0.05470    
2.12541    
3.09298    
2.98902    
-0.35800    
-0.91422    
0.08126    
1.97343    
0.92147    
0.52887    
1.98760    
1.11978    
1.04790    
0.46930    
2.97059    
-1.11720    
0.25700    
-0.78688    
-3.42041    
1.91645    
3.07660    
-1.89421    
2.44356    
3.81466    
-1.86431    
1.46878    
1.11025    
2.08758    
1.08341    
0.74800    
1.02947    
-0.12649    
0.92730    
1.58150    
0.92437    
0.10224    
1.05518    
-0.92752    
-1.01515    
1.98857    
0.17332    
1.52855    
-0.83085    
-0.04356    
0.99369    
2.10050    
-1.01882    
-0.96779    
3.88980    
2.48499    
1.43783    
1.98596    
2.11778    
0.97039    
3.00316    
3.91923    
-0.08696    
0.90824    
0.05997    
-0.41316    
1.56636    
-0.02836    
1.78870    
1.09906    
2.02303    
4.93721    
-0.80274    
0.97929    
0.63551    
-0.75299    
1.08985    
-0.02783    
-0.82459    
-0.90716    
-0.08311    
1.48963    
0.08742    
0.91154    
0.38969    
2.81897    
2.43727    
0.51764    
1.00117    
-1.87128    
-0.97835    
1.85720    
-0.61398    
-0.56057    
-2.88869    
3.01065    
-1.75109    
1.07126    
4.09242    
4.44337    
-2.84945    
-0.99979    
0.12243    
0.08664    
-2.01682    
2.45112    
-0.04747    
3.40364    
3.99787    
-1.12339    
2.87114    
-0.18418    
-0.01526    
-1.85174    
-0.97443    
0.02566    
2.95368    
1.81819    
-1.38225    
-0.91897    
1.05140    
2.58674    
-1.35473    
-0.94209    
2.53817    
6.37878    
3.44866    
-2.04381    
1.11811    
0.14528    
1.96920    
3.99457    
0.93672    
-1.94632    
1.85787    
2.47034    
-1.86847    
5.29140    
2.56790    
2.55207    
0.09647    
0.55054    
1.40520    
3.84105    
0.01012    
1.59249    
1.16151    
2.96672    
-1.44286    
4.06332    
-1.87349    
0.20620    
0.53640    
0.56263    
-0.40126    
-1.00425    
1.12959    
3.87404    
4.98084    
0.17255    
0.51480    
-2.79407    
3.03022    
-0.44799    
0.44685    
0.48662    
4.37983    
-1.04342    
1.83014    
-1.01955    
3.39843    
1.84905    
1.96047    
2.99148    
2.14857    
4.95328    
2.00967    
2.79798    
-2.93638    
2.48293    
3.87413    
1.96447    
2.40172    
1.20259    
4.90653    
-2.96070    
2.89116    
0.89350    
1.06416    
2.95740    
1.08092    
-1.92008    
-0.19071    
1.61599    
1.82680    
-1.08238    
1.07199    
-0.80670    
-0.04275    
1.43576    
-0.06144    
-0.45607    
-3.76394    
0.75072    
1.09103    
0.08037    
-0.96613    
2.84414    
-1.07737    
0.04194    
0.03248    
4.10829    
3.78493    
4.89611    
1.00920    
3.36268    
0.08116    
2.04864    
-1.43944    
1.97323    
0.99504    
0.16234    
-1.74940    
2.52862    
-1.05205    
1.84126    
0.15644    
0.13085    
1.96746    
-0.88559    
5.77855    
4.81280    
0.03403    
1.92186    
4.43210    
1.65250    
3.02463    
1.04047    
0.14996    
0.15683    
-0.93358    
3.01448    
1.07199    
2.94211    
-0.91095    
3.02948    
0.94502    
1.01585    
-1.40313    
3.94253    
-1.42443    
2.47266    
-0.02692    
3.88739    
-1.94963    
6.99098    
3.00793    
-2.28844    
0.50767    
2.54651    
0.99553    
1.03890    
1.12440    
2.31282    
-0.45484    
3.30117    
1.47439    
-2.00977    
1.57507    
2.86146    
2.90169    
-1.51041    
1.09790    
0.05766    
-1.18644    
3.52584    
2.02132    
4.34525    
-0.93899    
-0.97822    
1.50975    
-0.05669    
2.90435    
0.92844    
-0.13802    
-1.05123    
-0.92180    
2.05250    
0.90554    
2.06287    
0.86204    
1.01730    
-0.84439    
-2.96400    
1.05763    
0.58872    
2.54255    
-0.29981    
-0.06388    
-1.47572    
0.98783    
1.03327    
1.03997    
-0.97312    
-1.01914    
4.89693    
0.11349    
-0.03158    
0.04046    
1.59182    
3.88903    
4.48796    
0.17416    
0.88232    
1.09888    
0.85084    
4.40940    
-0.19610    
-3.01227    
-1.01454    
0.91857    
0.89761    
4.02706    
-0.87642    
0.10689    
5.86450    
4.76642    
2.81402    
0.13761    
3.02647    
-2.07390    
-2.89435    
3.02304    
-1.05106    
1.93921    
-1.53896    
1.10705    
2.09211    
2.98041    
3.99166    
-0.24480    
0.06046    
1.18342    
4.44127    
1.04249    
1.51546    
2.13044    
-1.88405    
2.86525    
-2.89485    
1.85474    
3.98861    
-0.02010    
2.22814    
-1.87992    
2.91261    
-0.07404    
0.41404    
-0.36013    
-2.42731    
2.99363    
-2.22060    
4.04897    
2.52267    
0.58136    
1.87980    
1.59190    
2.42868    
2.37246    
0.00405    
2.03160    
1.49678    
1.07126    
0.90509    
1.23658    
2.85077    
0.14898    
1.34282    
1.48121    
4.88032    
2.10339    
4.34868    
-0.51605    
2.02118    
-1.93532    
-0.82607    
1.05221    
0.19643    
-1.83930    
2.91880    
-2.47970    
1.52869    
2.79484    
4.38129    
1.26956    
-0.54041    
-0.12347    
2.42709    
-0.01675    
2.03160    
2.49096    
4.72179    
2.47776    
-1.88952    
2.04615    
1.04758    
-1.05317    
0.20566    
0.96642    
0.73863    
-0.99989    
2.06933    
1.53931    
1.05646    
5.89047    
-0.43561    
-1.10824    
0.88857    
0.47017    
4.12517    
1.01513    
0.43913    
1.07683    
-0.37163    
-0.82188    
-1.31276    
1.38233    
0.42394    
1.52042    
4.78209    
-2.86499    
0.52075    
2.45445    
0.05875    
1.11756    
2.89234    
0.11705    
-0.94957    
1.07354    
0.46434    
1.41527    
1.00193    
0.34822    
-0.83240    
-0.04079    
2.25679    
1.88865    
0.53897    
-2.81867    
0.07869    
0.99087    
0.02465    
0.48717    
1.87318    
2.41801    
-1.32157    
0.11146    
1.18373    
0.04084    
3.06465    
1.18959    
-1.00550    
0.06989    
1.97608    
-1.37683    
3.51064    
2.48327    
-0.13043    
1.10943    
4.40550    
2.88294    
0.89863    
1.49028    
-0.47931    
0.47633    
-0.06416    
-1.01228    
3.98635    
1.34042    
-0.91712    
1.54649    
1.45260    
0.06954    
-0.87082    
-1.95112    
0.11927    
3.85283    
-1.40324    
-0.86752    
-0.95675    
-2.50699    
0.96805    
-0.00521    
0.96975    
1.08729    
3.89622    
4.10069    
-2.45879    
-1.46246    
-0.92716    
0.08740    
3.93659    
4.33203    
2.97453    
2.05460    
-0.97972    
0.49660    
-0.97012    
2.03033    
0.34630    
1.00784    
-0.50240    
-0.71411    
2.08719    
2.87221    
0.49564    
0.51950    
1.60847    
-1.75260    
-0.94453    
-1.90963    
3.04240    
-1.42762    
-0.00099    
1.11626    
0.25318    
1.53834    
0.44767    
4.07028    
1.59379    
0.92445    
1.60958    
-0.85906    
0.51257    
-0.97162    
-0.73272    
0.86577    
0.74099    
0.89410    
0.10886    
0.85671    
-1.06390    
0.92337    
2.03317    
-0.99659    
2.22458    
4.80849    
1.06247    
0.51190    
3.40448    
-0.97921    
4.70361    
-0.92895    
0.18841    
-0.40889    
-3.82027    
-0.89367    
2.01062    
-1.90341    
1.88166    
2.09015    
0.99705    
1.07610    
2.32297    
-1.05942    
3.90039    
0.00887    
2.02204    
0.07145    
3.95064    
1.58352    
1.09693    
2.54101    
-1.96584    
6.40187    
5.97037    
-1.41290    
4.88033    
3.59289    
-2.03656    
-1.92356    
0.07581    
0.49794    
-1.79831    
2.90787    
-0.98886    
2.43655    
2.92107    
-0.00733    
-0.91842    
1.47053    
-0.99297    
2.99035    
2.02290    
1.86113    
1.16568    
2.02954    
3.04428    
1.96092    
2.97975    
2.95243    
1.20258    
-0.10639    
2.98105    
1.91350    
0.43277    
0.93351    
0.12558    
0.39488    
1.09823    
2.43641    
-2.89389    
2.95837    
0.54483    
-0.07986    
-0.36852    
0.08567    
0.02142    
0.50020    
1.24461    
3.10722    
3.04907    
-1.38530    
-0.46361    
1.83976    
0.54808    
2.01905    
1.04254    
2.47741    
-0.12199    
-0.07399    
2.53486    
2.90134    
2.42110    
1.07469    
1.94464    
1.02418    
-0.55451    
1.49474    
1.52152    
-0.94961    
-1.84620    
0.59064    
0.56966    
2.07632    
1.31937    
0.40776    
0.88317    
4.42442    
1.00573    
3.54335    
3.16109    
2.91949    
-0.97803    
3.60122    
2.32711    
3.04405    
2.72471    
-0.72576    
0.58667    
2.42665    
-0.00608    
-0.84676    
-0.05015    
2.03540    
0.69066    
0.05072    
2.87474    
-0.97627    
-3.60692    
1.96390    
1.99422    
4.90017    
4.02805    
2.49833    
-1.93683    
1.90966    
0.97759    
3.25195    
2.78865    
0.07642    
1.14592    
-1.47770    
3.60653    
-0.56144    
3.97915    
-0.54613    
1.79572    
-0.01512    
-0.89156    
0.15439    
0.10402    
-1.84388    
1.09038    
-1.95874    
1.94315    
1.09261    
-2.86577    
-0.06160    
1.06138    
0.48570    
1.98551    
0.53659    
0.01510    
2.88038    
3.89061    
0.08003    
-0.05401    
3.53943    
-0.43968    
1.16419    
0.08680    
2.01729    
-2.33220    
-0.16386    
0.96967    
1.50765    
2.57670    
2.50989    
2.91252    
0.92576    
-1.00172    
1.51506    
0.25011    
3.94188    
-1.84825    
0.47991    
-0.37305    
0.57215    
-0.03921    
5.44835    
0.88415    
-0.88422    
2.05283    
-4.20569    
-0.05150    
-3.80818    
1.94117    
-3.30679    
1.09438    
0.03614    
0.10183    
5.26695    
2.99605    
1.90551    
3.00462    
2.43258    
0.55816    
1.86716    
0.56960    
1.60966    
1.95686    
-0.54003    
-3.38701    
1.43949    
-0.00441    
3.91273    
0.91116    
1.99990    
0.02806    
-1.82927    
2.86478    
-0.40056    
3.42086    
3.12738    
-0.45578    
0.93645    
1.03522    
1.03112    
0.05377    
1.95451    
-1.43922    
-1.36224    
2.51112    
1.00333    
0.71676    
1.02051    
-0.88267    
-0.89904    
1.93014    
0.98657    
3.86596    
1.52604    
2.05001    
2.57518    
3.04322    
-1.00261    
3.95297    
1.82309    
-0.76513    
0.61245    
3.94307    
-1.00173    
0.07292    
2.53230    
2.10300    
-0.53537    
-1.01248    
1.05523    
3.80569    
0.55553    
0.61252    
1.49387    
2.94738    
-0.02641    
1.34961    
-2.42167    
5.71526    
0.61044    
3.00090    
1.87389    
1.89316    
2.00211    
1.11753    
-3.68806    
-1.52867    
1.02651    
0.94765    
-1.97689    
-0.90167    
1.04341    
1.90940    
2.76279    
1.42349    
1.50543    
2.01025    
0.44451    
2.89792    
2.53450    
1.65316    
-1.30131    
2.47209    
1.87579    
-0.58625    
3.77681    
2.87857    
-2.50900    
0.43204    
2.93612    
-0.28448    
3.01904    
-0.87481    
-0.84247    
0.38217    
2.43238    
4.62739    
-0.07507    
0.01423    
3.06641    
0.13174    
1.95298    
-1.84485    
1.98049    
-1.92891    
-0.88664    
2.60603    
-2.72828    
-0.89051    
-0.99928    
3.86432    
3.05311    
-0.89213    
2.82895    
-1.47680    
-1.41954    
5.02673    
1.04352    
-0.90723    
-0.00470    
-0.87635    
3.96526    
1.91840    
0.97760    
-1.92576    
-1.04233    
0.03780    
-1.88544    
2.40255    
1.05575    
0.43738    
3.20242    
0.04323    
0.87635    
0.82911    
-1.14174    
0.93809    
-1.79833    
2.04943    
-1.87621    
0.97383    
0.09402    
0.53449    
-0.02755    
0.95417    
1.06836    
-2.84790    
3.01382    
2.95184    
3.16063    
4.81362    
5.02987    
-0.96755    
3.52206    
-3.41255    
0.14955    
-0.53728    
1.91429    
0.91945    
-5.00686    
2.72531    
-1.00275    
1.39544    
2.32747    
1.06769    
-2.81939    
-2.03604    
-0.04829    
-2.91206    
-1.45592    
0.56271    
1.15370    
-0.91090    
2.54117    
-0.81616    
4.26708    
3.46141    
2.51785    
1.16833    
-4.40602    
0.95121    
4.46464    
-0.76092    
1.96138    
0.00812    
-1.90382    
2.26076    
1.90501    
1.51501    
-1.35270    
-4.76215    
1.02620    
-2.72441    
0.05494    
-0.30299    
-1.10511    
1.45621    
2.85110    
0.95221    
1.45331    
-1.50626    
2.96265    
0.72478    
3.90477    
2.07653    
-1.33676    
3.06876    
2.43821    
1.01472    
4.74464    
0.46797    
0.62297    
3.02382    
-0.14272    
1.04986    
0.13685    
2.91344    
-0.97347    
0.01172    
1.88861    
-0.88890    
-0.90979    
-1.83658    
-2.32132    
1.13619    
-1.90243    
-2.05499    
3.84692    
-2.41640    
0.51096    
-2.39796    
1.78838    
1.96319    
2.04531    
0.97923    
0.04633    
1.92711    
0.18401    
-1.74524    
0.96253    
2.08414    
0.99054    
4.41008    
1.63417    
1.48911    
3.40863    
1.03112    
6.99078    
3.44664    
3.05542    
1.98035    
2.23550    
2.00864    
-0.90401    
-1.75602    
4.44257    
1.11736    
-0.02514    
0.92944    
0.97032    
-3.89021    
-1.93260    
-0.93439    
-1.86028    
2.06465    
1.14141    
1.42549    
0.14914    
-0.84848    
2.03582    
5.34630    
2.91322    
1.14983    
0.12173    
4.03658    
0.93330    
3.14938    
2.34135    
3.51636    
5.35775    
0.63126    
-0.71031    
2.82891    
-3.80906    
-1.86058    
-1.81787    
2.51568    
-0.40579    
0.00565    
0.94485    
-0.01706    
2.85302    
3.78235    
2.00151    
1.96663    
-0.39272    
1.88830    
-0.51229    
3.87537    
-2.08439    
1.04465    
-0.41467    
-0.41660    
-1.00145    
0.62469    
2.57392    
-1.49648    
1.55223    
1.51803    
3.07998    
0.93968    
0.10092    
-1.92927    
-3.12829    
1.61109    
4.44915    
5.43053    
1.01304    
3.40140    
0.96285    
-0.03637    
1.93730    
2.05266    
1.83909    
0.43293    
-0.78856    
3.95014    
2.89787    
-1.96598    
1.50095    
-0.36276    
0.35689    
-1.01053    
2.16289    
-0.82460    
-0.99895    
2.40009    
1.37939    
1.96547    
2.97002    
-0.00352    
0.94396    
-2.99641    
0.26914    
-0.40496    
-1.61383    
-0.86812    
2.54187    
-0.60093    
-3.83639    
1.97299    
4.03249    
1.86618    
1.03243    
4.13738    
7.70700    
1.47144    
4.04824    
0.24469    
1.17322    
2.81184    
4.08579    
-0.85298    
1.08473    
7.82191    
5.04321    
-0.55995    
1.54375    
1.53817    
-4.77585    
2.91375    
3.98471    
1.59292    
1.94605    
2.32680    
2.46582    
2.41212    
0.10930    
-0.08269    
1.13564    
0.43699    
2.84853    
0.42072    
-0.13566    
-0.39210    
2.92737    
1.57728    
0.01290    
0.96819    
0.00412    
4.98865    
-0.90569    
-1.89831    
2.49328    
1.98103    
1.92464    
-0.88806    
3.91781    
-1.79852    
0.43242    
0.96190    
-0.03647    
0.49512    
2.03475    
0.50361    
0.05745    
4.99687    
1.13230    
1.95517    
-1.76209    
2.91723    
2.96938    
3.98102    
2.42326    
2.58284    
0.60664    
2.99397    
1.50400    
3.91683    
2.05086    
3.47976    
2.05193    
0.01835    
2.38775    
-0.56562    
1.03450    
1.08295    
2.03298    
0.14097    
2.44428    
2.83746    
0.96451    
1.92547    
0.01202    
1.09492    
-0.84130    
2.10176    
-1.40531    
1.78686    
0.49274    
-1.03857    
2.98338    
0.05020    
1.48152    
1.98850    
0.02860    
-0.88970    
0.56853    
-0.96027    
0.67255    
2.84409    
1.92049    
1.98927    
-1.10944    
-3.03416    
-0.32431    
0.50631    
2.48423    
4.00988    
1.05336    
2.91819    
2.94790    
-1.76167    
-0.07026    
2.96616    
-2.77839    
-2.38328    
-1.11162    
-4.87512    
-1.50388    
0.95654    
2.38319    
0.04092    
-0.97530    
-0.55011    
-2.91141    
2.93246    
0.05781    
5.91894    
0.07808    
4.37477    
-2.45692    
0.12073    
2.07000    
2.25224    
1.33736    
0.86251    
0.16027    
-0.07586    
-0.36492    
0.46145    
-0.50222    
1.83400    
3.00120    
3.52480    
0.99044    
-1.05348    
3.88867    
1.95525    
0.95674    
1.49101    
1.52194    
-0.03964    
-2.55623    
0.22225    
2.28451    
-0.18903    
-1.53536    
4.38467    
0.99425    
0.52617    
0.58897    
2.94658    
1.00781    
1.87903    
2.09092    
2.09422    
1.16654    
1.50557    
0.67909    
3.03482    
-1.87044    
2.40742    
0.55307    
1.03161    
-0.99936    
1.92208    
-0.89925    
2.44413    
0.07275    
2.06574    
0.55612    
-1.58578    
1.95515    
-1.73691    
-0.06622    
-0.00555    
0.94141    
-1.38547    
2.52523    
4.38353    
3.88571    
3.80346    
-0.06973    
1.62498    
0.91177    
1.70153    
0.94769    
4.36597    
2.00377    
-0.95962    
-0.08111    
2.90287    
1.58637    
2.43585    
0.11428    
3.92966    
4.04533    
-0.35627    
-0.94147    
4.72129    
1.97562    
1.01600    
1.07407    
4.05580    
-0.01296    
4.14707    
-0.35785    
0.14928    
0.99192    
2.52546    
-0.80688    
1.42681    
-1.90008    
-0.85404    
0.94365    
0.03916    
0.03562    
3.96361    
1.91766    
2.06135    
0.98622    
1.92333    
1.44331    
-0.01564    
-2.53573    
3.91406    
-0.63590    
-1.07302    
-0.34224    
1.70469    
-1.56008    
1.38747    
4.01582    
1.88418    
2.96636    
1.96921    
-1.93654    
-2.97339    
2.87343    
0.09640    
-0.97109    
3.02962    
2.15871    
1.48412    
3.27481    
0.93166    
-1.79371    
1.49354    
-1.94414    
0.54405    
1.97790    
1.11916    
2.06373    
-0.92752    
3.95308    
-2.80691    
-2.00687    
1.62612    
0.55542    
0.99608    
1.50044    
-2.81996    
0.91538    
2.97886    
2.79648    
3.45337    
2.10622    
0.12458    
3.00022    
2.11927    
3.87092    
-0.86506    
2.44039    
3.95964    
1.18080    
4.52564    
2.35852    
0.52835    
-1.42256    
0.53211    
-0.91216    
1.83298    
3.59245    
-1.73961    
-2.18588    
2.01034    
2.90165    
1.60528    
-0.12713    
1.40753    
2.10185    
5.94943    
1.38228    
2.90575    
2.48882    
2.04469    
-1.00521    
1.42494    
-2.87847    
-2.97988    
-0.07990    
1.05993    
1.10465    
2.96520    
2.10262    
3.97908    
-0.04715    
0.95003    
-1.03913    
4.89188    
-1.08818    
0.93193    
1.06974    
1.13343    
1.54110    
0.08102    
3.72689    
2.90052    
1.98634    
1.06579    
1.41499    
2.81937    
-0.92219    
0.03575    
0.51915    
0.14078    
2.07902    
0.42803    
2.55501    
0.93809    
3.04826    
0.54504    
-1.46763    
0.58680    
-0.92294    
2.86683    
4.47083    
-1.96738    
-1.90617    
1.51765    
0.96334    
2.48239    
0.98500    
-1.02853    
-0.87659    
-1.74464    
1.91527    
-0.17128    
-0.72253    
1.92448    
2.25818    
0.88033    
-0.97273    
-0.34527    
-1.34839    
1.99563    
0.98163    
0.05576    
-1.87690    
1.02971    
3.93180    
1.14764    
-1.01211    
2.41664    
3.41388    
0.70268    
0.61910    
0.13338    
-1.88472    
1.05608    
0.94765    
-0.01484    
0.11688    
-0.56472    
-0.02410    
-0.53823    
2.01148    
1.07445    
2.42140    
-0.06235    
2.35656    
-2.92639    
3.93739    
3.45962    
1.58706    
-0.41707    
2.00588    
1.09001    
2.54633    
1.03243    
2.15828    
-1.52484    
-2.31911    
1.60775    
1.00476    
-2.86930    
1.45320    
1.78090    
3.92916    
3.01349    
1.85129    
-1.86490    
1.90110    
1.99517    
4.50054    
1.01371    
-0.85235    
-0.94949    
3.03889    
0.59451    
2.04080    
1.12762    
0.58468    
-0.95241    
2.92584    
-0.06019    
4.58648    
2.93320    
-0.42286    
-2.85304    
6.41201    
2.92170    
-1.41690    
1.98725    
-2.95579    
-1.60563    
-0.45777    
-1.76289    
2.05504    
4.92764    
1.40190    
2.97481    
3.37471    
-2.83939    
0.45382    
-0.04881    
4.76744    
0.03915    
1.43899    
2.02892    
1.05995    
-0.99525    
3.40607    
0.90436    
0.92044    
1.98747    
2.08691    
1.61766    
-0.87126    
1.52837    
2.03422    
1.57445    
1.33616    
-1.96132    
-0.79851    
2.97245    
2.36560    
0.97430    
2.92810    
0.92634    
1.15615    
-1.01254    
4.79532    
0.06351    
1.03727    
1.98532    
5.84772    
3.32309    
1.09999    
-0.98169    
2.94225    
-1.47312    
5.90533    
-0.07526    
-1.42805    
3.04757    
4.84979    
0.12757    
-1.00005    
1.97667    
-1.00024    
1.95008    
-0.39266    
3.31399    
0.97883    
2.05964    
3.07207    
-2.81423    
3.96108    
3.32495    
2.93131    
1.91240    
-2.33854    
0.51782    
0.83488    
-0.06917    
-0.87027    
0.95393    
0.80715    
0.11875    
0.42994    
2.40469    
2.81928    
-0.39755    
2.40914    
0.41372    
3.57594    
3.42418    
1.48409    
-0.95372    
5.43814    
-1.01736    
-0.87806    
1.58956    
0.91700    
2.10830    
-0.89375    
1.18865    
0.05971    
-0.06318    
0.98102    
0.17056    
1.94093    
2.85048    
-1.36627    
2.80486    
1.06519    
0.54487    
3.43307    
1.46866    
0.26127    
-1.23397    
1.07398    
-0.88222    
-5.67621    
1.05057    
-0.93287    
0.05392    
1.06217    
0.01912    
0.90392    
1.85964    
-0.01938    
2.13216    
-0.82728    
1.02376    
-0.04652    
-2.64422    
-0.94148    
-0.39416    
-0.01259    
1.05010    
2.00715    
2.47490    
4.26959    
2.84371    
1.14691    
-0.94457    
2.05546    
-0.86717    
2.94561    
5.39969    
-1.02168    
-0.03213    
0.91676    
0.98583    
-1.19104    
3.12546    
1.40854    
-0.86552    
0.01319    
2.01370    
0.10565    
-0.93517    
-1.52714    
-0.03072    
0.08338    
1.57533    
2.43669    
1.88037    
0.03302    
-0.82303    
2.05746    
0.96639    
1.16995    
-0.57600    
0.05123    
3.40413    
0.17052    
0.07243    
4.80605    
3.11198    
1.04906    
2.47976    
0.85927    
-0.34968    
0.45302    
-2.78480    
-1.54055    
5.34066    
4.42728    
1.94289    
-3.87800    
0.01497    
0.00388    
-0.36070    
-0.46128    
0.53352    
-0.04315    
-1.34304    
3.01065    
-0.00173    
-1.04139    
2.80787    
-2.42365    
3.01570    
0.16883    
-0.91244    
1.62276    
3.01778    
-2.43483    
2.04159    
3.50385    
3.10360    
0.02386    
2.08166    
2.49581    
-0.40759    
0.04794    
-0.85907    
2.05609    
1.48528    
0.90841    
0.95999    
1.93327    
-1.77322    
4.53760    
2.83073    
0.16971    
0.26553    
3.03105    
1.06792    
2.38394    
1.03851    
1.87183    
3.92547    
1.61637    
2.93378    
2.41192    
2.49762    
0.08944    
-0.43392    
1.03047    
6.27799    
-2.38844    
0.05382    
3.09731    
1.56075    
-0.44752    
-0.90397    
2.08016    
-5.86632    
-0.50604    
6.90710    
-0.80454    
0.29576    
1.86007    
6.85679    
-0.88762    
-0.09933    
1.99291    
1.00149    
0.83699    
1.48642    
3.37344    
-1.00503    
0.13553    
0.48534    
-0.90531    
3.08546    
-0.43554    
-1.03035    
0.90199    
5.04697    
1.83536    
0.98280    
2.91593    
1.50262    
0.50730    
1.97799    
1.11994    
-1.00094    
1.04058    
0.90221    
2.82191    
2.08664    
2.97582    
-0.10638    
1.96692    
1.91321    
5.08600    
1.47275    
-1.37034    
-1.03564    
2.40179    
5.28557    
-1.83097    
3.85128    
3.52334    
1.85491    
5.08092    
0.97599    
4.95826    
-1.98286    
1.13212    
1.11121    
2.00147    
-0.83941    
-3.88060    
2.50257    
2.11458    
1.98084    
-0.10602    
0.59423    
-0.02720    
-2.25934    
3.37286    
3.89270    
-1.97346    
-0.49837    
-0.55099    
-0.42397    
2.60002    
3.01871    
-3.81759    
0.53482    
1.03583    
-4.03412    
-0.87359    
1.05952    
-1.95656    
0.20255    
0.98877    
0.90397    
2.05956    
2.21377    
0.01576    
1.56694    
1.04633    
1.52294    
2.04343    
-1.33708    
0.68162    
0.97885    
-3.95182    
0.86598    
3.52903    
0.49875    
4.05140    
0.97758    
-0.88036    
-0.98362    
0.82435    
1.02286    
-2.00054    
-1.50831    
3.50289    
-0.03142    
-0.81440    
2.99540    
-1.74036    
-2.45385    
-0.00816    
4.01799    
3.92203    
-0.87640    
1.29938    
0.02609    
-0.92795    
2.84085    
0.46129    
3.05022    
-2.87946    
2.45891    
0.18983    
-2.82752    
1.29202    
0.45721    
4.05087    
1.15393    
-0.38233    
-1.41925    
1.40325    
0.19444    
2.89527    
0.98140    
0.01743    
-0.02962    
1.47880    
-0.12022    
-0.88632    
4.00492    
-0.07851    
-0.83046    
0.96200    
0.13260    
-0.91747    
-1.53130    
2.96687    
0.04553    
-1.83110    
0.32288    
2.96574    
4.78583    
-0.88055    
1.99304    
-2.37334    
0.49554    
2.16304    
0.89933    
0.56231    
-0.02630    
-1.00349    
5.04483    
2.39115    
-1.92194    
-0.04556    
0.08839    
1.13454    
2.82338    
6.82045    
0.47642    
1.48404    
2.28830    
3.88619    
-0.86661    
2.02148    
-1.85506    
1.39912    
2.11465    
-2.38048    
2.60152    
0.02744    
1.44991    
-1.14928    
-2.02900    
5.40258    
0.75910    
1.88702    
-0.82683    
4.01628    
0.92177    
-0.96204    
1.99219    
1.83558    
-1.45313    
0.08073    
0.97820    
0.63815    
-1.09520    
-4.91535    
-0.06749    
1.65812    
4.75933    
0.49608    
2.46127    
1.94744    
4.43580    
-0.02955    
0.45163    
0.33964    
1.06158    
1.87131    
2.95826    
1.47360    
2.84523    
-2.96510    
-0.05630    
0.07904    
0.30285    
3.82973    
2.99499    
2.92266    
0.96154    
0.98525    
1.99740    
1.01493    
0.45584    
0.10006    
2.90473    
-0.90207    
0.93536    
-0.05307    
-1.90185    
-0.38034    
2.55736    
-0.49082    
-0.00265    
1.00822    
-0.86005    
-0.46449    
-1.00347    
2.92750    
0.96089    
-1.02221    
0.18437    
0.86908    
2.07399    
3.01446    
-0.94366    
-1.04739    
2.94004    
4.42438    
1.03449    
1.06842    
-2.04921    
1.93619    
3.06214    
0.60491    
1.59341    
3.41284    
1.54615    
-1.92715    
1.99429    
0.05885    
-1.04771    
-1.53506    
0.02370    
2.90663    
-0.80564    
3.00067    
1.46641    
-0.53583    
1.16039    
2.96906    
0.94759    
3.88713    
0.14053    
1.47612    
0.91502    
1.90579    
1.31222    
3.57247    
3.06475    
0.05053    
1.18209    
0.44597    
0.96647    
0.05353    
2.92559    
1.96550    
4.01146    
0.54776    
2.03831    
-0.35885    
-4.92729    
0.91862    
0.92938    
0.02513    
-2.84583    
1.05761    
7.08972    
-0.49151    
1.98151    
0.05913    
1.12791    
-1.88988    
-2.92491    
-1.96190    
1.12607    
-0.89904    
2.23568    
0.98195    
2.06882    
2.01794    
3.44667    
2.52607    
0.59050    
2.40250    
3.18513    
2.14874    
0.43785    
0.12334    
5.02334    
1.93882    
1.96339    
-0.58398    
1.45156    
3.00200    
1.88949    
2.93441    
4.94599    
3.02865    
0.00010    
1.81884    
0.07985    
0.03941    
2.53957    
-0.93503    
0.95866    
0.00409    
-1.46688    
1.92652    
4.52831    
1.93186    
0.50938    
-0.03721    
0.10116    
-1.19597    
2.85743    
0.13899    
2.40044    
-0.11178    
1.00750    
3.91010    
-1.72138    
-1.81640    
-0.55702    
0.50113    
2.04394    
-2.86821    
2.97782    
1.90699    
-0.95045    
0.97451    
1.06000    
3.89718    
0.43922    
0.52147    
3.02455    
-0.56366    
0.55544    
3.05508    
0.92799    
1.02052    
-0.31381    
-0.01965    
-0.04032    
-0.51408    
-1.94339    
4.91148    
4.91588    
1.03826    
-1.91186    
1.98092    
1.93239    
2.88118    
5.37491    
-0.51032    
-0.70598    
-1.83325    
0.92313    
-1.94635    
2.93609    
1.06170    
3.48766    
0.95474    
-0.89544    
2.49707    
1.92595    
1.86621    
6.98568    
-0.46949    
2.45827    
1.95679    
1.99995    
1.55904    
1.01066    
-0.05021    
1.48199    
-1.54510    
-3.82516    
1.07012    
-0.81459    
1.98593    
4.54988    
-1.44829    
0.12158    
0.57261    
2.97472    
0.08105    
0.19858    
2.42175    
0.64744    
1.13503    
-0.49639    
1.63409    
2.26726    
-0.07844    
1.99698    
0.40667    
1.89773    
-0.87691    
2.30897    
0.05007    
-0.45353    
1.48781    
0.87933    
3.47248    
0.71202    
-0.49653    
-1.56477    
-1.91700    
-0.44469    
3.41740    
-0.98891    
0.15081    
-0.10964    
1.94209    
0.80495    
1.99495    
5.54936    
2.45230    
0.89780    
2.94514    
1.07324    
0.08013    
-0.01175    
-2.96600    
1.05031    
-1.43114    
3.47614    
1.53533    
2.13710    
1.05125    
0.57486    
-1.53178    
-0.75073    
3.42016    
3.96977    
1.57298    
-1.94339    
-1.59827    
1.01102    
0.39713    
1.46013    
0.81010    
-0.02241    
3.82489    
0.05127    
0.97863    
0.58307    
2.43691    
-0.43127    
0.48450    
3.49127    
1.41727    
2.02066    
2.42880    
0.15067    
0.94933    
-0.08102    
-0.95250    
1.95764    
2.50131    
-0.12016    
-2.94772    
0.11753    
-2.73911    
-0.97119    
-0.38921    
4.32254    
-2.02008    
2.99728    
-2.98916    
-1.32568    
0.06858    
-0.32873    
-0.12451    
0.10477    
-0.06639    
1.50628    
-0.35267    
-2.06975    
2.06347    
1.60674    
-0.16160    
3.00744    
-2.02521    
-0.31533    
2.05531    
-2.70411    
0.10464    
2.07051    
3.07048    
4.00412    
0.02078    
3.04236    
1.07050    
3.54561    
3.02888    
-1.36387    
2.85483    
-1.08392    
2.36853    
1.93096    
0.96442    
-0.83068    
-2.61169    
2.41381    
1.92158    
0.07202    
-0.01979    
2.00343    
6.47760    
3.35065    
0.57612    
0.01028    
0.56420    
-1.94874    
4.40271    
0.96870    
0.60840    
-2.84983    
-0.13509    
0.89626    
-0.02688    
-0.89839    
-0.79982    
1.85001    
-3.77381    
0.64765    
-1.38829    
-0.70458    
2.04050    
3.02889    
-1.74630    
2.01541    
3.87782    
0.06129    
-0.45649    
3.32687    
-0.49818    
5.49415    
0.01698    
-0.09596    
-0.14416    
0.06993    
-3.80569    
-0.36676    
3.88804    
0.96078    
-1.41461    
-0.96765    
4.88008    
2.96592    
1.01211    
0.05095    
0.85293    
3.84936    
1.95201    
0.97047    
0.98474    
-0.92533    
-0.00949    
2.66457    
-1.35820    
0.44798    
3.01146    
4.55220    
-0.07292    
3.46779    
0.03065    
2.39505    
1.06625    
5.46454    
-1.89957    
2.82148    
1.91692    
0.92881    
1.56531    
5.33075    
-1.36492    
1.90148    
-1.94393    
-0.84637    
3.49262    
0.57604    
-2.95877    
0.02350    
3.06920    
0.97652    
4.82459    
0.40686    
4.36049    
-0.46681    
-1.92278    
-1.02531    
1.08543    
1.54400    
-1.82595    
2.46902    
2.86992    
1.05518    
-0.59171    
1.91200    
-1.89832    
2.33065    
1.06966    
-1.93724    
0.62395    
2.86426    
0.96125    
1.11679    
1.90028    
3.08596    
-0.83365    
0.22500    
0.55882    
0.26547    
1.96018    
2.85480    
3.91232    
0.94332    
2.89007    
0.06383    
2.94187    
4.82486    
1.00865    
-1.88587    
-1.61020    
4.46588    
0.66153    
-2.28076    
2.37802    
3.50192    
-0.94093    
1.10000    
-0.41544    
-0.42120    
2.88238    
-0.92719    
1.74441    
-0.96004    
1.80564    
0.66319    
0.06966    
-1.95313    
2.39350    
-1.44599    
-1.99456    
1.85405    
2.75986    
3.52105    
2.96612    
0.95134    
3.90259    
0.11525    
1.00315    
-1.02770    
1.10548    
-3.86428    
2.13045    
0.60513    
-0.91965    
3.90188    
0.08806    
0.92138    
-2.92283    
-4.89672    
2.97436    
0.99421    
-0.94986    
1.05444    
0.96944    
1.04879    
2.42049    
0.18983    
1.10255    
0.16659    
1.07522    
0.57363    
1.78589    
-1.06381    
2.90179    
0.57829    
-0.93719    
1.88502    
-1.98946    
-0.96699    
3.88016    
3.01852    
0.01331    
3.95261    
-1.55639    
1.93206    
1.81806    
3.90178    
-0.94062    
0.45172    
-1.06937    
1.98074    
-2.11239    
2.50655    
1.09448    
2.57331    
-3.49718    
2.94221    
3.83343    
-0.97885    
0.83894    
-1.12227    
2.89955    
4.85142    
-2.40328    
2.50293    
-2.50260    
1.47295    
0.13332    
0.52980    
0.45068    
1.65710    
0.06834    
1.52936    
1.96875    
4.06316    
-0.11502    
-3.80245    
2.91520    
-0.99237    
1.93176    
2.94185    
5.11941    
2.07515    
0.10488    
-1.87746    
1.02482    
1.92066    
-0.84531    
-0.10823    
2.99375    
1.87531    
3.55372    
0.07442    
-0.47916    
0.42205    
-0.88148    
3.05007    
1.15282    
1.08068    
-1.45692    
-1.98698    
-1.04916    
2.95915    
-2.50091    
-0.08156    
0.67065    
0.14074    
2.39087    
2.90801    
-2.91230    
1.07268    
-2.85525    
1.02702    
3.87174    
-0.94746    
0.98766    
3.09892    
2.92518    
-1.94835    
1.03877    
2.93985    
1.86736    
-0.54190    
1.52539    
1.04823    
-4.72679    
0.80380    
2.94069    
-0.01254    
-0.51690    
-1.88849    
3.00676    
-1.87792    
1.07295    
0.03582    
0.29089    
0.94208    
2.34917    
-4.70224    
2.51932    
-1.95693    
1.06570    
-0.52586    
1.05656    
1.01522    
3.40923    
2.92950    
1.93629    
-0.02659    
2.02205    
-1.34221    
1.53389    
2.89323    
0.01225    
-0.08639    
2.38189    
1.95169    
0.58482    
-0.40735    
1.97548    
0.95270    
-0.10454    
-0.10546    
3.09589    
2.96724    
-0.06360    
0.16236    
0.21495    
-0.96413    
-1.98749    
-0.89816    
3.40479    
3.44603    
-2.88970    
2.04686    
-0.04261    
-1.82214    
3.94865    
0.91733    
3.05514    
-2.40861    
-0.01354    
1.02105    
-0.41976    
-1.57298    
1.94591    
2.50553    
2.60315    
1.07109    
1.10326    
3.03212    
-1.36095    
1.38787    
1.01380    
4.47510    
0.87036    
-3.49730    
1.15380    
2.53401    
-1.77043    
-1.30527    
2.86880    
1.54577    
0.49828    
-2.86095    
0.01334    
-1.77916    
0.11427    
-0.83058    
-0.90851    
-0.01081    
0.45228    
-0.91407    
3.50543    
1.12089    
0.10436    
-0.42388    
-2.92298    
0.11162    
-1.02581    
0.00005    
1.88370    
0.05826    
0.96700    
1.58517    
-0.88996    
1.39383    
2.95263    
-0.04089    
2.11217    
0.96938    
-0.40080    
0.15503    
4.79472    
1.12212    
-0.66422    
2.47161    
2.02406    
4.39387    
1.89764    
2.93308    
-3.37434    
-1.92218    
-0.97736    
-1.02602    
2.02039    
1.96582    
3.41125    
-0.55609    
0.08444    
0.51431    
0.55655    
-0.48791    
-0.31854    
0.02558    
0.02026    
2.96605    
1.07459    
0.47338    
-6.29365    
2.10421    
1.10671    
-0.52173    
1.15893    
-0.82915    
-0.51773    
2.55367    
0.84932    
2.93262    
1.17094    
-1.46262    
0.89142    
-0.92994    
2.00122    
0.05162    
3.84193    
-0.45656    
-0.05421    
2.91422    
2.39112    
-1.03186    
0.01029    
0.88088    
2.13256    
0.96885    
-1.96292    
3.49639    
-2.07120    
3.81338    
3.92544    
-1.43583    
0.13975    
-2.37657    
1.10325    
3.03802    
-0.45973    
1.91887    
1.86867    
3.94261    
0.44772    
4.39883    
5.39123    
-1.92855    
-3.36982    
2.43089    
-0.03673    
-0.41942    
-0.88720    
0.87723    
2.94310    
1.07526    
0.07918    
0.99887    
1.93672    
0.22708    
2.05175    
0.20039    
0.27330    
0.02777    
1.01753    
2.80220    
-3.21971    
2.06867    
2.91716    
2.92509    
1.56176    
1.59297    
-2.96342    
-1.03922    
-2.03020    
3.44935    
3.59761    
0.11683    
0.55215    
5.35277    
1.89073    
3.08688    
2.93281    
1.00734    
2.40695    
-2.86948    
3.04118    
1.51830    
-6.73009    
1.51354    
-0.95248    
0.92634    
2.00647    
0.86060    
1.00816    
2.05480    
2.46898    
1.99740    
2.06492    
1.88970    
0.11370    
0.63945    
0.04043    
5.27347    
-2.38246    
1.48466    
3.96136    
3.58248    
1.89596    
-0.52154    
0.06790    
1.98994    
0.59981    
-1.53052    
0.46451    
-1.87174    
-0.14753    
2.80745    
0.45083    
1.47978    
-4.03974    
1.59253    
2.33193    
-0.54225    
0.88669    
-0.50676    
0.09904    
3.49642    
1.95898    
0.53463    
3.01317    
1.99338    
3.95263    
2.05551    
1.87953    
2.93285    
3.55569    
1.98608    
1.59372    
-1.90601    
2.83696    
-1.53723    
1.46063    
-1.15890    
0.92206    
0.17310    
4.04340    
2.43709    
-2.63832    
0.46689    
2.87074    
0.99074    
-1.92338    
-1.93994    
2.95357    
-1.35410    
2.57763    
2.88011    
7.39027    
-0.05285    
1.85048    
4.03136    
3.08276    
3.31354    
3.86179    
1.15234    
-0.83161    
-1.07930    
-1.35778    
4.40749    
-1.81682    
0.19626    
-0.99481    
0.35996    
1.02295    
-1.84150    
-3.43124    
1.82207    
0.99347    
1.57214    
2.73713    
0.16352    
0.57731    
0.95918    
1.09589    
3.55693    
2.93982    
-2.43517    
-4.81007    
0.09816    
2.09282    
3.06932    
1.97668    
2.92874    
0.56781    
-0.04511    
4.38807    
0.79642    
4.55799    
2.89958    
0.50338    
0.19414    
0.66736    
0.49780    
3.49450    
-2.94178    
-1.47230    
-0.86911    
2.29552    
3.40523    
2.92172    
1.09099    
2.99233    
0.06209    
-0.88514    
1.93978    
4.90239    
-0.04187    
2.02793    
-0.45363    
3.05886    
-0.01472    
0.96816    
1.03331    
1.46067    
-2.91685    
2.94298    
-4.38360    
-0.97693    
3.10568    
1.13472    
3.12179    
0.03999    
-1.93574    
0.07775    
0.99498    
-0.76371    
1.05562    
0.91798    
0.46569    
-0.36340    
1.36927    
4.45344    
0.11467    
2.98706    
0.45295    
5.36076    
0.04377    
-0.85958    
2.00442    
-2.33932    
2.86622    
4.04910    
1.02226    
3.00696    
-3.01049    
1.04174    
1.53396    
1.01342    
-2.04365    
1.07793    
0.29387    
0.61435    
1.12125    
0.03475    
0.07560    
1.50306    
0.06613    
-0.20717    
-0.28047    
1.91031    
3.48071    
-0.08434    
-1.90193    
1.50029    
-0.92581    
-0.97420    
5.99133    
1.82003    
-2.01267    
0.05733    
-1.91417    
0.90391    
2.02810    
1.88760    
1.07390    
2.57435    
-2.03112    
-1.77168    
4.95190    
0.06779    
-1.69865    
2.51892    
-1.85264    
-0.91759    
0.21075    
-1.89506    
1.29606    
-0.11974    
-2.96989    
-0.92304    
0.08184    
-2.90584    
1.85334    
-0.60603    
-1.48448    
1.15438    
1.68529    
7.48095    
-2.48972    
4.40547    
-1.00957    
-1.03850    
2.00966    
1.00676    
-0.06723    
-4.80322    
2.09796    
-1.91373    
-0.34174    
1.09013    
1.09872    
1.05283    
0.83863    
-0.44170    
1.86367    
2.94361    
1.49785    
0.01986    
0.11139    
0.14389    
1.45638    
-0.99006    
-1.83495    
4.12323    
-3.00022    
-0.43510    
4.98211    
1.52987    
2.45404    
2.92163    
-0.07722    
6.83315    
2.36745    
1.90116    
1.94576    
3.36577    
0.97491    
-0.96762    
3.65407    
1.01051    
3.00292    
3.34311    
2.81630    
-0.00901    
4.40855    
2.44624    
-0.87045    
2.54149    
2.00332    
-1.51341    
-0.05826    
0.04283    
1.04229    
0.21812    
-0.06801    
1.17061    
1.48339    
0.43126    
1.47284    
1.04988    
0.95634    
0.88459    
0.55548    
-0.05636    
-1.96340    
-2.85871    
1.53666    
0.57421    
1.53043    
2.52683    
2.90684    
-1.10602    
3.99033    
0.94960    
-1.89966    
-1.89578    
1.93733    
3.98862    
1.03589    
-1.86510    
1.02033    
2.16841    
-0.11038    
-2.02263    
0.98726    
-1.01318    
-1.00429    
-2.82198    
-0.03816    
4.91803    
-0.29683    
0.55398    
3.06899    
1.93062    
1.02565    
0.01552    
0.01406    
4.84713    
0.93703    
1.43756    
-1.29576    
-0.44788    
-2.39776    
2.98659    
1.99729    
2.08764    
1.02527    
-1.85111    
2.02046    
-1.49172    
1.44955    
1.55966    
-3.04758    
-1.93886    
1.01478    
1.97455    
2.98543    
2.85336    
-2.40003    
1.94277    
4.14361    
-0.83592    
1.03878    
0.00107    
-1.46522    
0.56538    
1.54798    
3.60854    
-0.96030    
0.10356    
-0.60130    
2.44398    
2.89761    
-0.47830    
1.00871    
-0.15614    
2.63737    
0.49436    
3.84779    
-1.84933    
0.01312    
2.00515    
-0.45081    
-0.00155    
-0.02252    
1.33202    
-2.87434    
-0.52710    
-0.62481    
0.04466    
-0.82341    
-1.36283    
-2.92582    
-1.03310    
1.92011    
1.42464    
3.87332    
-0.42321    
1.89040    
-1.37929    
1.85393    
2.53259    
-0.89508    
-0.91304    
2.10561    
-1.03972    
-3.86812    
1.97222    
-0.07739    
1.58253    
2.14618    
-0.04829    
3.31066    
2.49224    
3.98895    
-2.46474    
0.58296    
-1.01612    
1.06776    
0.94890    
-1.97023    
2.95737    
0.41157    
4.36590    
2.96046    
2.00871    
1.21100    
-0.04161    
1.49134    
-2.72272    
-0.89939    
0.51479    
1.94859    
-3.47318    
0.03983    
0.16976    
3.06072    
-1.86370    
1.00888    
0.79669    
2.99889    
0.50695    
1.96998    
2.00905    
-1.97219    
-4.99818    
3.93447    
1.48871    
3.78151    
0.09783    
1.80269    
2.04841    
-0.41342    
1.93439    
2.97771    
0.98952    
-0.96258    
0.04642    
4.92657    
1.53355    
2.32091    
-0.48167    
3.98318    
0.46539    
-0.47145    
0.20110    
0.48963    
1.50364    
1.92410    
0.11781    
3.46841    
0.51202    
1.90771    
-1.02559    
-2.88913    
0.65247    
0.44868    
0.96932    
1.51143    
-1.07908    
-1.09967    
2.98599    
3.54113    
-0.97324    
3.83655    
0.55073    
0.59932    
4.97149    
-1.54343    
2.46697    
0.95601    
-1.45842    
1.12537    
-0.13148    
4.02502    
-2.87552    
0.91859    
2.04285    
-0.96551    
1.12630    
2.52137    
1.95157    
-0.42801    
0.10573    
1.95697    
2.42663    
2.76576    
3.99408    
-2.50125    
0.94782    
-3.81396    
0.92856    
1.85537    
3.53725    
0.05649    
0.03917    
-0.93782    
-0.51226    
2.85707    
5.90226    
-2.30493    
0.92683    
-0.13645    
-1.43234    
-1.42820    
3.05615    
0.97780    
-0.37672    
-1.77380    
1.11306    
2.46642    
1.81517    
1.79950    
-0.10912    
-1.04487    
0.93006    
2.79753    
3.03086    
3.41948    
-0.03763    
-0.42202    
-0.31303    
-0.87990    
1.54581    
1.60166    
2.05657    
2.34111    
