1.92463    
1.28408    
1.00435    
1.71388    
2.23840    
1.27885    
0.83389    
1.54904    
3.66256    
2.00246    
1.05909    
0.28307    
0.75271    
1.06651    
0.33502    
3.20473    
1.29582    
-0.15095    
2.94906    
2.18942    
1.29239    
1.01962    
1.26824    
1.04935    
0.55397    
2.18734    
0.54711    
1.27169    
2.40301    
2.42981    
1.47537    
3.14203    
1.77650    
2.00677    
2.03827    
1.47025    
1.50922    
4.16655    
1.04133    
2.52106    
2.04213    
1.32958    
1.49500    
1.68946    
2.96206    
3.27250    
0.30275    
1.46603    
3.15485    
1.97600    
3.17481    
0.29199    
1.52927    
0.97522    
1.49719    
1.98045    
2.46340    
1.20897    
2.20970    
1.94751    
2.48378    
2.17608    
2.22047    
1.23696    
2.00293    
0.82085    
2.55419    
0.77276    
1.25737    
1.30533    
0.78261    
1.03638    
1.47385    
1.75751    
2.46250    
1.55009    
1.94552    
1.50848    
2.27751    
2.50801    
1.29625    
0.51575    
1.73383    
2.19639    
0.73954    
0.82718    
2.18029    
0.78448    
0.50494    
2.47290    
1.69584    
0.53996    
1.21326    
2.49248    
1.48096    
2.00641    
1.75157    
2.00204    
1.03280    
1.20352    
0.55549    
0.53235    
0.78699    
1.02469    
1.00450    
2.45586    
1.46545    
2.49673    
3.44190    
2.67702    
1.98374    
2.40708    
0.34928    
1.49079    
1.78407    
1.29656    
1.77652    
0.52480    
1.25195    
1.01665    
1.30267    
0.59120    
2.17260    
0.52932    
2.25388    
2.02610    
2.44036    
1.50946    
0.55569    
1.52829    
1.98074    
0.95666    
1.98115    
1.03412    
1.98462    
1.48782    
1.49233    
1.74896    
3.20369    
1.74874    
0.49379    
4.41618    
1.56692    
3.16604    
2.44244    
1.27647    
0.38837    
2.27002    
1.56182    
1.23004    
0.04483    
1.74656    
1.49205    
1.99221    
-0.17953    
1.46990    
0.79535    
0.55045    
2.51133    
0.99945    
2.96409    
2.25797    
1.47978    
0.06297    
1.27263    
3.21771    
0.55524    
2.21060    
1.95239    
2.46164    
1.74093    
1.05062    
2.87632    
1.52976    
0.31301    
0.28945    
1.02963    
2.46659    
1.46295    
2.21991    
2.46183    
1.05708    
1.28535    
0.31385    
0.09059    
2.96570    
2.41590    
0.54812    
1.03627    
2.93735    
1.05946    
1.04549    
1.49603    
1.49495    
2.45615    
0.52259    
2.95960    
2.72105    
0.80157    
2.20517    
2.22996    
1.74616    
-0.24708    
2.45160    
3.16264    
1.04715    
2.74573    
2.01380    
2.48864    
1.77437    
0.96852    
1.51249    
0.50262    
2.18155    
1.28029    
2.00613    
0.29097    
1.74134    
3.15313    
2.21726    
1.50457    
2.19704    
2.02776    
3.18363    
1.03094    
1.06536    
1.07285    
1.51588    
2.25485    
0.73125    
1.74678    
0.98870    
0.58170    
1.93449    
1.01836    
3.38712    
1.31764    
1.04147    
1.78729    
1.52474    
2.00649    
1.29990    
1.72041    
1.91863    
0.97256    
1.49555    
0.82861    
2.75074    
2.69915    
1.98003    
1.27152    
0.78609    
0.29525    
1.03345    
3.89688    
3.18623    
0.96380    
2.49359    
1.03104    
1.80086    
2.00764    
0.24265    
0.56426    
1.97143    
1.73862    
1.90152    
1.04371    
2.70803    
1.00089    
1.50133    
2.98145    
1.74396    
0.81484    
1.06620    
2.25561    
2.24731    
2.24937    
1.03205    
2.24820    
2.24950    
0.81168    
2.72164    
2.71806    
2.20550    
1.75106    
1.45344    
2.44956    
3.19841    
1.50547    
2.04382    
2.46359    
1.03588    
1.74045    
-0.15433    
1.51291    
1.71719    
-0.15762    
2.94259    
2.48914    
0.05871    
0.78933    
2.96125    
2.21134    
0.13387    
1.95555    
1.99289    
2.46497    
2.47905    
0.78311    
0.53610    
2.95739    
3.63776    
1.25474    
1.51604    
1.94731    
2.02076    
0.53441    
1.74292    
1.25395    
1.27153    
0.58364    
1.69920    
1.50670    
0.11777    
0.86519    
1.04726    
1.76460    
1.54393    
1.78387    
1.01577    
0.99775    
1.99536    
2.00019    
1.96187    
1.03565    
3.45656    
1.31218    
1.56513    
1.99859    
1.72837    
1.05787    
1.49874    
1.24993    
2.00596    
1.98217    
-0.14034    
1.05718    
1.68136    
2.67839    
1.98460    
3.40829    
0.06447    
2.65992    
2.63374    
2.72262    
2.67413    
1.50860    
1.25713    
3.18184    
1.49903    
1.24140    
0.78184    
3.43786    
1.96606    
0.58632    
0.30591    
0.51445    
1.97142    
0.81077    
0.34056    
0.79755    
1.27419    
0.08596    
1.74031    
1.24456    
0.56832    
1.74436    
2.24580    
1.31418    
-0.14890    
0.54778    
0.82647    
0.35958    
2.72690    
2.43756    
1.01905    
2.28997    
1.25876    
2.71399    
2.42432    
2.89951    
1.96589    
-0.16633    
1.26723    
2.26934    
0.56080    
1.20528    
1.95885    
0.79254    
0.97112    
1.96472    
2.01138    
1.30451    
0.54117    
2.44898    
1.82366    
1.72489    
0.75669    
2.19471    
3.18064    
-0.18929    
1.77774    
-0.86336    
1.49802    
2.91732    
2.94794    
2.66238    
0.03346    
2.18418    
1.51660    
1.26553    
-0.38656    
1.96218    
0.76190    
2.48762    
1.98365    
1.73370    
4.36431    
2.20814    
0.78406    
2.95127    
1.52790    
0.52242    
2.24424    
2.01420    
2.44848    
1.52158    
2.25069    
3.16318    
1.75481    
1.50986    
2.47561    
1.00292    
1.51424    
2.46497    
0.77237    
2.00369    
1.49736    
1.79316    
1.97961    
3.42955    
-0.34848    
1.78852    
1.08723    
1.52777    
-1.12583    
1.73704    
1.05819    
0.82369    
1.52845    
1.73170    
2.26917    
3.14104    
2.45537    
2.01560    
0.97426    
0.29447    
2.17926    
1.24493    
2.91746    
1.00099    
1.52183    
1.24292    
1.54174    
0.33574    
0.53749    
2.27710    
1.24806    
1.72312    
0.74676    
2.02005    
1.29418    
2.46622    
2.49474    
2.96538    
1.70919    
0.55940    
1.00385    
0.28316    
3.41787    
2.23832    
2.21206    
-0.43414    
1.27488    
1.78441    
3.45359    
1.30407    
2.45568    
1.76792    
0.85882    
2.53911    
0.10796    
2.20179    
0.09910    
1.75557    
2.00990    
1.75634    
1.94112    
-0.13271    
1.06134    
2.33515    
3.94300    
0.33688    
1.74404    
-0.18724    
1.01466    
0.98534    
1.24864    
0.50681    
1.94710    
1.72481    
1.98383    
1.48226    
0.55061    
2.91146    
1.50237    
1.74524    
1.22505    
1.04580    
2.47123    
3.23685    
2.44956    
1.75567    
0.31320    
0.77531    
0.74951    
0.05516    
2.18260    
0.76421    
2.17518    
1.49112    
1.75249    
1.77957    
1.53510    
1.29212    
1.73455    
2.71541    
1.48347    
1.34884    
0.30121    
1.22642    
0.77635    
1.02279    
1.73648    
2.26781    
1.49897    
2.64456    
1.04231    
0.75272    
0.31432    
1.25339    
1.46977    
0.40313    
2.44408    
1.49436    
1.77512    
1.77268    
1.52354    
0.83514    
0.52303    
1.20830    
2.70603    
1.94273    
1.01862    
2.66667    
1.79156    
2.74538    
1.04327    
1.75226    
2.02893    
2.03669    
1.57608    
2.45892    
2.22833    
2.01079    
0.32915    
3.40508    
0.30423    
0.30482    
2.71399    
-0.42457    
1.06483    
1.54678    
0.80841    
0.77495    
2.24570    
1.77286    
1.78665    
1.75882    
1.54600    
1.76099    
1.35509    
4.12973    
1.27570    
3.63701    
1.50588    
0.80069    
1.01165    
2.95922    
0.78933    
0.55111    
0.80515    
1.24385    
2.21814    
0.54773    
1.93780    
1.74202    
2.71534    
0.07585    
1.50179    
1.32205    
0.31696    
1.26839    
-0.15852    
2.73684    
1.50373    
2.44220    
1.25862    
2.22318    
0.80058    
0.29937    
1.23300    
1.05244    
0.53155    
2.88336    
1.74834    
0.28171    
1.26294    
0.79656    
0.06254    
1.95881    
2.64359    
3.40098    
1.77743    
0.56880    
2.02403    
2.70132    
1.76764    
1.70322    
3.19128    
2.29179    
1.97523    
1.74215    
2.71710    
1.03702    
1.46083    
0.34737    
2.18806    
2.71209    
1.73918    
1.26286    
0.80888    
2.22943    
2.89762    
1.78295    
2.25497    
1.23969    
1.00829    
1.49860    
1.23002    
0.56686    
0.80917    
1.75989    
1.95861    
2.44529    
0.31322    
3.19049    
-0.43056    
0.31917    
2.70818    
2.45926    
1.71081    
0.32896    
1.95997    
1.97077    
0.77336    
1.95158    
1.69722    
0.56502    
0.29024    
0.56248    
2.02433    
-0.15360    
2.48897    
2.92758    
2.45135    
2.20493    
1.76158    
0.77590    
1.30297    
0.06287    
1.46225    
0.54519    
2.02050    
1.76320    
0.56382    
0.81126    
2.48387    
3.18049    
2.23570    
1.51960    
1.70565    
1.22677    
-0.19177    
0.76746    
2.17322    
2.92580    
1.01204    
2.44063    
1.72393    
0.76390    
0.33477    
0.28397    
2.73144    
0.01863    
1.49398    
1.76705    
1.51808    
-0.25832    
2.24579    
0.54396    
0.51768    
0.30142    
1.99637    
0.35185    
2.71201    
1.74261    
1.76131    
2.65086    
1.73276    
1.49132    
1.94120    
1.45637    
0.06479    
1.71365    
1.26423    
2.48362    
3.19167    
-0.63739    
1.24182    
1.73338    
1.98422    
1.30872    
1.73210    
-1.37481    
0.80414    
1.76716    
2.38154    
2.43989    
1.96267    
1.98343    
0.77762    
1.98222    
2.95400    
1.49480    
0.55677    
0.96491    
2.46041    
1.47437    
3.42463    
-0.63615    
2.71024    
0.58711    
1.29469    
0.30328    
1.27185    
1.22141    
0.30990    
2.96356    
2.27482    
1.25902    
1.68985    
1.05290    
2.71877    
1.47551    
0.73789    
1.24935    
2.44227    
0.34686    
1.25222    
0.79080    
1.72891    
1.50399    
1.97668    
1.26454    
1.26829    
1.49994    
3.13819    
1.50884    
1.73769    
1.27784    
2.50441    
2.45595    
3.40665    
1.00302    
2.90456    
2.91386    
1.78927    
2.22489    
1.01268    
2.22690    
0.29292    
0.97839    
1.05639    
2.64871    
1.51122    
0.28187    
3.20982    
2.44732    
1.96459    
3.20932    
1.26363    
0.50963    
1.18034    
2.44725    
2.92904    
1.74689    
1.96193    
2.17210    
1.53068    
2.01064    
1.01514    
0.05006    
-0.39023    
0.30730    
1.53824    
-0.38024    
0.30612    
1.77760    
0.50084    
1.26656    
1.98908    
1.72064    
1.49834    
2.49444    
0.54517    
1.30891    
2.67676    
2.23295    
3.41436    
0.99186    
1.23864    
3.63209    
4.12754    
2.48535    
1.27330    
1.27908    
1.24720    
2.23454    
2.74862    
2.19406    
0.58571    
0.55117    
2.45591    
1.95208    
0.52466    
1.47854    
1.48411    
1.28037    
0.78325    
1.24860    
2.40323    
1.80615    
2.24834    
1.54492    
1.21788    
1.55609    
2.97497    
1.77011    
1.24871    
0.76708    
1.56328    
0.58474    
2.27180    
1.75858    
1.74200    
2.92244    
-0.67581    
1.04374    
1.54253    
2.45188    
1.02434    
2.22935    
1.00524    
2.25684    
1.52267    
1.93301    
3.21591    
2.43205    
1.48169    
2.95018    
1.22938    
0.55809    
1.73913    
3.88801    
0.54589    
1.75015    
0.78425    
1.52950    
2.25563    
2.46259    
1.29478    
3.47548    
1.52404    
2.24371    
1.73128    
2.18275    
1.27172    
1.72539    
2.02674    
2.49989    
0.31231    
1.03727    
2.01230    
1.98103    
2.20924    
0.76386    
1.51534    
1.05125    
0.05906    
4.19706    
0.53499    
0.55667    
0.56410    
1.33257    
2.01687    
1.24260    
1.01609    
1.31044    
3.19754    
1.25419    
1.52347    
1.95836    
0.07880    
3.22501    
1.24782    
2.73461    
1.49678    
1.26601    
2.02349    
1.50526    
1.26471    
1.44654    
2.22555    
1.52020    
2.52906    
2.24121    
2.48903    
0.80998    
0.61104    
0.30673    
1.51132    
2.67023    
3.66883    
0.76603    
1.00883    
0.33042    
2.71818    
1.74507    
0.76756    
1.26947    
1.50542    
1.05338    
3.48673    
0.15112    
0.99493    
0.33049    
0.78423    
2.50279    
3.02687    
1.24864    
1.56250    
1.99998    
0.29224    
1.30513    
1.25768    
2.02478    
2.92902    
1.30172    
0.05876    
0.30238    
1.72722    
0.79664    
1.52644    
1.75028    
0.55071    
-0.18132    
0.54798    
-1.36880    
2.26095    
1.08906    
2.26505    
0.80261    
2.96641    
1.72414    
1.50115    
2.18739    
1.92019    
1.27478    
2.01659    
2.73197    
1.50747    
3.15098    
1.53423    
1.94886    
0.55917    
0.82832    
2.44822    
1.98329    
2.69551    
1.53946    
0.31948    
2.21794    
1.55864    
0.05054    
0.80523    
1.00492    
2.62775    
1.26930    
2.92358    
2.72535    
2.22679    
1.97414    
1.73886    
0.77753    
2.01353    
0.57612    
0.81641    
1.71712    
1.30805    
2.69429    
3.41415    
0.13299    
1.98197    
0.76263    
2.44253    
1.52814    
1.50905    
0.56224    
2.45862    
1.73620    
2.00156    
1.24804    
2.72042    
3.19277    
0.27945    
1.08902    
2.01788    
1.49581    
0.75667    
0.35791    
1.26792    
2.00531    
0.08601    
1.27267    
1.30797    
0.81920    
1.73191    
1.33729    
-0.37992    
2.45515    
2.19810    
1.01519    
0.75819    
2.23514    
1.46909    
1.73471    
1.76656    
2.43554    
2.26910    
1.97240    
2.00030    
1.68945    
2.17439    
0.78115    
2.06415    
1.73325    
0.98244    
0.79250    
2.70978    
2.44467    
1.80866    
1.23777    
1.98523    
1.49327    
2.67902    
1.74899    
2.18278    
2.21288    
1.07563    
1.99835    
0.51521    
2.98818    
1.25958    
0.33023    
-0.40817    
0.51025    
1.79709    
3.21416    
1.00896    
1.94489    
3.20449    
1.94959    
2.24879    
2.17291    
1.06778    
1.24233    
2.22663    
1.25695    
2.01311    
1.96796    
1.46507    
1.04254    
2.25401    
-0.16553    
0.78453    
1.02376    
1.73821    
0.54989    
1.01709    
2.73519    
1.67984    
2.44061    
0.35716    
0.30097    
2.91840    
1.73861    
2.69030    
0.54581    
3.15305    
1.02310    
1.01129    
2.64690    
2.23455    
2.21339    
3.41932    
1.49227    
2.91070    
1.49982    
1.03700    
2.04131    
1.98183    
1.99579    
3.72280    
0.75014    
1.77499    
2.48908    
2.68836    
0.53221    
2.50210    
2.71230    
1.29144    
2.16716    
2.44621    
1.02218    
1.03809    
0.59766    
1.70970    
2.67610    
2.44511    
1.02149    
1.48653    
1.30241    
1.00155    
1.23729    
2.02629    
2.48737    
0.78740    
0.07536    
1.49869    
1.50620    
1.06228    
0.33444    
2.44300    
3.17977    
1.02207    
1.70408    
0.81747    
0.80988    
1.47620    
1.05928    
1.08635    
1.04024    
1.28262    
1.68107    
2.64674    
1.77625    
1.23485    
1.99171    
0.57843    
2.26239    
1.26990    
2.46943    
2.95240    
1.05167    
2.19478    
1.00172    
1.73543    
2.69893    
1.48771    
0.27746    
1.19734    
0.71778    
1.49887    
1.26663    
1.74706    
2.96928    
0.98592    
2.93447    
1.34190    
2.45587    
1.73278    
1.02186    
-0.15154    
-0.40132    
2.22677    
1.76538    
2.75014    
3.22708    
1.34435    
1.97195    
1.54299    
0.81611    
0.06500    
2.94760    
2.20531    
1.01142    
1.77483    
1.73805    
3.19694    
1.07690    
1.06570    
2.49102    
1.69938    
1.50059    
0.78083    
1.51920    
2.01429    
0.50397    
2.18460    
2.25303    
1.50303    
1.01791    
1.46913    
1.50647    
0.52413    
0.79030    
1.51348    
1.99713    
3.16308    
2.49143    
1.77378    
2.21884    
1.97328    
1.28033    
0.51306    
1.50848    
0.80920    
0.58254    
2.49751    
1.71826    
0.79466    
0.48362    
1.46689    
1.48476    
0.50723    
1.98861    
1.55078    
1.30036    
0.82773    
2.49392    
-0.12754    
1.74687    
2.73134    
0.58494    
0.31221    
2.51166    
2.67113    
1.53998    
2.73937    
1.75650    
1.51968    
2.20261    
2.74329    
0.98922    
1.95926    
0.34420    
2.21350    
1.30985    
2.75226    
1.04035    
2.92678    
0.56623    
1.98764    
0.51114    
1.55544    
1.30705    
0.74961    
2.00736    
2.72849    
3.41468    
0.32031    
1.02400    
2.93222    
0.51444    
1.53218    
2.90357    
0.84472    
1.22589    
0.79771    
0.58503    
3.45117    
2.47571    
2.23253    
1.51739    
1.98900    
1.27537    
1.73327    
2.68852    
2.46437    
0.75936    
1.22243    
1.99342    
1.45539    
0.56191    
1.72142    
1.50846    
1.74615    
1.48618    
1.25891    
1.02852    
0.76679    
3.65342    
0.99477    
1.70087    
2.70145    
0.51777    
1.00847    
1.05768    
1.27677    
2.49697    
2.93771    
1.06828    
2.50367    
1.49329    
2.02221    
1.72161    
0.32057    
0.32539    
0.79145    
3.17464    
2.71813    
1.46075    
1.49470    
0.99029    
3.45770    
2.93651    
0.33206    
0.57465    
3.48013    
0.81871    
0.29167    
2.44478    
2.01285    
1.97658    
1.26768    
3.19050    
0.27608    
1.98061    
2.21769    
2.76651    
1.53528    
3.15069    
3.44476    
2.18472    
2.91535    
1.97379    
2.20450    
3.40100    
2.42099    
1.78870    
2.43784    
2.73873    
0.27896    
0.98381    
1.48704    
1.00097    
2.48486    
1.26286    
1.76613    
1.51206    
1.01299    
2.47670    
1.97088    
1.02293    
2.01541    
3.40124    
1.71627    
2.24114    
2.21853    
2.48906    
3.18137    
2.00302    
2.43936    
2.05987    
2.23168    
1.05415    
0.52310    
1.49508    
3.89160    
1.77733    
2.05692    
3.67815    
2.86342    
1.47960    
0.78055    
1.77962    
0.97360    
1.78529    
2.39744    
2.45906    
3.68383    
0.79279    
1.31526    
2.46891    
4.41100    
2.24874    
2.48620    
1.74409    
1.99262    
1.27010    
1.98204    
0.58116    
1.26816    
0.08478    
1.97010    
0.77649    
1.31246    
2.22349    
1.99376    
1.50728    
1.46625    
1.50608    
1.78498    
2.03529    
0.27952    
0.98860    
2.45798    
1.02882    
3.40852    
2.24238    
1.27243    
2.25020    
1.71661    
0.72656    
1.78792    
1.99902    
0.53468    
1.77906    
2.93234    
4.42606    
2.22131    
1.24747    
0.78577    
2.43356    
2.94475    
0.80403    
2.26372    
3.36087    
1.23006    
1.99422    
2.42844    
1.82897    
2.68798    
2.22691    
0.31322    
1.30876    
2.70345    
0.34227    
3.66536    
2.70854    
2.96753    
1.76305    
1.98598    
1.75145    
-0.67254    
0.30493    
1.22087    
0.56289    
3.43768    
0.76345    
2.22861    
2.96154    
0.81050    
1.94834    
1.71510    
1.26209    
2.46961    
2.25627    
2.22391    
1.29922    
2.47598    
1.91934    
1.24506    
2.48620    
1.52599    
1.45422    
1.24133    
2.70528    
1.27461    
1.47009    
2.74546    
2.70874    
0.98970    
0.54875    
1.77383    
0.30806    
0.77421    
1.51869    
1.24754    
1.50161    
1.49850    
0.54518    
1.31949    
1.06167    
0.54527    
1.50468    
3.94005    
2.95660    
0.84933    
2.28249    
0.58477    
0.75992    
1.77325    
4.18625    
1.68926    
1.26696    
1.51173    
1.26955    
1.78531    
1.99091    
2.18459    
-0.45725    
2.73212    
0.04851    
1.04219    
1.53700    
4.40118    
1.29319    
1.76153    
0.83349    
1.02704    
-0.66972    
1.47056    
2.22050    
1.02991    
1.06025    
2.91373    
1.74302    
2.23006    
1.70108    
1.75037    
2.47668    
2.45560    
2.96799    
1.46428    
1.47945    
2.94913    
-0.19610    
3.16917    
2.65153    
1.94286    
0.99305    
1.79511    
1.00157    
0.57649    
3.40008    
0.81337    
1.27874    
2.03242    
1.79534    
1.27055    
0.55425    
0.81555    
0.77821    
1.31079    
1.92617    
1.26786    
1.00369    
0.49377    
1.68645    
1.48889    
2.45760    
1.49155    
1.48192    
2.66293    
0.52600    
3.18438    
-0.90033    
0.28537    
1.92900    
2.69958    
1.02200    
2.94341    
2.47123    
1.76493    
1.74413    
0.76423    
0.78844    
1.54146    
0.57819    
2.71672    
3.93027    
0.04488    
0.78883    
2.40774    
0.30770    
1.52363    
1.95072    
2.66621    
2.20902    
1.97123    
1.02714    
2.24201    
0.77374    
1.25379    
2.91907    
3.22608    
1.26096    
3.22465    
1.45298    
0.06448    
1.47530    
1.02655    
1.25085    
-0.19594    
1.75666    
2.51498    
3.18580    
1.04566    
1.52046    
1.95328    
2.00609    
1.52430    
0.06410    
0.84803    
2.20324    
3.86253    
1.48571    
1.76153    
2.00367    
2.23086    
1.52335    
2.01342    
2.24433    
1.21954    
0.10227    
1.98445    
0.29518    
1.97732    
1.53053    
0.61867    
0.53290    
1.04559    
1.01112    
1.74262    
1.46993    
3.20567    
1.74045    
1.99121    
1.24625    
0.78125    
1.99022    
1.50949    
0.26627    
1.48812    
1.33002    
0.06730    
2.23970    
2.23071    
0.09770    
1.98989    
0.54136    
1.52697    
1.99852    
2.41277    
3.20437    
0.87827    
2.25029    
2.71213    
1.23912    
1.26748    
3.58800    
-0.40043    
1.47123    
0.33002    
1.29514    
2.01581    
1.26649    
2.49883    
0.51721    
2.96481    
-0.64600    
1.71971    
1.93419    
1.51534    
2.89168    
2.45543    
0.76845    
1.97530    
2.26495    
2.23462    
2.66828    
1.48500    
1.54407    
1.47029    
2.49827    
1.30122    
2.73618    
1.96229    
1.71786    
1.94900    
1.96766    
4.59141    
1.98457    
2.71631    
2.95913    
1.26639    
2.67542    
4.93914    
1.74091    
2.07872    
1.06438    
1.80130    
1.79622    
1.53934    
-0.41355    
1.74931    
1.49645    
1.95885    
2.22189    
2.46182    
2.48663    
0.09242    
-0.63536    
2.91041    
2.72333    
1.51727    
1.77387    
1.74701    
1.54759    
3.17220    
1.98117    
1.54140    
1.04022    
3.38850    
2.91911    
-0.14622    
0.33399    
3.87914    
2.23910    
-0.66272    
1.49846    
1.99472    
1.20580    
1.96669    
1.48388    
3.61262    
1.96576    
1.49741    
1.49106    
0.32802    
1.53767    
1.02122    
2.47274    
1.06598    
1.01242    
2.69388    
0.06059    
2.00830    
1.24896    
1.94671    
1.28507    
2.18325    
-0.12670    
1.74291    
1.00034    
1.29042    
0.30288    
3.37002    
1.72350    
2.22172    
0.75840    
1.43917    
2.71060    
2.44759    
2.67505    
1.23603    
3.00495    
2.17734    
2.93402    
1.03564    
1.96261    
1.01652    
2.73480    
2.91379    
1.79908    
2.48623    
1.27085    
2.47623    
1.22759    
1.01094    
1.23523    
1.21483    
0.98838    
1.27652    
1.99395    
1.30238    
0.33232    
1.02180    
1.50388    
1.53249    
2.46173    
1.94836    
1.32699    
3.67347    
1.75771    
1.25149    
0.52929    
-0.39912    
1.75026    
0.78945    
1.01861    
2.00832    
2.69520    
0.80649    
2.46173    
2.18741    
-0.18777    
2.20932    
1.25409    
1.78289    
1.28583    
1.71018    
1.26851    
0.77337    
0.81772    
2.50239    
1.49791    
0.49447    
0.76083    
2.75361    
1.24918    
1.47900    
1.01098    
0.73775    
-0.63170    
-0.10149    
1.72909    
2.44969    
2.03063    
2.23252    
3.87876    
2.43695    
0.90624    
3.86433    
2.20150    
0.82523    
2.22693    
1.47532    
1.51077    
1.49022    
2.22682    
0.31603    
1.72309    
0.78320    
0.03144    
3.69606    
1.74712    
1.29332    
1.95127    
1.24294    
1.50184    
2.49372    
1.71007    
2.72546    
2.48068    
2.27484    
-0.15646    
1.99651    
3.17003    
1.76920    
1.24946    
1.31685    
2.46355    
2.00966    
0.31598    
1.03856    
3.14917    
2.71318    
2.19360    
1.57337    
1.09514    
2.24525    
1.72166    
1.71830    
1.48545    
2.99303    
2.16696    
1.28181    
1.69709    
2.93623    
2.03879    
1.74373    
2.65605    
2.19829    
1.98183    
3.41638    
2.71942    
1.75252    
1.93666    
2.90322    
1.99202    
2.21997    
2.20145    
1.24752    
0.33800    
2.01963    
2.00166    
1.26182    
3.42752    
1.80276    
1.08687    
-1.09728    
1.22617    
2.41579    
2.27099    
1.73535    
1.99896    
1.01360    
2.43700    
0.09995    
1.21200    
0.33258    
2.49106    
2.25296    
1.25755    
1.57352    
2.70222    
2.47577    
1.71126    
2.96547    
1.49849    
2.23560    
2.24909    
2.00965    
1.73666    
-0.35983    
1.98919    
2.44646    
2.00755    
0.52533    
2.45021    
0.25771    
1.98861    
3.19655    
1.06147    
0.54374    
0.77536    
1.49595    
2.00142    
2.23752    
0.57518    
1.30195    
2.43177    
2.25541    
1.11113    
2.18598    
0.52127    
1.25722    
0.81268    
2.94716    
1.27253    
3.69443    
2.43806    
1.76125    
2.42079    
1.79164    
1.77615    
1.56701    
1.73311    
0.76961    
2.01074    
1.28761    
1.28177    
2.45885    
1.75449    
2.49659    
1.99284    
0.99505    
2.67491    
0.29758    
2.22417    
1.98168    
-0.11843    
1.03543    
-0.89275    
1.75742    
2.22711    
2.65954    
2.97481    
1.70148    
1.51186    
3.18819    
0.84207    
2.22691    
2.27622    
0.79589    
1.77312    
1.97423    
1.74799    
1.27303    
2.90667    
0.75394    
2.25541    
2.48777    
1.72221    
1.27731    
0.29956    
0.99738    
2.44500    
1.96191    
2.66091    
2.21734    
0.05596    
2.73169    
1.53806    
0.93419    
2.16558    
1.75474    
1.47298    
1.29832    
0.27048    
1.69891    
2.47453    
0.81842    
2.27812    
0.50012    
2.42051    
0.29880    
2.98135    
2.44511    
0.06315    
2.44869    
-0.18469    
1.52558    
0.58979    
1.47157    
1.99864    
0.99967    
1.75326    
1.97121    
1.31153    
3.23374    
0.98518    
2.20873    
2.64360    
1.28603    
2.24908    
1.24055    
2.49696    
2.43978    
1.77602    
2.01747    
2.03208    
1.00907    
0.74328    
1.25842    
1.25276    
2.02663    
1.31254    
2.18436    
2.47810    
0.57807    
1.48403    
1.97394    
1.78679    
1.49257    
-0.59392    
1.74188    
0.76928    
2.21467    
2.14798    
2.43489    
1.46934    
1.75092    
1.96338    
2.18782    
1.30675    
0.74055    
0.30636    
1.03591    
2.20425    
1.45080    
1.05603    
1.52823    
2.20689    
1.97494    
1.76757    
1.47062    
2.67111    
1.04687    
1.07481    
2.00971    
2.17756    
3.38013    
2.18784    
1.76075    
1.02160    
2.01084    
1.26084    
2.02337    
1.02857    
0.50786    
0.76147    
1.96203    
3.20780    
0.96652    
2.01097    
0.57836    
0.11035    
1.96989    
2.20834    
1.70558    
2.02068    
2.03838    
1.78661    
1.93001    
0.54108    
1.68710    
2.45870    
1.28892    
0.84797    
1.53579    
2.66025    
2.68014    
1.97425    
3.16525    
2.74827    
2.73981    
2.01390    
1.25753    
0.50713    
0.06592    
1.97209    
1.03092    
0.78394    
0.99437    
2.25029    
0.55129    
1.32261    
2.02854    
2.42534    
0.26948    
2.68839    
1.97817    
2.70916    
1.57169    
3.64353    
0.78101    
1.98019    
0.83872    
3.16761    
-0.17838    
0.52858    
0.54119    
0.77413    
1.76273    
-0.45045    
3.39904    
0.32454    
1.04804    
1.95989    
1.77078    
1.69608    
0.52900    
1.54160    
3.21618    
1.75438    
2.49468    
0.33864    
0.79691    
2.75441    
1.44561    
0.56112    
1.05752    
1.27803    
1.49418    
1.26752    
0.96728    
0.71272    
0.77235    
2.01301    
1.25638    
3.15826    
2.19433    
2.19798    
1.77511    
2.68722    
1.59020    
3.17683    
0.06487    
1.73093    
2.93491    
3.21824    
1.97626    
2.89000    
2.43140    
1.74357    
2.41839    
2.48040    
1.81956    
3.23325    
2.18905    
2.02919    
1.11856    
1.70803    
2.24372    
2.95278    
3.89262    
0.55680    
1.68944    
2.30469    
0.79400    
2.22226    
1.27849    
-0.15114    
3.41610    
0.77121    
1.92203    
1.55167    
-0.94227    
2.77500    
1.03282    
1.48126    
0.07279    
0.02963    
0.55903    
1.91633    
2.51643    
1.74468    
1.32791    
1.46888    
0.74334    
1.73179    
1.73884    
1.28137    
0.11454    
2.96555    
0.81820    
1.50940    
1.05069    
3.17807    
1.00993    
0.56090    
2.27194    
2.02252    
2.75955    
0.35679    
2.70204    
1.47343    
1.51152    
1.50319    
0.29230    
1.27839    
2.46311    
2.35120    
2.49632    
1.51472    
3.42112    
1.68131    
2.67121    
1.71046    
1.28924    
2.25688    
1.99606    
1.47647    
2.43293    
2.02334    
0.04034    
0.79329    
1.75814    
2.72938    
1.72645    
1.50060    
1.03409    
1.05255    
2.24308    
0.60939    
2.73686    
1.33503    
2.70277    
0.82240    
1.94996    
0.83013    
2.00077    
2.00100    
-0.12225    
1.50921    
0.56770    
2.48377    
2.44531    
4.85972    
0.30423    
1.53579    
3.36829    
2.49195    
1.94902    
2.95158    
2.45409    
3.51050    
0.78652    
1.04305    
1.28169    
1.03150    
1.77983    
1.27234    
1.49600    
1.52436    
1.95331    
2.72157    
0.96514    
1.98680    
0.31310    
1.03434    
2.45429    
0.57590    
1.44800    
0.52034    
1.76125    
2.20335    
1.97824    
1.72304    
2.42477    
1.05183    
0.78160    
1.99328    
2.50126    
3.67176    
1.25913    
1.73923    
3.67337    
0.77241    
1.54743    
1.74428    
1.28324    
0.07528    
1.72883    
1.44949    
2.70245    
1.55809    
1.31195    
3.21579    
1.26016    
2.70219    
1.96767    
0.28313    
1.95850    
1.27669    
1.71162    
0.32016    
-0.66335    
2.22815    
2.68940    
1.27076    
1.47805    
2.02408    
2.97109    
2.00102    
1.96729    
1.76146    
1.22756    
0.05193    
2.24134    
2.69806    
0.77672    
2.00236    
0.34565    
1.94302    
2.95192    
2.40295    
1.54721    
2.02353    
1.06217    
1.30039    
0.78767    
1.77537    
-0.42971    
1.54904    
0.97578    
0.99141    
2.45239    
1.73562    
1.68863    
1.72537    
1.26260    
0.26539    
1.76840    
1.97717    
-1.38438    
0.77641    
2.24093    
0.98099    
2.70526    
1.24848    
2.74362    
1.71004    
0.81541    
2.22752    
0.73347    
2.23370    
2.29006    
0.75250    
1.95502    
1.74975    
0.50814    
1.96671    
0.79131    
2.26968    
1.49486    
1.48008    
1.94823    
2.28870    
1.55783    
2.45741    
1.24806    
0.52089    
1.97196    
0.84306    
2.73174    
2.73248    
2.68449    
0.53520    
1.76140    
0.33512    
0.35224    
1.72472    
1.02644    
1.80040    
1.55673    
1.98424    
2.02276    
1.52840    
3.63845    
1.49842    
3.41947    
3.40268    
1.54796    
0.56232    
1.53796    
2.19850    
-0.18185    
2.71895    
2.92003    
0.80535    
1.54728    
0.75422    
1.04453    
0.81372    
2.97304    
1.24671    
-0.37972    
3.89325    
2.24617    
2.42583    
1.42932    
0.11902    
2.68325    
1.96304    
0.77476    
1.72298    
2.20035    
1.56216    
1.76347    
1.56054    
2.91676    
0.79316    
1.47045    
2.16058    
0.96516    
1.97462    
1.75490    
0.32316    
-0.18492    
-0.13745    
1.04828    
2.94359    
1.03831    
2.71843    
0.32184    
2.48719    
1.52201    
2.50214    
2.95399    
1.73170    
1.04501    
1.27466    
2.65566    
1.73483    
2.95003    
2.68183    
1.00130    
1.52625    
0.56152    
-0.89790    
1.78312    
-0.41264    
2.24095    
2.19202    
1.04319    
0.80852    
0.79917    
0.80558    
0.56023    
1.72207    
3.20547    
1.29814    
1.50030    
2.96479    
1.77171    
1.08952    
1.55901    
3.46250    
1.78386    
3.21220    
1.95133    
1.53741    
1.19217    
0.79144    
1.44019    
1.02285    
2.67264    
0.52193    
1.54608    
1.48971    
1.51799    
2.02928    
3.19841    
2.44217    
1.02023    
3.66202    
2.96826    
2.20499    
1.05006    
3.64319    
2.48073    
1.54506    
1.93441    
2.22356    
0.07203    
0.51328    
1.73182    
2.71732    
2.68698    
2.21931    
0.77984    
1.97893    
2.25149    
2.43968    
1.51548    
2.00855    
2.21004    
2.49716    
1.28084    
1.31913    
2.00506    
3.40826    
2.25746    
1.04157    
0.59386    
1.34545    
2.20104    
3.00402    
1.98813    
2.04566    
0.27029    
2.26082    
2.23568    
1.49744    
3.18759    
2.47862    
3.71051    
2.49216    
2.01996    
2.71348    
0.99987    
1.05146    
0.79324    
2.71727    
1.74449    
2.26896    
1.97885    
0.28607    
1.95040    
1.80222    
2.18360    
1.28790    
0.80303    
3.45903    
0.81687    
0.80553    
1.19641    
-0.20117    
0.77014    
1.24580    
3.23127    
1.01775    
0.08615    
1.08832    
3.64538    
2.92132    
2.49710    
2.71261    
0.81421    
1.52604    
2.23345    
2.71300    
2.49836    
1.05410    
1.71759    
2.02256    
3.21664    
1.77476    
0.77748    
1.28059    
2.00981    
1.35352    
1.55481    
0.28623    
1.51034    
3.15288    
2.03758    
1.75153    
1.02345    
1.99179    
2.01052    
0.53712    
0.83225    
1.25124    
0.32069    
1.24958    
0.77102    
0.30537    
0.12686    
1.04377    
1.99778    
2.93768    
1.94925    
1.75155    
2.41305    
1.27316    
1.74262    
0.72984    
1.31151    
1.30621    
3.13901    
0.81649    
1.21252    
1.75494    
1.25443    
1.74376    
1.25336    
2.67462    
2.18842    
1.84691    
2.49112    
2.70824    
1.28958    
2.67512    
0.57103    
2.00142    
2.04001    
2.71768    
1.02101    
0.77096    
2.18802    
0.81997    
0.08751    
1.30432    
0.78334    
1.50714    
1.50664    
2.24070    
2.77204    
2.24582    
1.51345    
1.73700    
1.99390    
0.34528    
1.72188    
3.36758    
1.97555    
1.72239    
1.79424    
1.79158    
1.03683    
2.22699    
2.23678    
1.49984    
2.45149    
1.25260    
0.79295    
1.26782    
1.04624    
1.03301    
1.29121    
1.98663    
1.48128    
1.03117    
1.22728    
1.97061    
1.25797    
1.74670    
0.50065    
2.01303    
1.96493    
1.28263    
2.71701    
0.03185    
2.01578    
2.96202    
1.51325    
1.97365    
1.08840    
1.74836    
0.32174    
0.80678    
1.79082    
1.23007    
2.94792    
1.03144    
0.82064    
0.99957    
0.97480    
0.51811    
1.98313    
2.70847    
2.70433    
0.52141    
1.97792    
1.42140    
3.45237    
2.15739    
1.95406    
2.18372    
1.47221    
0.80047    
2.92703    
2.24372    
2.70018    
3.70254    
2.67507    
1.07380    
2.43367    
3.20780    
2.22555    
1.26239    
-0.14629    
2.73343    
0.31713    
2.47928    
2.47853    
0.32619    
1.72612    
2.93469    
1.49411    
1.53391    
0.80664    
0.82257    
0.81359    
0.80956    
1.79312    
1.05194    
1.75054    
2.23903    
0.52835    
1.74424    
1.23212    
1.04521    
2.75217    
0.77279    
1.96445    
2.01068    
0.46753    
1.75736    
1.07896    
1.52358    
0.85655    
1.98878    
2.03347    
0.33665    
3.20127    
1.74606    
1.07320    
0.80705    
2.72056    
2.74413    
2.26101    
2.24171    
2.68735    
2.46821    
0.76748    
1.49310    
2.00006    
2.24478    
2.20503    
1.74046    
2.77307    
0.77433    
2.23106    
1.50497    
2.42843    
1.05699    
2.02426    
0.26461    
1.67848    
0.74341    
-0.16992    
-0.17333    
0.76492    
1.27092    
1.47549    
1.53121    
1.03106    
2.22020    
1.23003    
2.45262    
2.24678    
1.43823    
1.55913    
1.72670    
0.80022    
0.74793    
3.40029    
2.23982    
0.52937    
2.45031    
2.97961    
1.26024    
0.05621    
1.04444    
1.25263    
1.23512    
1.24226    
-1.60031    
0.81500    
1.23733    
0.55242    
1.21576    
0.89660    
2.49609    
1.95986    
1.01578    
1.43921    
-0.13846    
1.25192    
2.65501    
1.70497    
-0.13963    
2.23174    
2.49409    
0.50402    
2.22786    
0.52761    
1.75420    
-0.38770    
1.95940    
2.21249    
1.57199    
2.43856    
2.45523    
0.84041    
1.51928    
1.54211    
1.95248    
-0.66021    
1.70722    
1.73546    
2.69141    
1.72285    
0.84671    
1.02793    
1.03618    
1.32346    
0.31389    
1.06054    
1.25953    
2.23590    
1.54745    
1.01665    
1.06126    
1.56150    
1.71479    
1.05655    
0.80131    
1.72643    
0.79032    
3.40950    
0.52206    
3.20572    
1.74506    
0.75087    
1.72450    
1.99277    
-0.42976    
2.70865    
2.23231    
1.67346    
2.26110    
1.28596    
2.05034    
1.02346    
0.98453    
1.97825    
1.45617    
1.24308    
2.19740    
1.77056    
1.52884    
0.33133    
2.26877    
1.99244    
1.76308    
2.47767    
1.97139    
1.05726    
1.94402    
3.42120    
1.74364    
1.75384    
1.08993    
2.21091    
2.26836    
2.40020    
0.55901    
1.26881    
0.54335    
2.24736    
1.76125    
2.95709    
0.79961    
1.30773    
1.04317    
2.05744    
1.74885    
1.02631    
1.50103    
1.72100    
0.28516    
0.06002    
2.19349    
2.73382    
3.44806    
2.73638    
0.55693    
2.46374    
3.12941    
2.22225    
2.45555    
0.56004    
2.48107    
0.58036    
-0.41007    
2.01511    
0.73267    
1.71933    
-0.19623    
1.73553    
1.98005    
1.48951    
1.98117    
1.52134    
1.27647    
2.20307    
2.46145    
0.76114    
-0.14320    
0.80340    
-0.14480    
1.79489    
2.24078    
0.59782    
2.49328    
1.03933    
1.00202    
1.25442    
1.73913    
0.26270    
2.26283    
1.49322    
2.00146    
2.20408    
2.25457    
2.71541    
3.19846    
1.77758    
2.25881    
0.59761    
2.26967    
3.21247    
1.74787    
1.02703    
2.48869    
1.98559    
3.41581    
1.53350    
2.77603    
1.02103    
1.79137    
1.55972    
2.24315    
0.76738    
1.25945    
2.43857    
1.95667    
1.74434    
1.02365    
1.46774    
1.23691    
1.54655    
1.07675    
0.35702    
2.00231    
1.25619    
0.72687    
2.23466    
0.77577    
1.76629    
0.85735    
0.77318    
3.63907    
2.67573    
1.91294    
1.93751    
1.06562    
0.27298    
1.01290    
1.98974    
0.99907    
0.31378    
1.29357    
1.74821    
1.75492    
1.26280    
0.84802    
0.34926    
0.79870    
1.49781    
1.44685    
0.79363    
2.02542    
2.03144    
1.25122    
1.25259    
1.31035    
0.77005    
1.71604    
1.29550    
1.97080    
1.95693    
2.74888    
1.97172    
2.01196    
0.52938    
2.49071    
1.01137    
0.13249    
0.33010    
3.18865    
0.50630    
0.56553    
2.51445    
1.74961    
1.52703    
2.44411    
1.22875    
1.21904    
2.92149    
2.29474    
2.25768    
1.26505    
1.51820    
0.55109    
0.55495    
0.79767    
1.51198    
1.05883    
2.03820    
1.09457    
1.98813    
2.00167    
0.26838    
2.22624    
0.28372    
2.73102    
2.22612    
1.52099    
1.28262    
1.26178    
2.23500    
0.11162    
1.99423    
0.77577    
1.46235    
1.52502    
0.51138    
2.26146    
1.66684    
1.75241    
1.74178    
1.03919    
4.14669    
1.77468    
1.99665    
2.93856    
3.12391    
1.99154    
1.43872    
1.32284    
2.02886    
1.73543    
1.00277    
0.53742    
2.93587    
1.71544    
1.97431    
2.01176    
2.24925    
0.79149    
1.96575    
1.27868    
3.19116    
1.31740    
1.74067    
0.83358    
1.03394    
1.98065    
2.63812    
0.76506    
-0.42877    
0.36280    
1.74450    
2.19372    
2.19639    
1.26820    
1.00431    
0.57674    
1.48507    
1.98501    
0.26608    
1.03118    
1.70718    
2.48767    
1.06528    
1.71633    
1.70227    
0.58739    
1.96187    
1.03164    
1.72250    
1.97275    
2.22233    
0.51687    
1.89981    
0.79321    
1.95008    
1.49823    
0.72096    
1.22032    
1.25431    
1.47031    
0.33480    
3.40901    
2.71145    
1.70707    
2.26343    
1.93261    
1.97392    
1.52225    
1.77229    
1.55462    
1.19080    
1.50631    
1.25079    
1.73487    
2.27472    
0.57197    
1.68503    
1.00539    
2.22168    
2.97195    
4.84259    
2.24468    
2.67855    
2.23600    
1.45179    
1.04965    
1.51936    
1.50278    
2.00599    
2.24376    
2.48228    
0.76546    
2.26887    
1.96655    
1.53901    
2.68686    
1.72485    
2.97151    
1.06147    
1.02103    
2.92570    
1.55094    
3.22232    
3.00389    
0.78566    
0.55029    
0.32812    
2.51282    
0.57904    
2.22348    
2.51968    
1.69455    
2.45522    
1.75500    
0.33405    
1.03332    
1.01796    
1.97401    
1.31426    
2.67276    
1.03229    
0.53731    
2.04907    
0.06672    
1.75323    
2.68556    
2.03009    
1.27413    
1.77321    
1.72067    
2.01363    
1.70209    
2.96001    
3.66198    
2.98130    
1.55339    
1.72919    
3.20687    
2.41967    
0.07605    
0.54222    
2.72445    
1.53211    
2.44717    
2.01494    
0.74765    
0.53016    
1.74017    
1.24013    
1.56619    
2.70641    
0.82562    
1.50849    
1.72178    
2.02285    
3.16152    
0.78908    
-0.40889    
1.75379    
1.01114    
0.77079    
1.03783    
2.25631    
2.01380    
2.42772    
3.13772    
1.96992    
2.22575    
2.96000    
2.89084    
0.76617    
2.24445    
1.27553    
2.24443    
1.75342    
2.44576    
1.74915    
0.55631    
0.54091    
2.98784    
2.21596    
2.42586    
1.31492    
0.96465    
0.03662    
3.44363    
2.21401    
2.19532    
1.54769    
2.49821    
1.06802    
2.20605    
3.47249    
1.53598    
1.99824    
-0.10712    
1.24291    
0.53638    
0.80071    
-1.04856    
1.30329    
2.69598    
2.24699    
0.06302    
1.26192    
1.48369    
1.73088    
-0.14281    
1.49124    
1.46202    
1.52544    
3.17924    
2.22945    
1.72326    
3.39527    
2.93833    
0.78312    
1.75236    
2.21279    
2.45582    
2.74399    
1.99322    
1.50371    
-0.42329    
1.52043    
1.97905    
1.06084    
1.03051    
1.55140    
2.89589    
3.19816    
1.50735    
2.22506    
2.68703    
1.94056    
1.45698    
2.74862    
1.74914    
1.50807    
0.25299    
-0.20169    
2.41289    
0.78337    
0.82554    
1.47195    
1.76724    
0.56240    
1.23863    
2.67913    
2.91286    
0.74979    
0.74264    
1.04922    
2.00231    
2.04001    
1.52174    
1.53809    
1.26490    
1.04425    
0.10703    
2.74442    
1.29643    
1.95059    
3.18306    
2.23507    
2.69818    
1.71198    
-0.62983    
1.95906    
1.06071    
2.72796    
2.75588    
1.26552    
2.22384    
2.41714    
1.73499    
2.90933    
1.30329    
1.23006    
2.40965    
3.00323    
2.70295    
1.00153    
2.95061    
3.37049    
2.48153    
1.73286    
0.98294    
1.93932    
0.82838    
2.74811    
2.90963    
1.29524    
2.02519    
1.24166    
0.78341    
3.62649    
2.69816    
1.50225    
1.29012    
1.50058    
1.78236    
1.02973    
-0.34094    
3.42280    
1.76483    
2.29087    
1.27957    
3.24221    
2.28330    
2.67761    
1.97755    
1.50678    
1.06757    
1.49280    
3.88529    
1.75957    
2.69905    
2.19099    
1.28008    
0.57697    
1.04959    
1.72140    
1.50868    
3.93515    
0.54871    
2.17060    
1.74502    
2.45205    
2.97405    
3.22460    
1.52902    
1.99011    
1.94216    
1.04158    
0.98038    
1.97388    
1.43789    
0.58160    
1.53789    
0.29977    
1.97717    
2.77741    
-1.37166    
1.54779    
1.28588    
1.04050    
1.01246    
2.24253    
4.60630    
1.51808    
-0.39137    
1.68617    
1.50790    
1.50055    
1.91218    
1.47406    
2.04768    
-0.48068    
1.02550    
1.22665    
3.38849    
1.04797    
1.54316    
2.46935    
0.33266    
-0.46074    
1.50319    
2.46961    
2.49641    
1.05846    
1.50698    
3.65315    
2.69360    
2.21077    
1.52080    
2.02133    
2.72048    
2.50495    
2.21566    
2.51719    
3.62362    
1.91562    
1.02557    
1.02762    
1.97758    
1.50650    
0.75640    
2.43164    
2.02718    
0.75886    
2.67439    
-0.14699    
2.96201    
2.96762    
1.48866    
1.75496    
0.56195    
0.58304    
0.75973    
1.74489    
1.48962    
3.90461    
2.45217    
1.75531    
0.99970    
1.99647    
3.43056    
1.75099    
1.49204    
1.50129    
0.80834    
1.26955    
2.24075    
0.53774    
2.47800    
1.05231    
2.47643    
1.97300    
0.27237    
0.32911    
1.78927    
0.05547    
1.57029    
1.50023    
1.71811    
1.54655    
0.94584    
0.33199    
0.33747    
1.26775    
1.75141    
1.68684    
2.01326    
1.26574    
1.76139    
0.82537    
2.65248    
1.74003    
0.30934    
2.24896    
0.63412    
1.09767    
1.70844    
2.18517    
0.02446    
1.97241    
1.25268    
0.79720    
0.58820    
2.22790    
3.43842    
1.50762    
-0.20869    
1.25594    
1.75106    
2.26164    
1.23690    
1.05693    
1.44418    
0.56441    
1.99145    
2.96208    
0.79156    
-0.17340    
1.05381    
1.71804    
2.19761    
1.48539    
1.04516    
1.51143    
1.99811    
2.24391    
1.73196    
3.47989    
1.99771    
0.08090    
0.09758    
1.02578    
1.76010    
1.26793    
1.77050    
2.00486    
-0.72411    
1.73418    
2.90102    
1.29371    
1.54927    
2.00578    
2.22091    
0.09701    
2.92020    
1.71698    
1.03146    
3.18708    
1.53953    
-0.43131    
0.99159    
1.71977    
2.27277    
1.25092    
1.01625    
1.05959    
1.76372    
4.62406    
1.98654    
0.34589    
1.27402    
2.90534    
0.52604    
1.29988    
2.47247    
0.77345    
1.54303    
2.91690    
2.45733    
1.74514    
3.90604    
1.96012    
2.95670    
0.84607    
2.20587    
1.47925    
1.44928    
1.42885    
2.72562    
1.94481    
3.69007    
0.56409    
1.51539    
1.54192    
0.50084    
1.53389    
1.97512    
2.45479    
1.04369    
1.92637    
2.46199    
1.24954    
3.19988    
1.74629    
1.50821    
1.23831    
1.28782    
2.00588    
-0.00771    
1.03528    
-0.41138    
1.74832    
1.48901    
0.34321    
1.95548    
0.31250    
2.44455    
2.30505    
1.50472    
1.96823    
0.57960    
0.78463    
2.24471    
0.81777    
1.23618    
2.26761    
0.30350    
1.01382    
0.99807    
1.49963    
0.10356    
1.49269    
2.22377    
1.24616    
3.18928    
0.57864    
3.72801    
0.30493    
1.50077    
1.74313    
1.50779    
1.23365    
1.75917    
0.57132    
2.48086    
2.00682    
1.04995    
1.26434    
3.66060    
1.97466    
1.58368    
1.04839    
1.72798    
2.04127    
2.28998    
2.20068    
1.25517    
1.24756    
2.23764    
1.04705    
0.29915    
1.47501    
0.81181    
0.84198    
0.09179    
1.97058    
0.77515    
1.97416    
2.25139    
2.28468    
3.17970    
-0.21267    
1.23573    
2.24553    
1.70217    
2.50436    
0.79647    
1.94430    
1.03218    
1.98807    
2.03876    
1.51257    
0.09425    
1.04570    
1.72368    
1.97699    
1.50842    
2.93856    
-0.42053    
1.07694    
1.93632    
1.50642    
1.72474    
1.79446    
1.45774    
1.28236    
1.30464    
1.95808    
0.79496    
1.50406    
2.01163    
1.49083    
0.08117    
0.81151    
1.07930    
1.23691    
1.01175    
1.47339    
2.22565    
0.78180    
3.92360    
2.30308    
3.87666    
2.49499    
2.02127    
0.06685    
2.49587    
0.58849    
0.81803    
1.72383    
-0.39551    
1.99701    
1.45142    
2.26452    
2.99647    
1.01520    
0.30414    
1.53405    
1.68897    
0.79004    
1.73129    
1.75407    
1.04484    
1.70398    
2.18888    
2.22743    
0.31894    
3.35395    
1.72110    
2.92554    
1.24800    
1.48900    
1.02897    
-0.23012    
0.29061    
0.08475    
1.52324    
0.73903    
2.95837    
1.54207    
2.43936    
3.13116    
1.71290    
2.23478    
1.55343    
2.00737    
-0.41202    
1.29807    
2.95320    
1.51547    
1.23300    
1.53391    
1.49237    
2.43806    
2.50533    
2.28807    
2.25498    
1.54914    
1.99682    
1.98875    
1.72550    
0.12486    
1.28009    
2.46280    
2.02101    
0.79770    
2.02033    
0.73925    
1.29865    
2.43900    
1.06228    
1.93556    
2.46429    
0.08574    
3.17835    
1.96448    
0.80207    
0.80555    
2.45632    
1.23697    
1.47262    
1.30938    
1.04956    
2.26508    
2.21119    
2.20136    
1.51401    
2.70224    
1.23990    
2.48059    
1.46089    
2.24625    
2.25092    
2.44715    
2.01191    
1.89790    
0.55060    
1.75624    
1.73065    
2.67747    
1.21412    
2.45837    
2.01864    
0.83173    
1.54350    
1.03219    
1.25017    
1.72116    
0.35009    
2.02064    
1.99009    
0.06595    
3.18822    
1.53060    
-0.14711    
0.57350    
0.83940    
1.46268    
1.07735    
1.75643    
2.22740    
2.71852    
1.05931    
1.94808    
0.49127    
0.29105    
0.33426    
1.73802    
2.23909    
2.43954    
1.01698    
0.31633    
1.26935    
1.47808    
2.24378    
1.91879    
0.71710    
1.47655    
2.02073    
1.52054    
1.32835    
3.65898    
2.72545    
2.49879    
3.40603    
0.28069    
3.19658    
2.44729    
1.95043    
2.94061    
2.20640    
2.24679    
0.74654    
0.54361    
2.27327    
1.54770    
0.85396    
1.90312    
2.20294    
0.76164    
1.26940    
0.36004    
1.98785    
2.71332    
0.33111    
-0.20768    
3.01399    
0.78927    
1.93172    
2.66482    
0.98922    
1.43603    
0.34247    
0.80946    
1.55135    
1.09164    
1.08572    
1.26816    
1.49117    
0.03763    
3.43154    
0.79315    
1.54003    
2.90878    
1.26950    
1.99224    
1.00981    
1.65934    
0.35359    
1.49521    
1.24693    
1.68957    
0.32233    
1.27602    
2.22218    
0.85909    
2.70006    
1.50470    
0.77042    
1.77459    
2.94089    
0.11035    
1.54807    
1.51376    
1.48944    
2.25021    
2.44273    
0.75627    
1.96238    
0.80497    
1.99771    
2.46681    
1.28682    
1.03610    
1.95837    
2.01557    
0.31392    
2.21728    
3.41178    
2.24996    
1.95294    
2.44598    
2.69108    
2.44064    
3.87436    
1.05736    
1.27704    
2.65101    
2.95964    
1.94015    
2.93894    
1.22356    
1.96943    
2.90970    
1.42798    
1.26402    
3.16352    
1.45535    
1.09619    
2.43690    
0.06958    
2.46670    
0.56515    
2.43378    
1.51743    
2.69870    
0.35743    
1.76607    
2.93164    
1.50448    
2.46409    
1.93587    
0.30296    
2.92303    
1.46411    
1.32598    
1.76846    
0.96844    
2.70932    
1.24571    
0.57856    
2.47236    
2.49448    
2.23177    
1.30825    
2.41921    
0.36428    
-0.42386    
1.46702    
1.02343    
1.00816    
1.27969    
0.97919    
1.74657    
1.69976    
2.01548    
2.22720    
-0.15881    
0.79428    
1.10392    
1.07097    
1.26991    
1.56354    
1.76184    
1.04501    
1.73528    
1.29894    
1.07458    
2.22702    
2.72648    
1.29689    
-0.00918    
0.08334    
0.57681    
0.31402    
2.97191    
1.49204    
2.99561    
3.15802    
3.49472    
0.28562    
0.79521    
0.99348    
-0.17946    
1.25272    
3.15808    
1.48808    
0.53344    
2.14279    
1.48887    
1.70926    
2.67727    
1.79023    
2.96941    
1.71057    
-0.42635    
1.76066    
2.72061    
2.68747    
1.48995    
1.73058    
1.75158    
0.79750    
1.97354    
1.23430    
0.30215    
2.91602    
2.00028    
1.01684    
1.76110    
1.01512    
0.26688    
1.26963    
1.45925    
0.55026    
0.36505    
2.47915    
1.04248    
0.99886    
1.26900    
2.02181    
2.44361    
1.95383    
1.30904    
1.25861    
3.18598    
3.44366    
-0.90481    
1.98472    
1.71473    
1.27621    
3.23617    
2.22655    
2.41999    
2.22444    
2.44987    
1.10507    
2.46003    
2.02724    
1.02492    
1.01226    
0.33160    
2.45567    
1.99160    
1.98097    
1.96504    
1.96275    
2.66015    
3.43146    
2.05296    
2.23471    
0.52065    
0.07955    
1.96787    
1.75406    
1.27546    
1.97527    
0.58600    
1.00936    
2.92703    
1.79251    
1.50152    
2.48002    
-0.40035    
2.22939    
0.04132    
1.03630    
1.96213    
0.60442    
1.75883    
2.95788    
1.96926    
1.98890    
1.51649    
1.98463    
1.72148    
-0.20364    
1.21590    
0.10037    
1.93330    
1.26916    
1.53393    
2.70830    
1.99838    
2.23230    
1.72299    
1.72144    
0.31285    
2.44805    
0.12494    
1.95950    
1.30392    
0.77253    
0.54107    
1.74852    
1.51281    
1.27709    
1.00278    
0.30866    
2.46193    
1.29169    
2.45206    
0.31162    
1.98410    
0.06019    
2.25500    
1.27792    
2.94721    
1.52627    
1.52490    
1.25297    
0.97848    
1.22704    
0.55919    
1.01503    
1.05175    
1.27219    
0.78019    
1.68484    
0.04811    
2.94322    
1.71262    
1.98630    
1.52615    
1.27670    
0.57411    
2.45100    
2.70262    
1.48368    
1.49137    
1.46312    
3.66807    
0.06885    
1.75295    
1.21286    
0.83138    
2.45904    
1.03764    
0.04252    
1.98444    
1.29654    
-0.20283    
0.27859    
0.52768    
1.50947    
1.98623    
1.24108    
2.90373    
1.93788    
2.46467    
1.95844    
2.94920    
1.74735    
0.35069    
-0.13505    
1.29046    
1.97365    
0.30999    
2.47166    
1.28295    
4.11957    
2.51390    
1.22999    
2.26383    
0.35893    
0.77176    
3.61561    
1.24706    
1.22665    
0.81587    
-0.84945    
2.69536    
2.50744    
1.75564    
0.55780    
2.20512    
1.74845    
-0.13148    
1.75691    
1.72033    
1.49983    
2.64853    
2.25958    
1.05046    
1.72096    
1.29597    
1.73115    
3.18664    
-0.35824    
1.76318    
3.39488    
0.54136    
2.95504    
0.98172    
1.25672    
1.74982    
1.80550    
1.03323    
1.76944    
1.94305    
1.23606    
1.24446    
2.70397    
1.72087    
2.69892    
2.93832    
1.27032    
0.06297    
1.03182    
0.09748    
0.12451    
1.73408    
1.53068    
2.21956    
2.03692    
0.99578    
1.99515    
1.02213    
1.75224    
1.96235    
3.74476    
3.66602    
3.39325    
1.45136    
1.81999    
0.51750    
1.04671    
2.48339    
1.99281    
2.48088    
3.19333    
1.27765    
0.51212    
2.41292    
1.49723    
1.73813    
0.78650    
0.79047    
-0.39345    
1.71795    
2.69364    
2.24224    
2.68350    
1.54402    
2.23634    
2.21298    
1.73468    
1.97604    
0.56927    
-0.12850    
2.17750    
2.46807    
2.01070    
0.77475    
1.78545    
2.50019    
1.26692    
-0.37239    
0.28751    
2.44580    
0.58048    
1.74372    
0.79649    
1.50657    
1.46532    
3.10975    
2.01993    
1.30320    
1.24875    
2.19407    
2.67179    
1.70660    
1.29458    
2.48429    
1.26599    
1.30290    
2.65935    
2.22662    
2.41693    
1.48820    
2.01030    
1.74582    
0.47174    
1.49227    
1.95801    
2.41577    
0.01748    
1.25106    
0.29794    
2.50653    
1.71184    
0.97032    
1.97953    
1.30887    
2.21234    
1.98484    
1.54569    
0.99319    
1.00670    
1.51389    
2.43829    
0.55184    
1.49812    
2.24357    
0.28169    
2.66236    
1.24695    
1.46639    
1.03913    
2.19440    
0.78937    
1.48102    
3.45079    
1.49726    
-0.12969    
1.75441    
1.59717    
0.82318    
1.50312    
1.48244    
1.76638    
1.27581    
1.75880    
2.46777    
-0.38624    
2.98415    
0.98344    
1.26916    
2.93674    
1.58533    
1.00454    
1.06125    
2.29856    
1.75996    
1.25291    
1.93167    
1.02560    
1.54085    
1.54357    
1.75479    
1.71625    
1.47549    
1.52396    
0.08166    
2.98272    
2.22075    
1.75692    
0.27290    
2.21787    
3.16767    
1.70739    
2.44509    
2.72548    
0.99476    
3.19204    
1.05670    
0.48778    
3.24924    
2.26270    
-0.43848    
2.36738    
3.43018    
2.98006    
1.78976    
0.74341    
1.27241    
0.99984    
2.76010    
1.00866    
2.48833    
1.27143    
1.27446    
1.71218    
1.72508    
1.96615    
1.52146    
2.15795    
-1.12862    
1.99685    
2.28488    
0.53924    
1.53470    
1.07618    
2.77619    
1.28511    
0.53563    
0.73001    
2.15683    
2.42659    
1.29499    
1.49101    
2.04240    
2.49252    
2.45420    
2.70635    
1.92916    
1.24369    
1.49925    
1.52267    
1.32301    
1.53015    
2.73359    
3.17208    
2.65123    
1.79399    
1.98367    
1.27302    
1.97376    
1.54289    
2.51540    
2.02573    
1.03126    
3.19782    
1.04591    
0.97176    
1.53974    
1.74085    
2.25190    
1.27761    
-0.19690    
1.03892    
1.50026    
1.26256    
-0.20301    
2.05003    
2.71239    
2.47349    
0.74799    
0.75181    
2.70067    
1.49008    
0.32228    
1.29562    
1.99019    
0.82031    
1.04292    
0.26950    
1.54729    
1.27955    
1.72320    
1.08562    
2.46953    
1.97871    
1.74711    
1.51134    
1.03907    
2.50510    
2.03128    
0.29723    
3.26029    
1.30761    
1.72604    
1.25715    
1.94904    
1.30991    
1.28977    
1.99150    
2.93289    
3.66318    
0.56374    
1.27848    
1.26989    
2.41606    
1.00833    
1.92422    
0.81825    
1.71835    
0.97815    
2.94623    
2.92460    
2.72193    
1.18353    
0.53375    
2.49234    
1.28253    
2.20576    
-0.41525    
1.65676    
2.96597    
3.14673    
1.70631    
3.39282    
1.48219    
2.66156    
0.87435    
1.27262    
0.52959    
1.49858    
0.57306    
1.98996    
1.79084    
1.72415    
1.25928    
0.24781    
1.70606    
1.96821    
0.04060    
0.33867    
1.50464    
1.97137    
0.79114    
-0.14980    
3.21044    
1.90769    
1.81066    
1.36501    
2.97492    
1.21864    
0.82060    
1.69619    
1.77837    
1.96672    
1.48565    
1.48091    
0.31694    
0.76526    
2.23737    
-0.23759    
2.51167    
1.50122    
2.00615    
1.98061    
1.99950    
1.75618    
1.26623    
0.57782    
2.95727    
2.45161    
1.01980    
1.75106    
1.07803    
1.02040    
2.46773    
1.48112    
1.78482    
0.60158    
2.24013    
0.49056    
2.93736    
1.78541    
1.26367    
2.73084    
1.01267    
1.98402    
1.30781    
0.75107    
2.89850    
2.48191    
3.46914    
2.25809    
1.47128    
1.49861    
1.01069    
1.52464    
1.56023    
0.32767    
1.76001    
0.53159    
0.08879    
2.17869    
3.36511    
2.04260    
1.01631    
0.55770    
2.46597    
0.99323    
0.75866    
1.51949    
2.46357    
2.68825    
1.74252    
0.81720    
2.00307    
1.28663    
0.07973    
1.93499    
0.81937    
3.65802    
1.29336    
1.24488    
1.18993    
1.11009    
1.26836    
1.47968    
3.70056    
0.13621    
2.26267    
1.48468    
1.79348    
2.70024    
1.27395    
1.46376    
1.02720    
0.52765    
0.73912    
0.56301    
1.72152    
1.49401    
2.02340    
2.74935    
1.30642    
2.67297    
1.79174    
1.50974    
2.45457    
1.30418    
0.78808    
2.46912    
0.77259    
1.54202    
1.52131    
2.41337    
1.24456    
0.25378    
0.94707    
2.45107    
1.25333    
0.84481    
2.93740    
0.53038    
0.47891    
1.73970    
1.27319    
0.54270    
-1.15294    
1.26262    
1.95850    
1.55076    
2.23322    
1.52926    
1.02704    
2.22193    
2.47282    
2.23587    
0.79610    
1.77798    
1.31265    
1.18633    
1.06223    
-0.17148    
-0.16937    
1.26885    
1.54736    
2.44676    
0.30689    
1.30057    
1.24215    
1.75505    
1.99308    
1.70421    
1.74970    
2.26955    
1.22899    
0.83422    
-0.14337    
1.27696    
0.78821    
3.66920    
1.47917    
0.02996    
1.51533    
1.44925    
1.52300    
1.96777    
0.36435    
2.20206    
2.44432    
2.48775    
2.71581    
1.98587    
0.77460    
1.78135    
1.95301    
0.30204    
1.98686    
1.96673    
1.26706    
2.22533    
2.71534    
2.71757    
0.53953    
0.04748    
2.46422    
0.25767    
1.00275    
1.02771    
2.22312    
0.79250    
2.22995    
0.35654    
2.23544    
1.97619    
0.99554    
0.81855    
2.45429    
1.28758    
1.02928    
2.22309    
0.03271    
2.02614    
1.04086    
0.51749    
1.52396    
2.67487    
-0.14253    
1.98292    
1.29369    
0.79121    
1.49903    
0.80351    
0.54605    
2.24562    
-0.41396    
2.26445    
0.28734    
2.44356    
2.20368    
1.49936    
0.03772    
1.01671    
1.78805    
0.25870    
3.18979    
1.97116    
1.78269    
1.52467    
2.43718    
1.09763    
1.05869    
2.46051    
2.45145    
2.71260    
1.55822    
2.24946    
1.77583    
1.54887    
2.73832    
0.05733    
2.97467    
1.27967    
1.01360    
1.28951    
2.24006    
3.67720    
0.59548    
0.78409    
0.50096    
2.26158    
0.06302    
1.27616    
2.50652    
0.82660    
1.23425    
1.47265    
1.26847    
1.76213    
1.04874    
2.23332    
1.92349    
0.32580    
0.04002    
1.03018    
2.43987    
2.19899    
1.49255    
0.80624    
-0.64695    
1.51875    
0.85007    
1.97635    
1.48327    
2.20831    
0.08426    
2.71431    
1.25531    
1.27350    
3.27987    
0.26779    
1.97024    
2.44034    
2.48024    
2.41978    
2.20185    
1.98361    
2.22383    
1.31925    
1.30355    
3.45289    
0.57638    
2.71154    
0.56601    
1.52209    
2.65033    
1.76644    
0.99397    
0.80787    
2.43225    
1.01948    
1.25343    
1.55459    
0.84634    
1.55182    
1.73097    
1.05234    
0.81001    
1.26243    
2.48912    
2.71562    
0.08777    
0.12714    
0.51327    
0.77335    
2.02604    
1.99543    
0.29594    
1.27167    
2.91536    
1.98385    
1.65089    
3.16259    
1.31125    
1.26985    
0.28892    
2.72812    
2.14979    
0.57226    
-0.15286    
0.82222    
0.54943    
1.75982    
1.71480    
1.76544    
1.73807    
1.51348    
1.24077    
1.21699    
2.69870    
1.74294    
0.26759    
3.20997    
1.28193    
1.73639    
1.04003    
2.23739    
1.72828    
1.94083    
2.20167    
0.82925    
2.47324    
0.26627    
2.48177    
1.10910    
1.25354    
0.27428    
1.77241    
1.48670    
2.49612    
1.30226    
3.71407    
0.26817    
1.77554    
3.47894    
1.99785    
1.54896    
0.30887    
1.29839    
0.09692    
1.25630    
2.22405    
0.08693    
2.23937    
2.24370    
1.76632    
1.71425    
2.19317    
3.21539    
0.24017    
1.77867    
1.54852    
2.42227    
2.24007    
2.21546    
2.68510    
1.79788    
1.53959    
1.20630    
2.42221    
0.77242    
2.44624    
1.00457    
1.47997    
1.30058    
1.73867    
1.20678    
1.52176    
3.14813    
1.75767    
1.24906    
3.23500    
2.45475    
2.19159    
2.22563    
