0.43244    
-1.03666    
-1.04030    
0.59942    
-1.33187    
-1.88929    
1.10956    
4.06163    
-1.47056    
1.94591    
2.15443    
5.86939    
-0.07853    
1.11425    
2.41028    
0.04944    
4.07834    
0.95548    
2.08475    
0.97341    
-0.39880    
1.92987    
-0.00023    
2.44929    
3.15753    
-0.48572    
1.16356    
1.99986    
3.17040    
2.57320    
-1.88682    
3.04192    
-1.03834    
4.94096    
-1.99432    
6.86269    
3.95304    
-1.70259    
5.90051    
3.60884    
2.09562    
5.91860    
5.49467    
1.61168    
1.97524    
1.59104    
5.77491    
-0.90987    
-1.89218    
-1.82364    
4.08431    
-0.83547    
-0.01229    
1.99865    
1.01833    
4.06413    
1.07505    
1.61771    
0.04367    
2.00494    
1.50044    
2.06507    
1.96057    
2.38947    
2.43171    
2.45270    
2.93708    
4.04710    
1.49990    
2.05482    
-0.04858    
2.09038    
1.47945    
2.98803    
2.98195    
0.59675    
-0.49456    
-1.98173    
1.75265    
-0.89165    
3.12033    
2.85373    
3.03795    
1.13760    
3.82201    
1.96555    
-0.82737    
-0.89238    
2.15625    
4.93979    
1.01830    
-1.96147    
3.04950    
-0.85532    
0.93919    
4.05759    
-1.82023    
0.86072    
2.05382    
2.08825    
-0.87560    
2.09480    
3.39571    
1.12539    
-0.86313    
4.96228    
-1.79287    
3.69736    
2.07351    
1.07583    
-1.88707    
-2.87501    
4.02376    
3.59430    
3.80702    
-3.96059    
1.64769    
1.38953    
0.48245    
-2.94049    
7.42701    
-2.87769    
2.80380    
0.00804    
0.95683    
-0.92010    
-1.92829    
5.98908    
-1.39598    
2.06599    
-0.07713    
0.07523    
2.13778    
1.56128    
-1.41588    
1.38438    
3.74871    
2.52532    
2.09932    
2.06207    
4.81882    
-0.81379    
2.19400    
4.56274    
-0.43007    
-0.64223    
0.09457    
-2.82346    
-3.83401    
2.90177    
-0.04203    
-1.05597    
3.99084    
2.49204    
3.27997    
1.15703    
0.08946    
2.62250    
2.02669    
-3.71709    
2.10829    
4.07415    
0.41245    
1.80725    
2.01916    
3.82852    
-0.94935    
1.65147    
1.85677    
0.05441    
3.84147    
-3.00555    
-1.06765    
1.03268    
-4.07779    
1.99699    
1.83453    
3.37101    
6.26151    
0.78931    
2.18785    
2.10603    
2.06601    
1.00301    
3.02276    
-0.90240    
0.51305    
1.94990    
-1.54756    
-1.40052    
1.15648    
2.60255    
0.54031    
-0.90487    
1.10926    
0.78986    
2.70409    
4.82850    
0.17620    
2.45686    
2.10255    
1.27564    
1.59091    
4.96150    
1.01121    
-1.81271    
1.96244    
-1.36925    
1.63855    
2.36876    
-1.81943    
4.85859    
1.32016    
2.06696    
1.10208    
-1.35631    
2.99462    
3.57954    
2.61888    
1.71377    
3.59951    
2.12720    
-4.70157    
5.06962    
3.83040    
-1.33482    
-1.40587    
4.92979    
-2.84877    
-1.93068    
0.06281    
-0.63405    
0.08241    
-2.37587    
-2.93294    
1.95177    
1.13572    
2.07703    
5.15478    
-1.92961    
2.14804    
-0.99671    
-1.86994    
-2.37874    
-0.45707    
6.02097    
-0.99678    
-2.44523    
3.53507    
3.32405    
-1.86147    
3.93652    
6.07263    
2.06280    
4.99643    
0.58629    
2.15322    
2.63191    
0.03397    
3.89309    
3.94617    
1.09405    
5.84692    
-0.54473    
1.04660    
0.05786    
3.97969    
-0.52408    
-1.57846    
3.97413    
4.05309    
2.11876    
1.13117    
1.95176    
1.54152    
0.14494    
6.93525    
-1.88481    
3.94245    
1.54032    
-0.95319    
2.67067    
-0.95111    
6.39507    
3.07530    
1.07282    
0.04026    
1.96625    
2.68570    
5.29954    
0.05944    
-0.88809    
2.05534    
0.52100    
3.80518    
-3.00241    
-0.85130    
1.03340    
5.01575    
4.06458    
3.02136    
0.14581    
2.95901    
-0.43737    
3.17051    
1.92510    
1.02860    
0.98672    
2.95413    
3.93312    
-0.18218    
0.47391    
1.43960    
1.04100    
0.40085    
3.20858    
3.15690    
2.15501    
-1.91163    
2.24145    
3.90747    
2.02744    
-1.04807    
-0.85523    
-1.32337    
0.03335    
0.95897    
3.35092    
-0.93346    
2.12389    
0.60038    
-0.12101    
-1.98819    
4.35925    
6.98158    
0.07577    
-1.84754    
1.89161    
-1.69141    
4.85048    
-1.63013    
3.87431    
3.89009    
1.00797    
0.24939    
3.88572    
0.76813    
0.07013    
0.15023    
0.04039    
-0.09891    
2.00160    
2.40479    
5.03216    
3.06319    
-1.80483    
-0.47412    
-0.51345    
2.54349    
-0.97894    
5.00091    
-0.10588    
3.42153    
4.01150    
3.01010    
1.99122    
1.97134    
1.07362    
3.89731    
1.59880    
4.81613    
3.00957    
1.43277    
4.84235    
-1.78790    
1.16237    
-0.86357    
5.36722    
3.96312    
2.43915    
0.09666    
-1.30745    
5.05514    
-0.08152    
1.94227    
1.95115    
0.11402    
1.07207    
3.57979    
0.96758    
0.03511    
4.99282    
5.54425    
0.52323    
4.52788    
1.08047    
-0.91723    
2.51196    
-0.39342    
1.56436    
5.02877    
4.14633    
2.58735    
1.89718    
-2.90645    
2.89724    
-1.79571    
0.89453    
3.50245    
1.47716    
1.45788    
-1.46595    
2.52943    
4.50587    
1.92436    
3.19537    
1.99518    
1.90823    
1.60335    
2.90041    
3.39747    
0.04019    
-2.54917    
5.89385    
-0.56907    
-1.47886    
2.56747    
3.50111    
2.27003    
0.13555    
2.07699    
5.86299    
3.96067    
1.71618    
3.96347    
1.67594    
-1.74944    
4.03767    
0.16022    
1.99458    
1.50986    
-3.82565    
-0.82025    
-0.16896    
3.82936    
6.58700    
-0.81837    
3.42000    
2.83738    
0.56165    
4.53500    
-1.81709    
1.14808    
-4.71639    
4.34695    
-0.38794    
0.08869    
-1.86569    
2.99818    
3.09197    
-1.75989    
1.12245    
1.13149    
1.02557    
-1.11752    
3.84748    
0.30113    
6.01154    
-2.79014    
2.51663    
5.46860    
4.39775    
0.66333    
-1.02751    
5.45825    
-1.17330    
3.44865    
1.03908    
3.95326    
0.82449    
4.41448    
2.65431    
4.77267    
0.07713    
-0.06852    
3.04732    
1.46121    
-0.94080    
3.13060    
1.17666    
-2.28520    
0.20469    
3.57115    
0.70520    
0.57294    
-2.01731    
1.58479    
-1.84745    
0.17933    
3.88614    
-0.91470    
-2.77927    
3.31725    
1.04652    
0.93456    
0.02326    
0.29332    
2.06995    
2.09407    
0.18131    
2.85665    
1.49079    
0.62297    
-2.00325    
1.46736    
0.13559    
1.04382    
2.53940    
-1.30554    
2.99392    
4.50304    
1.90140    
1.99228    
3.89008    
-4.72477    
0.96051    
1.52121    
3.05006    
0.05573    
3.88563    
0.03910    
4.00271    
2.02788    
2.92870    
0.07545    
0.98546    
0.01158    
0.73333    
-1.81157    
0.17591    
2.79266    
1.08274    
5.00775    
4.96022    
2.01714    
0.44723    
3.13634    
2.89100    
2.95847    
-0.03794    
5.82436    
0.01028    
-2.11733    
0.57959    
-2.96574    
0.59221    
-1.44224    
-2.78184    
0.46797    
1.12862    
-0.38839    
4.50079    
1.58104    
1.12476    
0.02905    
0.12381    
-0.40785    
3.05517    
1.97022    
-0.92141    
1.58109    
-0.00165    
-0.52650    
4.00775    
-1.37824    
2.48319    
-0.84280    
-0.46698    
4.96205    
3.46643    
-0.49057    
3.01323    
2.47622    
1.01405    
1.67736    
3.04799    
3.38017    
-0.03613    
-0.25892    
-1.45570    
1.63149    
1.62203    
-0.29488    
2.00280    
2.13218    
-1.83237    
-0.90618    
-2.34290    
3.94382    
4.43753    
0.18776    
1.16351    
-3.04134    
1.93309    
0.09501    
-1.93689    
1.11439    
1.19976    
-0.08047    
5.15458    
-1.41369    
3.54673    
0.98223    
-0.83986    
1.95027    
2.95026    
0.00717    
1.52497    
-0.10066    
-0.95628    
0.05322    
0.08195    
-1.80022    
0.54531    
3.43986    
1.96305    
1.02358    
-0.96493    
0.02986    
1.11162    
1.15448    
3.51828    
2.87411    
2.89881    
3.87097    
0.97785    
2.53010    
2.02785    
4.04859    
-0.07344    
2.63106    
1.37437    
-1.40119    
-1.40045    
2.00923    
-3.82886    
3.35526    
2.06687    
-0.43228    
2.98538    
0.12694    
0.02746    
4.01839    
0.20608    
-1.26674    
2.05092    
3.07685    
-1.39881    
4.93890    
-0.41526    
-0.92955    
0.03926    
2.09526    
-0.83975    
0.07779    
0.10978    
1.50990    
1.21119    
-2.44332    
4.99876    
3.15899    
0.14083    
1.05990    
0.94522    
1.04577    
3.18619    
-0.34674    
-2.09768    
1.52119    
4.01516    
2.82254    
3.41210    
-2.36190    
4.93325    
-0.44384    
1.98688    
-3.89592    
6.18718    
3.03170    
0.04800    
3.96950    
0.60648    
-1.22489    
-0.82869    
0.28714    
0.09948    
-0.44767    
2.06263    
-2.91866    
2.11919    
-3.71487    
3.02106    
0.18010    
4.49171    
7.45482    
0.51972    
-0.90475    
0.63681    
-2.93451    
0.49209    
1.10768    
0.02928    
0.08661    
-1.88320    
2.18771    
2.47285    
3.10529    
-0.87924    
-1.37402    
3.82587    
3.46905    
2.52143    
3.98861    
-0.40183    
3.60168    
1.03296    
0.02913    
3.42527    
2.05434    
0.51235    
0.99126    
5.16141    
-1.43388    
-2.98387    
-0.85073    
-4.04658    
-2.95702    
-0.34135    
4.04601    
3.48201    
0.10315    
1.00256    
0.81429    
0.17544    
0.61102    
1.04394    
1.07852    
-0.97630    
2.96995    
4.31189    
-0.87118    
4.01889    
3.96229    
0.23013    
-1.82281    
2.48998    
1.56892    
0.13050    
4.92671    
4.31718    
3.52712    
0.11359    
-1.30709    
0.58453    
2.21193    
1.93743    
1.15073    
-0.06055    
1.28993    
-0.89711    
3.56172    
0.54052    
4.95493    
-1.40529    
-0.90818    
2.00546    
1.02525    
5.97958    
1.22167    
2.05443    
1.06554    
-1.84111    
0.02584    
3.90312    
-0.88011    
4.43355    
0.63880    
-0.01570    
-1.98779    
2.59081    
5.05772    
3.92233    
3.04588    
1.01989    
1.98706    
1.12589    
3.29588    
0.66898    
0.96543    
0.61924    
1.01110    
0.98066    
2.97696    
5.88809    
0.07181    
3.97318    
3.00004    
1.45592    
5.95229    
-2.87703    
-0.40482    
-3.89477    
0.04787    
3.04107    
1.07725    
3.81322    
0.36656    
1.12885    
-1.49017    
5.01111    
-0.80998    
-0.85046    
1.18344    
2.97459    
1.02170    
1.19181    
2.93356    
5.43966    
4.43796    
-2.69813    
1.54470    
-0.62808    
0.14414    
1.15635    
3.10394    
1.91099    
3.44145    
2.86285    
2.01999    
0.60125    
-1.53566    
2.97876    
-0.70470    
2.28891    
0.46604    
-0.65023    
1.53063    
-0.92131    
1.52317    
3.90680    
3.83521    
4.74373    
-2.95326    
2.01251    
5.87957    
1.12906    
3.94683    
5.78789    
1.14977    
1.97751    
0.94428    
0.68812    
2.78047    
0.66717    
2.70562    
2.01474    
3.51560    
2.90470    
2.94895    
-2.63830    
0.63387    
3.83541    
1.04910    
3.37648    
1.95859    
1.07941    
4.45852    
0.01313    
2.85575    
-1.91585    
1.99563    
3.51700    
-1.04265    
3.05946    
0.03203    
0.00725    
2.13453    
3.18895    
0.16550    
1.18606    
1.89962    
-1.76443    
2.13384    
1.08138    
3.50920    
2.38726    
0.17460    
1.99547    
2.73773    
-0.50958    
4.04984    
1.53682    
0.18507    
4.80258    
-0.95667    
1.54709    
2.15702    
3.95338    
6.89143    
1.36377    
2.01897    
0.02267    
0.59997    
-0.99721    
-0.78522    
1.45421    
4.90423    
-0.75384    
1.11085    
1.06459    
2.07156    
-0.31904    
-0.10193    
0.45167    
0.99156    
-0.90717    
0.12648    
0.96431    
0.00329    
1.17168    
5.95167    
4.46264    
2.02770    
1.45502    
1.36658    
1.97558    
2.91822    
2.06262    
3.05897    
0.15533    
-0.94419    
1.96123    
3.88823    
0.99361    
4.08895    
0.17510    
-0.98907    
-4.35823    
1.18578    
2.19581    
5.08675    
-0.87051    
3.01080    
-1.86525    
0.66577    
2.91648    
3.97481    
-1.79750    
3.09343    
4.21303    
0.53614    
2.49779    
-1.34742    
0.06104    
0.63416    
1.38011    
0.97243    
0.66988    
4.51383    
0.60918    
0.06676    
2.05094    
2.91976    
2.92401    
0.48928    
-0.81595    
3.11613    
0.00293    
-0.81201    
0.17195    
-0.11391    
-0.96506    
1.10449    
0.17489    
0.29181    
1.40906    
4.45600    
5.08159    
-2.78193    
1.15569    
3.39590    
0.08942    
0.99904    
-3.73036    
-0.47629    
-1.58737    
-0.88923    
-0.77199    
2.51515    
-0.87093    
-0.91259    
1.10684    
-0.85378    
-1.08930    
-0.82206    
0.12596    
1.52570    
2.03527    
-1.42478    
4.01113    
-0.02668    
1.05060    
6.01506    
-1.39278    
1.87319    
-1.86317    
2.05784    
-2.00799    
1.02323    
1.70641    
5.42935    
2.40176    
2.05596    
1.81619    
-0.94851    
1.12135    
-0.84379    
-0.34345    
-0.37988    
5.01388    
-0.88471    
-2.91325    
5.01727    
7.16561    
1.06093    
-1.64896    
-0.81617    
3.12941    
2.00434    
-0.88107    
0.68838    
-0.01557    
1.16174    
-0.96665    
1.20311    
0.11794    
1.01887    
-1.47656    
1.06145    
6.80869    
1.92853    
0.13337    
0.11975    
-0.69603    
2.05454    
-1.40926    
1.93811    
-1.88785    
5.93238    
3.00799    
2.94475    
4.90054    
-0.02603    
0.42903    
5.99793    
1.51653    
3.16386    
5.86832    
-3.88358    
2.06601    
-0.47199    
1.03804    
-0.94423    
4.04339    
3.34836    
3.79543    
2.06243    
7.86808    
0.48706    
2.17792    
-0.41090    
-0.38729    
2.82539    
-1.39387    
4.00593    
-1.87722    
-0.37650    
2.45491    
3.33350    
-0.43454    
1.77857    
2.05511    
0.29058    
0.98869    
-1.77977    
1.07424    
1.12576    
2.94728    
1.21656    
1.08007    
5.97876    
-0.89571    
2.11036    
1.53117    
2.34451    
0.97693    
-0.53517    
-1.83771    
0.94938    
-0.09844    
-0.37421    
0.16591    
0.60579    
1.16557    
0.96124    
-1.89571    
0.11960    
2.46063    
-1.92236    
2.67811    
3.97628    
4.03001    
-0.46177    
4.36101    
-0.89157    
0.03093    
1.49704    
-1.02191    
3.08544    
3.51133    
1.39978    
3.03867    
-2.27200    
-0.91794    
1.09243    
-2.02740    
2.47569    
2.03224    
2.01102    
-1.00908    
1.39186    
2.40269    
2.94044    
-3.20720    
4.09878    
2.94714    
7.91019    
3.95780    
3.40886    
3.88562    
-0.46958    
0.40217    
1.14352    
0.10847    
-1.36221    
0.50944    
2.14103    
3.88208    
1.01221    
2.05252    
-1.71277    
-0.08417    
2.59857    
2.50546    
0.07764    
1.52900    
2.89088    
3.09882    
-1.50021    
0.80286    
2.12033    
3.78314    
-1.82992    
1.40418    
3.89261    
1.21056    
4.86030    
-1.43215    
0.59917    
-1.95601    
-1.01085    
3.58328    
1.11793    
2.05343    
0.95191    
0.93720    
0.61980    
-1.82151    
-1.00145    
-1.31826    
0.58953    
5.46116    
1.07252    
1.94649    
0.67138    
-0.86661    
-0.74147    
4.55170    
0.19370    
-0.95794    
2.96994    
6.05118    
0.02708    
1.93362    
-3.76441    
-0.03302    
0.14123    
1.94302    
4.47417    
-0.05550    
4.13499    
2.03274    
2.60134    
4.01612    
1.15044    
1.94238    
3.43280    
2.97646    
-0.88221    
1.98044    
4.05103    
2.23183    
-1.80817    
-0.91386    
1.59578    
2.13224    
2.00325    
-0.95555    
1.95642    
2.04241    
0.01986    
5.85944    
-1.87135    
3.05883    
-1.40872    
0.15285    
1.91313    
2.03818    
5.89969    
2.47012    
0.48336    
5.03488    
0.93259    
-3.30886    
1.96528    
0.27863    
0.96826    
4.74772    
3.57244    
3.96561    
2.97128    
-0.10308    
3.06692    
-4.88198    
1.57760    
1.65047    
0.05725    
-0.80400    
3.11465    
1.04296    
2.07583    
0.58751    
0.47129    
-0.68816    
2.07076    
0.00682    
2.65609    
2.67601    
0.92838    
1.99885    
3.96023    
0.97157    
3.90451    
3.85862    
-1.86081    
3.02275    
-3.80607    
-0.74236    
7.76212    
4.05310    
2.99171    
0.57077    
0.60056    
0.95585    
1.92547    
1.20447    
1.00447    
3.88132    
0.18753    
0.13761    
4.82411    
0.07919    
2.15396    
0.04015    
-1.83261    
1.33683    
-0.97882    
1.50831    
4.00978    
2.00932    
-0.74928    
1.99239    
-2.75959    
4.89162    
0.16515    
2.00632    
-1.83974    
-0.99262    
4.63875    
-1.83704    
3.90189    
2.58769    
2.52490    
-0.55308    
0.21467    
1.91953    
0.06109    
2.08312    
-1.61823    
3.35419    
1.02332    
5.77407    
0.18723    
-0.86029    
0.01826    
0.11043    
-0.42527    
-1.48153    
0.99948    
3.02209    
-1.43177    
-3.69553    
-0.05135    
3.54948    
4.71507    
-0.88623    
-0.41689    
-0.08293    
-1.90242    
-0.91227    
1.03239    
0.60538    
0.60493    
-3.32840    
-3.83130    
0.59426    
1.59268    
-0.42144    
-0.53377    
-1.63737    
4.44133    
1.19793    
-1.94172    
0.09132    
1.45507    
2.93695    
2.60769    
2.01816    
3.98558    
0.05468    
1.08164    
-0.50411    
-0.07915    
-0.87430    
-0.95560    
-0.73154    
3.23761    
6.33857    
1.14169    
0.04216    
-0.39893    
-0.92176    
2.15558    
0.02690    
2.10011    
3.03198    
1.18841    
-0.98900    
1.01956    
2.51867    
2.97303    
2.99570    
0.10083    
-1.93251    
-0.72388    
0.60277    
0.90555    
-1.95731    
1.44440    
1.83239    
3.88861    
3.15540    
4.07877    
4.39083    
-2.40616    
3.04244    
2.01981    
1.89525    
0.10960    
3.22470    
2.07948    
-0.84491    
1.57112    
0.60762    
-1.73541    
3.15346    
-0.38992    
1.89289    
-1.87508    
2.18991    
3.43242    
0.08907    
2.04607    
-0.40877    
1.47508    
-0.88111    
-0.91519    
4.03907    
3.02679    
-0.04266    
2.05697    
0.11650    
-0.90700    
0.20898    
0.17672    
1.51257    
1.90079    
-1.27327    
4.92034    
-2.75675    
0.12588    
-0.51486    
4.76235    
1.89061    
-0.00558    
-2.98211    
-0.88268    
-2.72551    
0.18423    
2.09308    
3.87540    
-0.93810    
-1.43050    
3.96099    
-0.41243    
2.49702    
0.87272    
1.12274    
-0.95829    
3.08381    
1.99378    
4.02291    
0.93032    
3.02301    
1.51208    
-0.75616    
-3.75369    
-0.90669    
-2.36767    
-3.35104    
1.05712    
-2.88853    
-0.52640    
1.14668    
4.98801    
4.88851    
3.82534    
-1.80921    
-0.02114    
5.47016    
-1.51511    
2.09523    
3.61789    
2.98526    
2.55494    
-1.45027    
2.90390    
3.98778    
-0.04991    
2.61842    
0.98701    
-0.30457    
-4.35968    
1.28474    
2.97052    
1.01904    
0.20031    
2.25304    
2.04220    
0.02707    
-1.77309    
1.24965    
-0.42167    
3.58153    
-0.56767    
4.05449    
1.96812    
0.07354    
-3.07346    
4.02122    
0.66854    
0.37929    
1.28206    
1.45043    
0.19516    
7.81174    
0.09034    
1.88268    
-0.09697    
3.39015    
1.11926    
0.09161    
-0.58539    
5.00431    
-0.02973    
0.16499    
2.39001    
4.89108    
2.88795    
2.95517    
-2.88483    
-0.42792    
0.12387    
0.85093    
-0.05662    
5.49840    
-0.85373    
1.94044    
2.12533    
0.54139    
2.97895    
-0.94633    
-2.72536    
-1.47273    
3.79743    
1.55643    
0.99246    
0.53495    
3.21350    
0.51390    
3.83788    
0.06591    
0.04748    
-0.99001    
3.01095    
0.58663    
2.15331    
2.94085    
2.00618    
-0.41720    
1.66085    
-2.83873    
-1.56606    
2.09968    
1.07878    
0.91890    
2.87135    
0.91145    
2.06729    
4.08083    
3.57904    
2.46953    
2.10844    
2.93432    
0.12688    
0.09700    
5.01116    
-0.04025    
-0.05188    
5.97992    
2.93847    
1.94494    
1.98009    
0.03916    
-0.46237    
1.39017    
0.53387    
6.77925    
0.50484    
2.12630    
1.59356    
6.49416    
-0.97448    
-1.44269    
2.95083    
-1.34277    
1.56788    
3.00705    
-1.05098    
2.05007    
5.47318    
1.52570    
3.05473    
1.10686    
4.53897    
1.92015    
2.05100    
0.15208    
-1.88992    
2.07972    
2.55620    
-0.50977    
1.71210    
-0.02563    
2.99829    
2.15760    
7.72524    
-0.18709    
0.21780    
1.85442    
1.97844    
2.54003    
-0.04529    
1.13614    
-0.56936    
0.96691    
1.62230    
0.26920    
-2.88409    
2.90385    
4.84688    
6.83677    
2.45868    
2.45983    
-0.03795    
2.15351    
1.24281    
1.07526    
3.05691    
4.37609    
1.08638    
-2.97314    
1.96410    
2.99931    
0.98713    
0.57092    
1.93342    
0.63817    
-0.08849    
1.87552    
-1.91386    
0.22091    
0.15333    
2.43800    
0.04056    
0.04622    
2.65288    
1.96398    
1.95046    
2.51656    
2.50694    
1.88207    
0.14629    
-1.57260    
0.63414    
1.10924    
1.04675    
-0.00328    
0.13164    
-0.91455    
1.03372    
-0.98685    
3.14940    
0.21081    
0.09019    
-0.80937    
1.32854    
0.96923    
2.02167    
2.42238    
2.49673    
2.04688    
-2.73511    
1.01619    
2.83274    
1.58466    
-2.79470    
0.18087    
3.43749    
0.41068    
-2.83222    
0.99670    
3.03011    
5.49395    
1.16652    
2.09270    
-1.81238    
5.89400    
0.03193    
3.11001    
1.54902    
0.53204    
0.14167    
3.61279    
3.37173    
-0.97575    
0.99540    
0.16677    
2.94501    
3.43788    
-1.97197    
1.16640    
0.23560    
1.95193    
3.04389    
2.08129    
-0.44953    
-1.00308    
0.25510    
1.94267    
-0.05031    
2.89153    
-1.88576    
-2.42662    
4.03397    
0.16407    
3.97651    
3.04940    
6.03292    
4.95295    
4.03963    
0.17170    
-1.17325    
2.11402    
1.92836    
-0.93606    
6.37504    
2.95273    
2.59721    
2.62196    
2.13845    
2.04593    
-2.06139    
2.00800    
2.91198    
1.02300    
1.00802    
0.94588    
1.46197    
4.07395    
0.82614    
4.80098    
-1.88907    
1.10240    
-0.93331    
3.05694    
3.33143    
1.48978    
0.18482    
0.07423    
-0.41063    
2.98421    
2.09060    
2.98496    
0.02232    
0.30348    
7.93297    
4.50783    
6.33125    
4.86106    
-7.14562    
8.89626    
2.06754    
-1.20004    
-0.94722    
-1.86187    
1.98264    
1.07403    
2.11214    
1.12809    
-1.05622    
-3.74963    
-0.58502    
1.08209    
0.06899    
-0.34636    
0.07555    
-2.89473    
4.98350    
-0.46449    
1.65063    
0.19878    
3.91225    
5.43569    
4.42982    
0.70078    
0.14691    
6.93779    
3.04859    
-0.44829    
2.06109    
-1.89966    
1.04606    
-0.71508    
3.18217    
4.82293    
2.07690    
3.95070    
2.42008    
-0.02126    
2.98263    
3.17809    
4.02508    
4.22808    
-1.57376    
1.83460    
3.21005    
0.09815    
0.08484    
3.84091    
-3.93874    
2.79890    
-0.58985    
-2.96543    
-1.03799    
1.04394    
0.94900    
1.08118    
-0.96513    
4.42727    
4.79531    
0.99338    
3.98927    
1.87968    
0.06426    
3.18010    
2.11926    
2.99676    
-0.98648    
3.44230    
3.96723    
4.89247    
-1.41076    
1.96232    
3.87185    
3.34437    
1.18792    
-0.83531    
1.93776    
2.39629    
-1.03431    
4.33200    
3.08378    
6.03344    
9.27288    
5.08412    
1.56457    
2.15656    
4.20464    
0.06450    
1.50036    
1.03276    
3.54534    
1.99626    
3.85393    
1.43439    
2.85552    
2.20798    
4.67184    
-0.88717    
5.89861    
3.53500    
3.71086    
2.14767    
3.49626    
-0.44603    
1.01249    
1.47984    
2.76827    
0.95709    
-0.88878    
0.30585    
2.94627    
1.99181    
0.99613    
1.33062    
0.46620    
-0.04345    
-0.37201    
3.07823    
0.15997    
-3.35662    
2.18675    
0.06273    
1.20361    
0.04540    
6.84815    
-0.94974    
1.99473    
3.02883    
2.05068    
0.16962    
3.64225    
3.51205    
2.12305    
2.20912    
-0.37501    
3.20853    
-1.71958    
1.12969    
0.97739    
1.41973    
1.03543    
6.78105    
1.01527    
3.82588    
0.02882    
0.99651    
1.89625    
4.05161    
4.42173    
-0.87621    
-0.96119    
-1.94535    
-0.86752    
-1.24121    
4.94358    
0.34124    
0.55736    
2.05332    
0.08800    
0.06089    
-2.84734    
0.03952    
4.48899    
4.84256    
1.12584    
2.50021    
4.61044    
0.24579    
1.13058    
2.13713    
2.07766    
2.47251    
0.97239    
4.97863    
-0.37636    
2.00492    
2.55350    
1.02419    
-0.34437    
2.91896    
2.06745    
1.15123    
-1.88310    
-0.81668    
-1.91008    
6.87769    
2.58403    
2.77327    
2.87638    
1.10853    
-0.61337    
3.91612    
-0.94755    
-1.66981    
-0.95124    
4.85937    
-2.03840    
1.00368    
-1.97750    
1.06524    
-3.69754    
-0.53108    
3.01176    
-0.87562    
1.89381    
0.08424    
0.03092    
-0.91038    
4.50448    
6.95898    
1.87331    
2.01193    
0.11035    
1.04060    
3.80054    
-5.28256    
-1.81182    
5.79150    
3.94324    
0.47330    
-0.97169    
1.06759    
1.00041    
2.00905    
2.89077    
2.21886    
2.16580    
2.00172    
2.44854    
0.11510    
3.01786    
-1.90841    
1.07267    
0.20547    
1.12994    
-1.82556    
-2.29697    
0.48638    
2.22777    
3.03472    
1.20788    
1.10900    
0.75726    
-2.06399    
4.86488    
3.11239    
0.97780    
1.09224    
2.05546    
-1.57930    
1.86418    
-0.86993    
5.89168    
-1.87148    
1.07647    
5.43244    
-0.69457    
-1.68382    
4.55414    
-0.81645    
0.56261    
1.46285    
5.00942    
-0.75579    
-3.00943    
0.74972    
-0.41524    
1.93173    
-1.72119    
-0.02368    
-0.85789    
0.18323    
1.70892    
3.11238    
0.12625    
5.00379    
5.11894    
6.82285    
1.56326    
-0.47618    
1.02762    
-0.87266    
0.14331    
0.38092    
2.12057    
-0.82146    
0.61088    
5.19430    
1.06934    
1.95348    
0.06579    
4.96402    
-1.94165    
3.10720    
6.16021    
4.43835    
2.97890    
0.09702    
1.81720    
0.13718    
3.44226    
5.34978    
3.94830    
-2.87702    
0.22191    
2.99808    
0.12411    
1.97047    
-0.89687    
-0.02637    
2.17715    
1.08618    
1.84716    
0.33129    
2.72956    
0.06642    
1.09801    
-1.95938    
-1.30298    
2.00707    
3.49087    
-0.81677    
0.14779    
1.20234    
2.04038    
-0.34484    
0.90773    
3.50276    
0.60721    
-0.42140    
2.74692    
2.07899    
1.94677    
0.60881    
4.95478    
0.13012    
2.00321    
2.85788    
-0.43600    
0.97164    
3.99024    
1.94460    
2.02504    
0.12076    
1.92968    
0.33939    
0.09791    
0.19566    
0.05990    
1.36577    
-2.91734    
3.47352    
-1.16085    
-0.43284    
-0.43667    
2.41423    
3.93384    
0.18617    
2.99922    
4.89728    
4.01645    
-1.39595    
3.50406    
3.45195    
-1.08013    
1.11180    
0.40385    
4.05931    
0.63297    
2.50631    
4.01212    
4.47128    
1.89798    
0.00796    
3.46370    
1.52328    
6.01201    
5.33869    
-0.26255    
-0.87387    
2.69906    
1.95223    
1.92651    
0.09883    
5.98666    
-0.38841    
-1.57740    
-0.85821    
3.42226    
0.55805    
1.03931    
1.97584    
-0.96260    
-1.98034    
-0.49934    
4.88617    
6.88096    
2.54068    
-0.85851    
2.00885    
-2.87096    
0.01534    
-2.74650    
1.00976    
2.83074    
-0.12580    
4.53859    
5.81118    
-1.96081    
0.88621    
0.07616    
5.49888    
-1.94678    
2.07618    
2.09181    
-0.03440    
1.91775    
1.10434    
-0.81524    
3.99737    
3.01044    
1.13526    
1.04535    
2.49724    
-1.94285    
1.14623    
2.46872    
-0.75724    
2.95430    
2.01130    
5.81348    
0.50343    
-1.82757    
-1.89817    
-0.87586    
4.90239    
2.97991    
2.55790    
-1.37872    
3.39719    
0.46120    
-4.42122    
5.10713    
3.89267    
-2.77064    
3.42829    
2.03990    
-0.34781    
1.94820    
-1.05327    
2.04990    
-0.90655    
2.16069    
-2.89759    
3.80301    
1.89145    
-0.77506    
2.85612    
0.69471    
2.19986    
0.19248    
0.18411    
1.91426    
0.11581    
3.19627    
2.49069    
1.36097    
4.01057    
-1.94026    
2.77528    
0.07396    
6.17795    
0.10586    
1.91939    
2.51702    
2.05591    
3.13526    
3.98474    
1.48532    
-2.82800    
3.86035    
0.49871    
-0.48107    
0.25511    
3.62498    
4.62359    
-2.44382    
5.36638    
-2.01284    
-2.83638    
-0.29411    
0.07103    
0.12159    
-1.81050    
0.77525    
0.72208    
4.04454    
0.03451    
0.66398    
2.12917    
5.83529    
4.16547    
0.02233    
-1.86813    
1.16429    
2.06716    
0.97756    
1.58729    
-0.81544    
3.42673    
0.61463    
6.86444    
4.43805    
0.49525    
1.07982    
-1.06590    
2.46577    
3.38555    
-0.92337    
2.91442    
-2.30726    
3.93795    
2.03695    
1.08959    
-3.93954    
4.97597    
-0.82364    
0.62456    
4.04097    
4.01516    
0.04898    
1.22619    
2.05733    
5.20030    
0.59167    
4.00265    
2.10559    
0.99397    
2.34016    
3.78352    
0.51784    
5.86588    
-1.86155    
0.97185    
2.91670    
2.08905    
3.13973    
2.79062    
1.53189    
0.94980    
1.08861    
2.02132    
4.01050    
6.01036    
1.15534    
1.33457    
0.99715    
4.09818    
3.02798    
-1.79086    
4.14669    
4.87374    
2.17127    
1.85037    
2.98824    
-2.03479    
1.47999    
-1.95058    
3.86617    
0.06681    
-1.04192    
3.93628    
4.00305    
4.04522    
1.13482    
2.11251    
0.55602    
4.45490    
2.98264    
-2.58873    
2.52914    
-0.36418    
2.85941    
-3.39421    
0.90404    
1.42139    
0.58081    
3.01992    
3.99385    
4.82537    
2.09711    
0.57572    
6.04922    
3.06601    
-0.74736    
1.06657    
-1.09244    
1.94573    
-3.87962    
2.49457    
0.06528    
2.83223    
1.12582    
3.92978    
4.26778    
-0.73748    
2.89422    
-0.11639    
2.93871    
5.41801    
3.36593    
3.86722    
2.08942    
5.00062    
-0.00031    
2.37805    
-1.50447    
3.79875    
3.03349    
4.22332    
4.92526    
0.06180    
2.20834    
0.03440    
-1.84673    
-1.86785    
4.02966    
1.10744    
-1.83530    
5.58263    
2.51930    
3.97338    
0.39214    
4.41067    
-2.73821    
-0.78481    
2.07013    
1.98918    
-1.27222    
3.06696    
2.98979    
0.98768    
3.02744    
-0.44771    
0.95747    
1.96632    
0.09961    
-2.40948    
4.97389    
-1.00896    
-1.24810    
2.95105    
1.19086    
0.93029    
-2.25837    
2.03056    
4.05456    
2.93227    
-0.42834    
1.04118    
0.10572    
1.96626    
-0.45424    
5.00918    
0.98536    
3.57928    
3.53974    
2.51568    
7.64414    
2.97420    
1.52145    
-0.95611    
-2.15100    
3.96215    
-0.29606    
3.04453    
-0.08134    
-2.81832    
3.98528    
2.01748    
0.88782    
-1.81256    
3.01103    
-2.74732    
2.39701    
-0.00756    
3.78673    
1.77764    
0.97308    
0.55138    
2.38623    
0.86262    
-1.94077    
2.46195    
2.93231    
-3.71150    
0.13684    
4.09018    
2.97441    
5.85527    
3.94179    
-0.84091    
1.87009    
1.88659    
2.38109    
1.97095    
5.89478    
2.15687    
0.04819    
1.97307    
0.99364    
2.04443    
-1.84647    
3.93643    
-1.77832    
-1.77066    
1.99638    
0.98725    
0.01208    
2.26376    
4.98760    
0.99270    
1.12825    
1.09205    
-0.93470    
0.03330    
4.39046    
1.03190    
1.18258    
0.88485    
-0.34966    
-1.43354    
-1.92461    
0.55666    
-0.02177    
0.09747    
2.57735    
0.86925    
1.58616    
-2.34491    
2.92456    
1.20732    
-0.06949    
3.08274    
1.18119    
0.08029    
-0.93029    
2.04355    
-1.43152    
0.53302    
3.98651    
2.43549    
-1.03250    
0.85108    
1.42675    
1.07675    
2.96037    
0.12257    
2.81580    
-0.04539    
3.01876    
-0.73486    
0.05629    
1.02734    
3.47706    
2.53675    
5.93827    
4.13995    
3.45042    
3.04472    
1.17774    
1.76357    
1.65686    
-0.91325    
0.60982    
1.67546    
-0.97308    
2.50545    
1.60226    
0.07562    
3.19903    
1.50710    
0.61833    
3.89927    
2.06684    
-1.06268    
2.89909    
2.92932    
3.77021    
1.00723    
2.55395    
-1.79914    
1.55763    
2.90611    
1.54992    
5.00526    
-0.39921    
5.46697    
5.93636    
0.53471    
1.44580    
4.83388    
1.04447    
3.86414    
2.02714    
1.65800    
1.92775    
1.44432    
1.61439    
3.09132    
-1.86284    
0.11527    
-0.86566    
-1.95644    
5.11289    
0.26002    
-0.62016    
2.13049    
7.33509    
3.15534    
1.14814    
1.06085    
-1.84898    
-0.86570    
2.66155    
3.16104    
0.21884    
2.01640    
-0.50980    
4.81378    
-1.91169    
0.02533    
3.93999    
0.56050    
4.94657    
2.53903    
1.90846    
2.41702    
3.78933    
0.15731    
3.06047    
-0.06926    
1.34511    
0.86514    
2.98028    
0.03265    
0.07492    
-1.47243    
-1.79240    
0.19555    
0.14560    
-1.93222    
-1.04296    
1.10782    
1.12017    
3.03946    
1.87821    
-0.01520    
-0.82904    
1.10943    
0.18407    
-0.41045    
0.97036    
1.04171    
3.52236    
0.91492    
2.04945    
2.09893    
3.48682    
2.59528    
0.59117    
0.10346    
2.45533    
3.97933    
0.97007    
1.94856    
0.59415    
3.88068    
1.11447    
1.98849    
1.53565    
0.00561    
2.99574    
4.00653    
1.02978    
0.48878    
0.01507    
4.73412    
-1.72608    
2.94612    
-0.95883    
3.94315    
1.97267    
4.01157    
-1.75301    
-0.93929    
3.06330    
0.94595    
1.51903    
1.49201    
1.12105    
0.93545    
-1.42089    
-0.49449    
-1.90051    
-0.03726    
1.03554    
2.56709    
-1.81060    
3.58890    
2.05417    
0.08795    
-3.82488    
1.01032    
2.97329    
-0.83585    
-0.46904    
-1.26875    
2.10464    
-1.52483    
3.27547    
0.65520    
-1.32464    
-2.84443    
2.05302    
1.03507    
0.76248    
3.95632    
-3.37033    
5.47718    
-2.04993    
4.19144    
-0.86566    
0.13835    
-1.89798    
0.93455    
5.00427    
2.16531    
-3.69278    
2.98034    
0.11501    
2.93009    
4.65691    
0.17074    
6.34509    
1.07035    
5.35286    
-2.85383    
-0.96338    
1.08808    
2.00180    
2.00162    
-0.00296    
3.00543    
5.39686    
1.06206    
1.00085    
1.18030    
6.20085    
0.07653    
-2.74303    
5.03112    
-0.36641    
0.13825    
4.50218    
0.12185    
3.05867    
7.77377    
0.97212    
6.95324    
2.54612    
0.09359    
1.05143    
3.97041    
3.57597    
-0.93369    
2.04209    
1.23207    
2.04533    
2.12432    
1.08568    
2.91263    
-0.76398    
1.64501    
1.50701    
3.38452    
0.99003    
3.63266    
4.09747    
0.12512    
-0.94885    
2.01891    
-1.52074    
0.10167    
1.90536    
1.17384    
6.02283    
-0.78809    
3.91090    
2.55925    
-0.92892    
0.51744    
1.05272    
1.99276    
-3.93378    
2.95864    
-2.72829    
-1.93648    
-2.02726    
3.43340    
1.16559    
2.57034    
3.48135    
0.09593    
2.06556    
2.98077    
2.88209    
1.01407    
2.04971    
1.09946    
2.37567    
3.97576    
0.09414    
2.95542    
1.97421    
3.35007    
1.66438    
3.07067    
-0.28122    
0.51754    
-0.92943    
-0.43155    
0.83758    
-0.46753    
0.57190    
-1.84208    
-0.05282    
3.02823    
-0.88537    
0.49933    
4.39592    
2.06175    
0.62478    
0.16871    
-0.51684    
0.57314    
3.96572    
2.06688    
-0.92595    
2.02022    
0.08914    
2.42842    
1.13837    
2.09902    
2.02827    
1.06014    
2.06818    
2.50059    
3.81389    
0.09156    
2.57988    
0.70314    
-0.18134    
4.18497    
2.86634    
2.93038    
3.01492    
1.00511    
3.93807    
2.93912    
0.92607    
-0.92608    
1.57211    
5.11269    
-1.77814    
2.94910    
2.90378    
-0.36951    
-0.44487    
-2.75645    
2.25848    
-0.77953    
0.50277    
-1.06939    
0.15273    
3.81638    
0.17893    
-3.83016    
-0.90129    
-0.01193    
2.96689    
-3.86951    
-0.83073    
1.13556    
4.46802    
-0.91067    
-1.94015    
1.96837    
-3.94974    
4.38026    
0.50549    
2.01198    
0.81616    
-0.00898    
1.62810    
3.07674    
-0.40511    
2.73610    
4.87866    
3.39265    
2.74576    
0.55368    
-3.27387    
1.66666    
5.84294    
4.95559    
0.93906    
1.11874    
5.42527    
1.48814    
2.93616    
1.48280    
0.91649    
3.87186    
1.99255    
4.96321    
-0.83463    
2.48811    
3.99152    
0.56800    
-0.19883    
0.57775    
0.12315    
-0.43236    
1.85149    
-0.82470    
4.40631    
3.30977    
0.13498    
4.02666    
0.12769    
2.93332    
-0.80278    
2.96201    
1.03867    
0.03719    
1.02820    
-0.93803    
3.53074    
2.04280    
0.42397    
1.12738    
5.05572    
1.18548    
2.10850    
3.16011    
-1.46842    
1.10764    
2.92423    
-2.73605    
-0.92962    
2.00658    
1.62923    
1.08461    
-2.75765    
2.10222    
3.00310    
-0.46087    
1.18554    
0.97050    
-0.83109    
0.54708    
-4.65891    
3.93821    
-1.86976    
3.28596    
5.83627    
3.98508    
0.08055    
-0.35157    
-1.86755    
0.11999    
3.41636    
2.02589    
2.73729    
4.86455    
-1.88481    
-0.69443    
3.00360    
1.51265    
3.28667    
0.58484    
2.42709    
3.90795    
-0.48286    
-3.33245    
2.01734    
-0.07231    
0.20729    
2.18836    
4.90316    
0.72962    
0.88215    
0.64699    
1.98867    
1.60368    
1.17501    
0.57374    
0.56257    
1.59015    
-0.04641    
-0.89090    
0.61700    
3.08754    
0.06982    
-0.33693    
4.38170    
1.93113    
2.48886    
0.99667    
0.97579    
-1.05387    
0.25183    
4.97034    
2.09456    
-1.42242    
-0.09181    
3.94229    
1.58553    
5.00622    
2.95091    
0.09824    
1.01469    
0.03615    
-0.00246    
2.79308    
-0.92175    
-0.87711    
3.52184    
3.03308    
3.95524    
-1.83223    
1.10153    
4.47133    
4.48875    
-2.76072    
2.01982    
1.28681    
-0.32288    
3.05485    
1.19068    
3.47778    
0.74845    
1.16170    
-1.22529    
-1.90388    
1.08256    
0.00024    
0.62069    
1.11960    
-1.85576    
2.11244    
-0.91692    
2.42238    
0.01603    
2.56222    
-1.82879    
2.00602    
2.98592    
-0.09905    
2.93270    
5.78055    
2.91892    
0.01543    
-1.01093    
2.46665    
2.43973    
1.16800    
0.21595    
7.78937    
-1.04716    
3.98075    
-0.92037    
-2.10435    
2.16064    
2.88201    
3.11570    
1.50660    
1.00688    
-0.45800    
-1.53773    
4.41069    
-1.35390    
2.45794    
-1.14016    
1.11103    
3.49639    
2.23017    
2.92290    
0.13825    
2.98591    
1.04804    
-0.81133    
0.14277    
0.19129    
-0.98634    
-0.88724    
1.90899    
1.41988    
2.93991    
4.85476    
4.88098    
-0.81442    
-1.40509    
2.46666    
0.08103    
4.38010    
0.15714    
1.99335    
1.15498    
5.36968    
0.19587    
-3.14386    
2.14334    
5.49873    
0.03288    
2.00298    
3.48811    
-0.56193    
-0.79890    
0.15486    
2.22092    
-2.03320    
-1.01849    
2.09878    
0.06669    
1.86692    
4.48501    
2.45112    
0.20926    
3.83153    
-1.27945    
3.47229    
0.66461    
-0.96218    
0.33572    
4.95554    
3.00599    
0.09543    
2.03304    
2.51121    
2.13551    
0.93502    
-1.34461    
-5.87057    
0.05682    
-0.39813    
0.11119    
-2.06267    
-0.40794    
2.01808    
3.06909    
5.56769    
-0.93967    
3.90475    
-0.82965    
2.13067    
2.01688    
0.62235    
1.09237    
1.15476    
2.47856    
-0.47540    
3.98614    
1.07331    
4.09523    
0.05796    
0.09845    
1.12356    
-1.81052    
6.95370    
2.57590    
1.91275    
6.50133    
0.82970    
3.90133    
0.12011    
1.01426    
2.90052    
1.16643    
-0.96933    
-0.45493    
-1.87448    
-1.86804    
2.53242    
-0.04364    
2.27355    
-0.82002    
2.99232    
-0.48868    
1.60446    
4.44930    
0.56876    
0.00182    
-1.62651    
0.38383    
-0.92648    
2.14190    
0.90719    
4.93676    
1.41751    
0.02272    
-1.92287    
4.55308    
2.06342    
3.01395    
1.42091    
-0.95425    
1.02425    
1.11349    
0.87243    
2.84915    
3.45387    
2.95348    
0.09017    
2.54727    
1.15078    
1.44383    
1.50538    
3.08497    
1.06699    
1.81644    
1.53517    
1.51727    
4.48781    
1.15642    
-0.76261    
2.11055    
0.14359    
2.67488    
-1.44594    
0.97732    
1.80999    
0.00561    
5.42757    
4.04782    
1.98398    
0.44198    
2.61556    
-3.74930    
2.89675    
4.52105    
1.09828    
1.03282    
1.40939    
1.07524    
2.60394    
3.98074    
0.15780    
2.62337    
-0.93464    
-0.94521    
4.38295    
0.11209    
0.00266    
5.87385    
1.03433    
-1.95638    
0.91819    
3.98035    
0.98950    
1.87453    
0.55370    
4.96282    
5.00341    
5.90228    
1.20625    
-1.91258    
3.95693    
-0.75981    
4.03526    
3.89675    
0.16904    
1.57492    
2.88126    
-1.08860    
5.59289    
4.29968    
2.13271    
4.91240    
2.91997    
0.49601    
1.50622    
3.45112    
1.02654    
3.00704    
1.96354    
3.01907    
2.07755    
0.13726    
5.09028    
0.99689    
2.09308    
1.13531    
4.86833    
-0.86311    
0.01406    
0.07446    
1.92203    
3.12719    
-4.77352    
2.06305    
3.35586    
-2.70221    
3.00745    
-0.06957    
2.03709    
-3.01209    
-0.95850    
1.15797    
0.21810    
1.95129    
1.90819    
1.07028    
1.05185    
-1.95228    
-1.86801    
-0.75022    
-1.82901    
-1.70574    
2.90117    
1.91804    
0.12324    
1.84144    
0.18426    
0.10154    
-2.83519    
3.10309    
3.96496    
2.12103    
-1.80761    
0.07083    
2.90776    
0.99203    
0.51934    
-0.00378    
0.22710    
3.08261    
2.01622    
3.50879    
4.37240    
2.49565    
-0.71000    
0.03969    
0.04041    
2.56373    
3.55619    
0.96122    
3.13599    
0.96884    
-1.86705    
0.57384    
-0.12454    
-0.79677    
4.00657    
1.15139    
3.92246    
3.15597    
-0.49939    
3.51306    
1.51331    
2.07192    
-2.87558    
5.94001    
-1.36045    
-0.34380    
-2.44252    
-0.95173    
2.10961    
2.83183    
1.94755    
2.14724    
0.15844    
4.86901    
0.51956    
3.94003    
1.08929    
1.88441    
2.02446    
1.90610    
2.95819    
-0.10584    
-0.47279    
1.00095    
1.43306    
3.99874    
-0.92596    
-2.79724    
0.54983    
0.21333    
1.98222    
-1.86738    
1.95014    
4.42876    
2.92687    
-0.06666    
-1.13904    
1.09165    
0.80177    
4.98908    
-0.98475    
1.05497    
3.80352    
1.08074    
-1.45391    
2.91165    
4.61115    
1.48034    
0.18961    
1.10485    
2.94230    
3.83589    
2.48388    
-2.49454    
2.95016    
-0.92100    
1.12202    
5.88407    
4.96359    
2.98056    
0.59383    
4.51779    
0.59377    
1.81857    
3.99300    
1.05165    
1.01662    
-2.06412    
0.78373    
-0.38459    
5.02262    
4.73483    
0.93602    
1.40174    
-0.66405    
1.04829    
1.60417    
4.03743    
0.03572    
2.89542    
1.70711    
3.10938    
0.14612    
4.52185    
-0.87034    
-0.97206    
0.17337    
1.08482    
2.06167    
4.60891    
4.88942    
0.16357    
2.43022    
0.55652    
0.98512    
-0.11306    
2.64465    
3.01431    
-0.33453    
-1.06751    
0.74702    
4.13187    
1.99897    
3.06157    
0.98266    
2.08872    
3.07168    
-1.79400    
-1.95817    
-0.82610    
1.11939    
0.99485    
0.02298    
2.94846    
1.15676    
0.15222    
-0.89225    
1.97296    
1.98288    
-0.88169    
0.48819    
1.08230    
0.03101    
3.03209    
-0.79539    
2.10987    
1.94019    
3.53990    
3.06982    
0.02275    
1.86501    
0.41014    
3.18802    
3.96849    
-1.84932    
3.00659    
2.99918    
2.88196    
0.59263    
4.00639    
1.18415    
4.78793    
3.56696    
2.99692    
2.52911    
-1.35663    
3.05386    
4.35339    
1.09514    
-0.38938    
-2.33702    
0.12871    
-0.39439    
-3.42929    
1.28471    
-0.34296    
0.95236    
0.03787    
1.07655    
2.06476    
0.28313    
3.00328    
5.88106    
3.53956    
1.56553    
0.14534    
1.43250    
1.77944    
4.91139    
0.05893    
4.01004    
4.68071    
4.40701    
2.56124    
0.24074    
-0.90113    
0.98604    
2.04540    
-2.37395    
-0.44036    
2.75153    
-5.03773    
3.87042    
1.15542    
2.83975    
0.48992    
3.94024    
2.48153    
1.11075    
3.06541    
1.00083    
0.01040    
0.69524    
0.99833    
2.04037    
0.10138    
-1.51941    
3.02773    
-0.87833    
2.13012    
1.03442    
-0.98708    
0.99346    
1.53731    
1.92180    
3.14834    
2.54824    
0.05193    
4.82588    
1.60254    
0.01323    
-2.24128    
6.45898    
-0.02015    
0.03390    
2.50624    
4.48850    
1.64503    
2.96047    
-2.95734    
0.03676    
0.88311    
2.55756    
1.66257    
-3.40149    
5.47037    
-0.99961    
0.14285    
-0.79132    
4.88545    
1.02481    
2.54521    
-0.38852    
6.83685    
2.54189    
0.01468    
0.14537    
1.40802    
1.03662    
-0.78539    
1.04638    
2.95104    
1.15162    
4.02493    
2.48326    
4.61873    
2.06770    
3.14803    
0.00619    
1.03766    
4.52216    
0.16719    
5.83702    
-0.42849    
2.90465    
4.03548    
2.05174    
2.00158    
-0.29881    
1.10460    
-0.87410    
1.52806    
3.02652    
1.02669    
3.15123    
2.45193    
3.62642    
2.97768    
0.92560    
2.99922    
0.08296    
2.98867    
5.79473    
-1.01182    
3.95462    
-1.84890    
2.49448    
2.87312    
2.57719    
2.84782    
2.58170    
1.01687    
3.80135    
2.02019    
7.96434    
0.01548    
0.88814    
4.95106    
0.70189    
2.07034    
3.06116    
0.98100    
5.40322    
1.56077    
1.55401    
-0.10426    
4.73347    
0.04459    
0.92430    
3.06305    
-1.31043    
5.30189    
-1.45342    
1.16136    
2.68149    
0.14821    
-0.49263    
0.61771    
-2.46397    
1.62115    
6.93164    
5.44399    
0.57934    
4.35608    
0.54828    
-0.06580    
2.50218    
-0.80790    
-1.87634    
3.79261    
3.51094    
2.03174    
1.48036    
0.21406    
-1.01302    
1.03188    
5.02178    
3.84965    
3.05010    
-3.34853    
4.78390    
0.56568    
-0.31567    
-1.00604    
1.19641    
3.98154    
0.80625    
2.31146    
4.45661    
4.91809    
2.05707    
-0.13365    
3.88913    
-1.39022    
3.52099    
4.81030    
-0.00992    
3.79574    
5.51141    
-0.98494    
2.39804    
2.58227    
-0.91292    
2.07167    
0.07647    
2.20495    
4.03535    
-0.40282    
-1.94478    
2.04204    
-0.97506    
1.04124    
-0.81626    
0.63057    
0.66661    
2.38366    
2.56531    
-0.51898    
2.50620    
2.47628    
-0.32003    
3.46862    
-0.37489    
0.72775    
2.55090    
3.50705    
2.51799    
-1.81600    
-1.38466    
0.01480    
2.04262    
1.94775    
1.75344    
2.05760    
-1.28864    
1.88223    
0.66635    
-3.81469    
-2.73794    
-0.52964    
-0.76174    
0.09066    
1.97282    
0.94325    
-0.00218    
-0.98592    
3.43416    
3.86624    
-1.66389    
3.18785    
0.62703    
1.99665    
-1.42038    
1.11675    
1.45574    
1.95596    
1.06601    
0.63080    
-0.95108    
-0.86186    
0.97303    
3.00433    
1.37439    
-3.46702    
-0.80408    
-1.86978    
-1.46952    
3.01147    
-1.38498    
0.08027    
1.49582    
0.07955    
-0.95200    
0.99149    
3.12933    
3.96699    
0.88754    
2.92913    
1.46872    
2.89029    
-0.48193    
-0.40151    
1.15820    
7.45000    
4.32672    
2.24950    
1.29664    
8.40226    
0.29017    
0.16914    
2.46931    
-3.29764    
2.52409    
4.86911    
2.51696    
-0.83190    
1.54588    
1.17488    
0.07273    
-0.01893    
0.96813    
-0.58070    
4.46291    
1.86283    
1.94836    
-1.08376    
2.05296    
2.98764    
3.50052    
1.24440    
0.10822    
1.19598    
2.11696    
2.73918    
0.09960    
0.07443    
0.92617    
1.92255    
2.06776    
0.06672    
-1.86766    
-0.89382    
1.13415    
0.07241    
0.07685    
4.00173    
0.16257    
1.67917    
0.50546    
0.99363    
-1.00300    
1.12788    
-1.83286    
1.17436    
1.19137    
1.53439    
0.01678    
0.19939    
2.09302    
0.12569    
-0.04405    
2.17931    
4.65187    
2.81865    
0.03598    
1.95652    
2.86637    
1.69458    
0.00777    
-0.36354    
1.28058    
-1.39854    
0.17468    
2.05604    
-0.85538    
-0.45517    
4.12909    
5.09202    
2.05396    
5.01123    
1.93878    
5.04010    
1.14042    
1.08656    
3.01317    
2.39568    
1.03816    
1.57940    
3.12904    
3.98845    
0.96027    
-0.99425    
4.89416    
2.08512    
0.95946    
2.42777    
1.48323    
-1.54328    
-0.89677    
-0.79319    
3.92126    
3.89004    
0.51883    
3.58700    
2.89297    
2.28459    
1.99387    
-0.81040    
4.63536    
1.04544    
4.05937    
0.58396    
1.08880    
-0.27995    
0.59163    
2.49724    
-1.33002    
-1.99484    
2.96091    
3.98620    
-0.78606    
0.97942    
-0.44666    
1.54499    
2.00316    
-0.84683    
-1.80697    
-0.39415    
3.94576    
-1.87877    
-0.00543    
0.95367    
-1.47541    
1.09281    
2.42489    
-0.42311    
3.06994    
4.90684    
-1.85180    
-0.92608    
1.48611    
0.12046    
-0.85042    
6.81396    
-1.37210    
-1.00581    
-0.83584    
-1.94241    
3.18186    
-0.95662    
4.99422    
-0.83913    
1.99442    
2.54877    
3.93606    
-0.44743    
-0.81596    
1.99199    
2.91613    
2.96372    
2.44022    
0.16381    
4.05363    
0.18465    
-1.84552    
-0.81785    
-1.92510    
0.25077    
2.92054    
2.96891    
-2.34321    
2.05210    
1.13141    
-0.75337    
1.13468    
0.04682    
4.51886    
3.90382    
1.42662    
0.65455    
2.12613    
-0.52038    
2.06677    
6.77068    
3.02744    
0.99938    
-1.27286    
4.01188    
0.99709    
3.89890    
-0.45637    
3.64378    
0.93477    
1.02334    
5.01413    
-1.80662    
2.94266    
0.90238    
2.96735    
1.35844    
0.08841    
3.42484    
1.01524    
1.88982    
1.19743    
2.06943    
-1.07302    
3.92661    
-0.39973    
1.63004    
6.77109    
1.89259    
2.12784    
0.04706    
0.12180    
3.84460    
-0.77046    
4.85275    
4.57080    
-1.85814    
2.87127    
2.44726    
6.46891    
1.50154    
-1.02536    
3.93948    
0.05485    
0.45935    
0.98049    
2.64403    
0.11252    
0.21505    
2.43280    
-0.83185    
3.46555    
2.69776    
1.10030    
0.04849    
-1.42854    
-1.86817    
2.95880    
1.49494    
4.97819    
0.96561    
2.43776    
2.94243    
1.35696    
4.85691    
0.94250    
1.69148    
1.14541    
5.87249    
1.05228    
1.92186    
3.82915    
1.60437    
1.00309    
3.73851    
4.85987    
2.50381    
0.48204    
2.00900    
2.21189    
2.04281    
1.52083    
-1.01939    
4.93269    
3.48814    
3.08810    
2.00910    
1.06398    
-1.45496    
-0.44399    
1.09858    
3.04427    
-2.89017    
-0.60020    
3.86242    
0.10134    
-0.27672    
-0.87517    
0.78758    
1.58571    
-1.95042    
3.41179    
-0.32322    
1.99652    
-0.90429    
2.92559    
-1.23179    
1.92534    
5.85794    
3.58813    
2.84626    
-0.97294    
2.89471    
3.02283    
3.08842    
0.05276    
1.08662    
1.68607    
0.63997    
0.20081    
1.00462    
6.09374    
-0.98383    
4.30571    
1.89750    
0.87911    
2.52008    
0.58595    
2.46141    
2.02381    
1.50091    
6.50897    
0.09111    
0.52407    
2.94054    
1.89579    
-1.77879    
-0.98252    
1.04985    
-1.89496    
5.43234    
-4.75372    
2.39060    
-1.87810    
0.73450    
4.45768    
2.99185    
3.03261    
0.09850    
-0.89762    
-1.32887    
-1.39686    
-1.34825    
-0.91176    
2.01732    
-1.52386    
3.79824    
2.35133    
0.14109    
4.63537    
0.01457    
3.45595    
1.07432    
4.12466    
4.46504    
6.81526    
4.99161    
4.17465    
1.12070    
-0.79841    
2.41547    
-0.83560    
3.81709    
0.12967    
1.95864    
2.65034    
-1.45781    
-1.19276    
-1.01593    
1.90571    
-0.83590    
3.93391    
0.96407    
-0.48663    
2.02744    
2.87327    
1.06376    
2.99985    
0.56001    
3.16099    
-0.60046    
0.37659    
1.13793    
-0.00387    
2.05121    
2.45843    
3.49568    
1.99731    
1.48597    
1.63855    
0.14164    
4.31759    
2.22651    
-1.14078    
3.06115    
-0.43969    
-0.89524    
2.12187    
2.54786    
1.19736    
1.05784    
0.94763    
2.05794    
0.35047    
3.97862    
0.07421    
-1.82084    
6.59797    
4.95592    
5.75876    
2.04143    
2.07412    
-0.32163    
-0.36936    
0.16907    
-0.93816    
-4.01754    
-0.37054    
-0.32764    
-1.25900    
1.07530    
4.79286    
-0.94095    
2.01575    
-0.97516    
0.41738    
3.99721    
3.91489    
0.32407    
2.10949    
2.93711    
5.45083    
0.15755    
-0.98210    
3.03454    
-1.95013    
2.18291    
-1.58203    
-0.40148    
3.00905    
1.90568    
0.10010    
0.08908    
1.05693    
2.12543    
2.03295    
-0.42921    
0.09479    
-1.42116    
3.99326    
7.55178    
1.51299    
1.13262    
-3.84699    
4.09080    
2.41989    
-1.11527    
2.64792    
1.08203    
4.79723    
1.86065    
6.27708    
-2.87174    
7.97150    
3.95647    
2.26320    
3.45714    
1.11288    
0.53312    
-1.90624    
3.08488    
2.91900    
-0.91732    
2.02221    
-0.82952    
2.00858    
-1.91426    
2.02117    
1.65266    
0.98312    
7.81885    
2.07193    
4.19967    
2.04513    
0.07482    
-3.95482    
3.01228    
3.32729    
1.96186    
3.54000    
2.89052    
3.44919    
-4.79952    
-0.20331    
1.01550    
2.05051    
-0.03023    
-0.34821    
0.58927    
1.04048    
-1.11639    
1.93366    
2.49742    
3.97853    
0.09624    
0.15616    
1.06887    
-0.87316    
2.12268    
3.05018    
0.08110    
0.13814    
2.66910    
2.99697    
-3.28356    
2.95019    
2.10160    
0.26209    
2.17295    
2.44873    
-1.45247    
-1.04815    
0.59857    
-0.80834    
0.94194    
1.05474    
3.06118    
2.07453    
0.12132    
0.14376    
4.85067    
-1.29571    
2.06742    
3.98369    
0.06089    
6.04531    
-0.53826    
2.41275    
-0.46899    
1.55083    
2.21511    
4.03883    
-1.94853    
2.87374    
5.00908    
1.06372    
0.05614    
-2.28388    
2.94147    
-5.09283    
0.96697    
-0.98533    
-0.86256    
1.65644    
1.13826    
2.42645    
-1.54138    
1.08551    
4.96656    
1.03519    
3.05457    
0.01782    
3.60983    
3.86904    
0.62665    
3.87821    
2.64974    
4.89510    
2.20006    
2.04652    
0.99721    
0.59044    
0.11858    
0.95644    
2.05851    
0.11284    
1.48101    
4.04027    
6.03951    
-1.87793    
-1.02077    
1.21627    
2.94150    
-1.12510    
-1.93453    
3.01317    
2.41396    
2.95519    
3.98218    
2.84870    
-3.03093    
1.07084    
1.63902    
-1.00521    
1.10995    
1.01781    
0.09821    
-2.88476    
3.00095    
2.98640    
-1.86334    
2.10009    
1.99011    
0.47312    
1.52947    
0.20550    
-1.11638    
4.09341    
4.97855    
4.91112    
1.61045    
-2.89937    
3.04482    
0.05185    
1.03334    
2.00871    
0.03050    
2.53049    
-0.00523    
1.92938    
3.54607    
-0.91235    
0.95619    
-0.03551    
0.08694    
-4.80565    
1.06716    
-0.41587    
0.97362    
-3.40036    
0.96269    
-2.80723    
3.46136    
0.42516    
1.90223    
2.65074    
1.08724    
1.47172    
2.31437    
2.06422    
0.12312    
-0.83982    
0.06833    
4.04455    
4.99490    
-0.97343    
5.03048    
3.92983    
1.51273    
3.94255    
-0.02272    
2.54955    
-0.83851    
0.59119    
1.93695    
4.09084    
0.06292    
-0.07003    
4.24289    
0.19814    
-0.89830    
0.99581    
5.04904    
3.96254    
3.24957    
2.98182    
2.63587    
-1.08152    
-1.78781    
1.96284    
5.83928    
5.54857    
-2.93606    
5.85284    
3.45141    
3.09128    
0.98348    
4.37912    
2.07294    
-0.32013    
0.68597    
-0.01011    
2.06604    
2.52936    
3.78938    
-3.79361    
-0.16519    
3.90939    
3.98267    
-1.88257    
4.89548    
4.04729    
0.71717    
-1.04650    
0.58994    
4.98307    
0.18100    
2.92612    
0.70521    
0.31747    
0.43744    
1.46454    
0.05630    
2.17000    
2.44978    
2.02815    
0.28087    
1.59979    
-2.78559    
0.48577    
-0.94412    
3.00762    
0.17457    
2.95412    
1.99747    
3.03266    
2.89552    
0.97629    
0.03473    
-0.88723    
1.91925    
0.64739    
2.99180    
-2.92090    
2.19527    
-1.40051    
2.83588    
0.18252    
-0.93695    
1.04611    
1.01893    
5.92325    
1.95434    
6.06800    
1.98421    
-0.38578    
0.20916    
0.13468    
1.12166    
-0.88153    
1.19898    
1.65842    
0.13033    
0.14702    
-0.81258    
2.14887    
-0.74520    
5.95666    
3.96705    
1.17250    
1.99144    
2.05192    
-0.85710    
3.00735    
4.04355    
-0.97736    
0.09196    
1.44559    
1.20631    
3.99436    
4.93190    
2.12302    
-1.95131    
-0.04570    
4.86801    
-1.29358    
-0.91547    
4.43152    
5.30738    
3.03831    
3.04738    
2.52893    
1.05844    
2.38475    
0.56486    
1.48352    
-1.02395    
3.86333    
-0.01128    
2.00238    
1.18314    
-0.35439    
0.60142    
-1.86075    
2.39480    
2.36916    
0.14814    
5.02627    
0.11099    
3.04885    
-1.97256    
1.03307    
-3.21041    
3.08305    
0.62962    
-2.53674    
2.15124    
0.09509    
2.06080    
-1.92748    
-0.91691    
-0.84029    
2.03068    
-0.43352    
2.14700    
-0.93419    
5.57231    
0.04398    
1.95944    
0.52976    
1.08828    
-0.91931    
2.05510    
-0.90836    
1.05128    
1.68250    
-0.74884    
0.66096    
5.30688    
1.07311    
1.99668    
-2.36333    
-0.75413    
4.54743    
4.42026    
-0.96156    
1.12874    
3.72365    
1.99603    
0.04384    
3.57094    
-1.83753    
3.02609    
-1.91669    
-0.54088    
5.02329    
3.38433    
-0.78251    
2.11458    
0.14968    
4.93021    
3.95104    
-3.75209    
2.43629    
1.59994    
1.90653    
-1.00039    
-0.02484    
-2.87321    
5.88812    
4.05727    
3.40403    
-2.82237    
-0.42797    
0.03192    
7.09188    
1.49854    
1.45181    
5.83317    
1.01369    
2.06451    
-1.91604    
-0.56644    
4.04738    
-0.10041    
-0.95396    
-0.52950    
-3.79217    
6.45434    
3.52372    
1.54718    
-0.91818    
2.54292    
-1.39572    
1.97004    
1.10532    
0.06326    
2.82133    
2.21392    
-0.94279    
-1.92541    
2.50070    
-1.47520    
-1.02914    
-2.89307    
0.04802    
0.98754    
2.01721    
2.00823    
1.47275    
-0.42306    
3.38182    
0.18799    
2.98171    
-0.99099    
3.32393    
3.85366    
-0.88688    
0.02542    
5.83627    
2.47450    
1.88832    
5.90782    
-2.17345    
2.83764    
4.54116    
1.02774    
-0.04951    
0.05246    
2.02488    
-0.49337    
5.05357    
0.22892    
1.50054    
1.85588    
0.10140    
-2.48589    
-1.42505    
3.50844    
2.00287    
-0.53743    
1.60660    
2.17433    
2.02124    
0.03925    
2.05785    
2.99101    
-0.00827    
-0.94382    
-0.52186    
-1.75514    
1.52860    
-0.49432    
2.47863    
-0.97809    
-0.84319    
0.96583    
-3.72024    
9.14497    
0.12003    
-1.68885    
-0.80616    
1.47942    
1.90938    
1.10978    
1.07278    
0.65613    
2.50403    
6.85286    
-2.70918    
1.86758    
1.63976    
-2.84648    
0.92243    
-2.79834    
-0.95572    
4.94004    
1.11662    
2.52714    
-3.38254    
3.68009    
2.10282    
4.06503    
0.54428    
3.76314    
1.13051    
3.94525    
0.76974    
-3.37022    
-0.46834    
3.06184    
-1.02153    
1.17133    
0.52149    
1.61074    
1.91039    
-1.78519    
-0.40820    
-0.87427    
0.97042    
-4.26160    
0.74174    
0.41974    
1.06320    
-1.30478    
5.07021    
-0.73507    
-2.15130    
1.41202    
0.98233    
0.04800    
-0.15186    
-2.32591    
2.13311    
3.00944    
9.50068    
5.81308    
4.43964    
2.12483    
2.91480    
-0.79557    
-0.46876    
0.08216    
-0.96370    
-0.75438    
0.05257    
0.99297    
2.05348    
-0.91497    
0.04583    
1.93726    
1.12019    
-1.78358    
0.09547    
-1.42318    
-0.11686    
5.94186    
0.78477    
0.19775    
1.87668    
1.13791    
-0.00221    
-2.88067    
-0.00480    
3.93789    
-1.02095    
0.08428    
0.14148    
1.46215    
1.07345    
0.96669    
-0.95531    
3.09846    
-3.67672    
4.46382    
1.85424    
4.92101    
2.33893    
1.07237    
1.94376    
6.49186    
-0.44316    
0.10448    
1.07958    
2.48979    
-0.05858    
-1.90286    
1.46766    
1.05706    
2.46733    
1.11448    
2.48306    
1.05039    
2.90684    
-2.04880    
-0.93715    
1.03009    
-0.40545    
2.05355    
0.99865    
2.10380    
0.19515    
0.14352    
2.33719    
-2.87598    
1.97523    
0.03271    
-0.91538    
-0.37472    
-2.07803    
2.13261    
0.55321    
-1.00871    
-1.37087    
1.04903    
3.07738    
0.14163    
1.15658    
0.20672    
0.14321    
-0.40723    
-3.91655    
-0.29727    
3.36804    
-0.30808    
3.01946    
3.95902    
6.81543    
-0.38266    
1.79857    
-0.86185    
0.04788    
5.01327    
0.65266    
0.47923    
0.00488    
-1.97915    
-2.93064    
3.85627    
3.06005    
1.03114    
5.87995    
4.01635    
2.95498    
2.94348    
3.21214    
3.72006    
-0.02494    
-2.07854    
-0.07683    
-0.35280    
0.57178    
1.76623    
3.93219    
-1.21806    
1.10246    
4.00206    
2.96954    
1.11405    
1.11496    
0.43849    
2.39073    
2.22521    
1.91326    
2.98794    
2.98036    
1.49398    
3.04326    
-1.91128    
-2.97475    
0.32745    
1.09629    
0.06007    
-0.80296    
0.19048    
1.25570    
2.03437    
4.93455    
4.04764    
-0.39339    
-0.89399    
0.20358    
2.14587    
0.88257    
1.14899    
-0.86948    
-2.88131    
3.50382    
-1.81230    
-0.45744    
3.58426    
2.74653    
1.00876    
0.56939    
2.34617    
0.30352    
5.34580    
4.03345    
0.03254    
4.95827    
-0.96547    
3.90474    
-0.42698    
3.02500    
2.02448    
3.03676    
0.00956    
-0.76743    
-0.48854    
-0.32642    
2.95053    
0.97525    
3.88809    
0.02705    
4.44607    
6.80158    
1.66008    
1.01194    
2.87025    
-0.97458    
-0.96235    
0.21809    
0.93348    
0.44637    
2.02701    
0.14056    
0.06386    
-0.48544    
1.01602    
2.58145    
4.02756    
2.96589    
-0.85151    
2.84387    
2.03357    
-1.85304    
-2.02757    
-0.92036    
-0.91164    
0.10222    
4.46580    
0.97409    
6.27235    
0.45360    
5.00445    
-5.82782    
0.16631    
-0.98135    
-1.80125    
0.22953    
-2.06740    
3.52743    
-1.87043    
2.08392    
2.74715    
-0.32913    
-1.41191    
-0.88400    
1.82839    
1.04724    
1.49030    
1.07743    
3.85687    
1.24774    
1.11903    
1.16900    
4.99887    
1.17741    
0.16933    
3.43503    
2.13290    
-0.01705    
1.03206    
-1.50117    
-2.41216    
2.10494    
2.46879    
-0.93709    
-1.35934    
-1.16175    
1.09417    
2.00956    
2.38266    
-1.76203    
-1.47814    
