3.47892    
4.94271    
2.78585    
2.28609    
1.77623    
3.72438    
4.18264    
4.41403    
1.83284    
3.22695    
3.69541    
2.52220    
2.29956    
3.50456    
3.99554    
4.20231    
2.52262    
5.12683    
3.96111    
4.70966    
4.16423    
3.29506    
2.55488    
3.97312    
3.73144    
3.96755    
2.77619    
3.51139    
2.26152    
3.97719    
3.46681    
3.25462    
3.48305    
3.71273    
1.83873    
1.77814    
3.94520    
3.26662    
1.10489    
0.89883    
1.33556    
3.05761    
3.01271    
3.26517    
4.16314    
2.57136    
2.35495    
3.47338    
2.74779    
2.58132    
3.94694    
3.00158    
3.26600    
3.27353    
2.58076    
4.00631    
3.26251    
3.43568    
3.93152    
2.98743    
2.81252    
2.28957    
2.78327    
2.03845    
4.93987    
3.48314    
2.29963    
3.48910    
4.17229    
4.66320    
3.43043    
2.76240    
3.49258    
3.98354    
3.76559    
3.47692    
3.69271    
1.77262    
2.78131    
4.93225    
3.47154    
3.92267    
4.92546    
4.93844    
3.96784    
3.02403    
3.24260    
2.52593    
2.57467    
2.06954    
4.19496    
2.77733    
3.30918    
4.24411    
3.91959    
4.95085    
3.48269    
3.76718    
3.47928    
1.58311    
2.54623    
2.29256    
3.72380    
4.44283    
3.07410    
2.74225    
2.31202    
2.72872    
3.50152    
2.28771    
3.48833    
3.92338    
4.20682    
4.19097    
3.22200    
3.24631    
4.42719    
3.06261    
2.56544    
3.98714    
3.48242    
2.01230    
3.95280    
3.21996    
2.54569    
3.02567    
2.72396    
3.50374    
3.94887    
2.04801    
3.72029    
3.94694    
4.02233    
0.82852    
2.75655    
2.46631    
3.99357    
2.27486    
2.26525    
2.25486    
4.90483    
3.71551    
3.24244    
3.45036    
2.99934    
2.97761    
3.48945    
2.53019    
3.98798    
4.21824    
3.70362    
3.96474    
3.93790    
3.21753    
2.58336    
2.53387    
2.73414    
1.10446    
3.47939    
3.53343    
2.53543    
4.01318    
4.93183    
4.45128    
2.82625    
3.76848    
3.94326    
3.49930    
2.27577    
4.92590    
3.28718    
2.76267    
4.21714    
0.63316    
3.63907    
2.98341    
2.77330    
3.46185    
3.23536    
4.68402    
3.47529    
3.24416    
3.49405    
2.04391    
3.49081    
1.11588    
3.00850    
3.74084    
3.00263    
2.55896    
2.32731    
3.24504    
3.49423    
2.22845    
3.52102    
2.96457    
2.77314    
3.74265    
3.20944    
2.07367    
2.73761    
3.26607    
3.70599    
2.55356    
2.99416    
4.17823    
3.52113    
3.27011    
4.43772    
2.99841    
3.01448    
4.94390    
3.08027    
2.51301    
3.76964    
3.49454    
3.71179    
5.36439    
3.22895    
2.07656    
4.45206    
3.47140    
3.01497    
1.81741    
3.02396    
4.19461    
3.47405    
2.31257    
2.56222    
2.50385    
3.01179    
2.55918    
3.21811    
3.26499    
1.51358    
3.50188    
3.50427    
3.30627    
2.72078    
2.26927    
3.49876    
3.01612    
3.73510    
3.97901    
3.73749    
3.48218    
4.48806    
3.71319    
3.04707    
2.75871    
3.26263    
3.24233    
3.00241    
4.70951    
4.23809    
2.75528    
3.21938    
3.45921    
3.70566    
0.84843    
3.04279    
3.99232    
3.48559    
4.19506    
2.05070    
1.78740    
3.26991    
3.46514    
2.99665    
3.70248    
1.81306    
2.27270    
3.48930    
2.06794    
2.53262    
1.60810    
3.50165    
2.54457    
4.89596    
3.97405    
3.77215    
3.74234    
3.26382    
2.76770    
3.72642    
2.28103    
3.01026    
3.92975    
4.18798    
2.52755    
3.23393    
1.99028    
3.47324    
2.79615    
2.36909    
1.58274    
3.71451    
2.99531    
2.32279    
4.69451    
2.06840    
3.72407    
3.75057    
4.22665    
3.69632    
2.98345    
4.22387    
4.44475    
3.49122    
2.72841    
3.78002    
3.04379    
3.24285    
2.05367    
3.42905    
3.50482    
3.23800    
2.30619    
3.27031    
4.71102    
3.24458    
2.49211    
4.22459    
1.54568    
4.20603    
2.76804    
3.90133    
1.78211    
5.43806    
2.28898    
4.21617    
4.48693    
3.67678    
3.72472    
1.80930    
4.44690    
2.52967    
4.93943    
2.80901    
3.49057    
3.75611    
3.26832    
2.51034    
3.49761    
3.02595    
3.75064    
2.30273    
3.73967    
4.46066    
3.96445    
3.26658    
4.72262    
3.24106    
2.99755    
2.54066    
4.48295    
3.49705    
2.03091    
3.22593    
2.78505    
3.49664    
3.78228    
3.02762    
3.47931    
4.71551    
1.14036    
3.23814    
3.96348    
4.90339    
3.04932    
4.24569    
3.03423    
3.28240    
3.50537    
3.49379    
2.76962    
3.76563    
2.54701    
3.04677    
3.22537    
3.75115    
2.80269    
2.26973    
2.74583    
4.24129    
2.72290    
4.43572    
3.76206    
4.20582    
3.49804    
4.48176    
4.69114    
3.71079    
2.50465    
3.49154    
2.79628    
2.48219    
3.21722    
3.49655    
1.58735    
1.58117    
3.48593    
3.26103    
2.08188    
2.54833    
2.54847    
3.05238    
3.24309    
2.98520    
1.81059    
4.71465    
3.26015    
4.22787    
1.60088    
3.77229    
4.25502    
3.47269    
2.07635    
2.06184    
3.95562    
4.46395    
2.79950    
3.75853    
4.50796    
2.62338    
4.23477    
3.02662    
3.24319    
2.99565    
2.03663    
2.75348    
2.79711    
2.06971    
3.91064    
2.80397    
2.76130    
3.50816    
2.03664    
2.54146    
2.30108    
3.72408    
3.20973    
2.55592    
3.92941    
3.93137    
3.22607    
2.01846    
3.72685    
3.73838    
4.42479    
2.77017    
3.49337    
3.73310    
2.73758    
3.46359    
2.98714    
2.76445    
3.73969    
4.42596    
3.54083    
3.95276    
2.72724    
2.54951    
5.16207    
2.47786    
1.99768    
3.95563    
4.43231    
3.47361    
3.49965    
3.21521    
4.66663    
2.55105    
2.58071    
3.23123    
3.51175    
3.02564    
3.46322    
4.24063    
4.67051    
3.24496    
2.79377    
3.73097    
2.95047    
3.03181    
3.77261    
2.27441    
2.73647    
2.29830    
4.91520    
3.04632    
2.99017    
3.95558    
4.67004    
2.36277    
3.48707    
4.18965    
2.11971    
2.80001    
2.96521    
2.35393    
3.03168    
2.99835    
2.99490    
3.68980    
2.52155    
2.54287    
4.18478    
3.70363    
3.01175    
3.52263    
3.25309    
3.49442    
4.15959    
3.94951    
3.50890    
2.55261    
2.00151    
2.56993    
3.44349    
3.46374    
2.32636    
2.52746    
3.05747    
1.86005    
3.72226    
3.26441    
1.08939    
3.50394    
3.72118    
3.53735    
3.79476    
1.78307    
2.55485    
3.00830    
1.79822    
2.53911    
3.27030    
3.45899    
3.76745    
3.05737    
1.75103    
5.66604    
3.51658    
4.23367    
2.28880    
2.52509    
4.50635    
3.45604    
3.22997    
3.44491    
4.47176    
2.98843    
2.74084    
3.50260    
3.27941    
3.25709    
3.27882    
3.01002    
3.69523    
2.29082    
2.99382    
3.50038    
2.56070    
1.86113    
4.24575    
2.79876    
3.46761    
3.94844    
3.07029    
2.77890    
3.51440    
3.51519    
4.23077    
3.01440    
3.03078    
3.52262    
3.72729    
3.47055    
2.80525    
1.32386    
2.76603    
1.52621    
3.97913    
2.32474    
4.92150    
3.25704    
2.04345    
4.19859    
3.49472    
4.00499    
3.76199    
3.22915    
3.72686    
2.57540    
4.97895    
3.04919    
3.05223    
2.97946    
3.50358    
2.51473    
4.69279    
2.96857    
3.32622    
3.92645    
2.76642    
4.92000    
3.98079    
2.74294    
3.00736    
4.38655    
3.27687    
2.98811    
2.60245    
1.82435    
4.45965    
2.55118    
3.70312    
2.99677    
2.55069    
2.56022    
3.23053    
3.75414    
3.77211    
2.05279    
3.51646    
3.69730    
2.75204    
4.16113    
3.21452    
3.51296    
2.30218    
3.48224    
3.25427    
2.82699    
3.49447    
4.20914    
3.75037    
4.67765    
3.51178    
3.50602    
2.78702    
2.75145    
1.82043    
2.53886    
2.94608    
2.83361    
2.75605    
5.15280    
3.05423    
3.03372    
2.10613    
3.47194    
2.08039    
2.52191    
4.50984    
3.04168    
2.49362    
3.02574    
3.53789    
3.46360    
2.08800    
4.48538    
4.45867    
2.54554    
2.77571    
3.71992    
2.28659    
4.48009    
2.53171    
5.66297    
3.00480    
3.03630    
3.73857    
3.19764    
4.45123    
2.77136    
3.00140    
2.26646    
2.54422    
3.48520    
3.73230    
2.75704    
3.77535    
3.95555    
3.72660    
2.77228    
2.03625    
3.00995    
2.79242    
3.75361    
3.98046    
4.45602    
2.75209    
1.79639    
2.79828    
2.76258    
4.44552    
3.05407    
3.30779    
3.25149    
4.42615    
2.74955    
4.69274    
2.28988    
3.23489    
3.49482    
2.27305    
3.46959    
3.95282    
2.51269    
3.28879    
3.26169    
1.77655    
2.78150    
2.49475    
3.45405    
3.48356    
3.24972    
4.45752    
2.51546    
3.00857    
3.93727    
2.53214    
2.97391    
4.23583    
3.99189    
3.00218    
2.30050    
2.75297    
3.52382    
2.50769    
3.71550    
2.99065    
3.00466    
2.95701    
3.00461    
4.67937    
2.07064    
2.05125    
3.47612    
3.27063    
4.20400    
2.79176    
4.48113    
2.24557    
2.98676    
1.13062    
4.40115    
3.04328    
3.95484    
2.81361    
2.50009    
2.51715    
3.77179    
4.23654    
3.75108    
3.03310    
3.26203    
4.63734    
3.73781    
3.04433    
1.81647    
4.22911    
2.27029    
2.05830    
3.54960    
4.22586    
4.19042    
2.34070    
1.60121    
3.73419    
3.71427    
3.05340    
4.89399    
2.76160    
3.47339    
4.22419    
2.98018    
3.26471    
3.50516    
3.30852    
1.60576    
3.71105    
3.21387    
4.71891    
3.19246    
3.23731    
4.69807    
3.28888    
3.25696    
3.69200    
2.31122    
3.00498    
2.03790    
3.25115    
1.33302    
1.31928    
3.48045    
2.30396    
2.70323    
2.97695    
3.47093    
4.68226    
4.44070    
2.52604    
2.95315    
4.69365    
3.75151    
4.41191    
2.56434    
4.22069    
4.22964    
3.95486    
4.26995    
2.28604    
2.81825    
3.27216    
2.99863    
2.50947    
2.99271    
2.32033    
3.29042    
3.21423    
1.85311    
3.50915    
2.75416    
2.53788    
0.87059    
4.39593    
3.01955    
2.73120    
3.30575    
3.26376    
2.71057    
2.52860    
3.75349    
2.74349    
4.92031    
2.76506    
2.33123    
3.52253    
2.73892    
4.46573    
4.65719    
2.73534    
5.19107    
3.98172    
4.43706    
3.45755    
3.95339    
3.97116    
4.19416    
3.74410    
2.52907    
3.20241    
3.99318    
3.05088    
2.80117    
3.50672    
2.80100    
4.44076    
2.79656    
3.45079    
2.97643    
3.77695    
2.31554    
4.20359    
4.44134    
2.75631    
4.23242    
3.54552    
3.96318    
3.23918    
4.96296    
3.03271    
2.68922    
3.27870    
3.73104    
2.47476    
0.58852    
2.58656    
4.44892    
3.72000    
3.25098    
3.26225    
4.18512    
2.76364    
3.23497    
2.74772    
3.69582    
3.49574    
4.65988    
3.24269    
2.37462    
4.70314    
2.27876    
3.25370    
2.53992    
3.25835    
3.74159    
3.31278    
4.68630    
3.74466    
3.95055    
4.21165    
3.01326    
4.68252    
3.29169    
2.09358    
3.51189    
3.71394    
3.46564    
0.85285    
1.11331    
3.94140    
3.71024    
3.97307    
3.90833    
3.28964    
4.19957    
2.78496    
3.69606    
3.18705    
2.56705    
3.92318    
3.48134    
4.72606    
3.49508    
3.47730    
2.99660    
2.29711    
3.76280    
3.00252    
3.72022    
2.50389    
4.16498    
3.73029    
4.70150    
2.54821    
2.53477    
3.74206    
3.22863    
3.48864    
2.78386    
3.25801    
4.03360    
3.21911    
3.23629    
4.43569    
2.80823    
2.74356    
3.96426    
2.30782    
3.01131    
4.21470    
3.71559    
2.79324    
3.01471    
2.53263    
3.94914    
1.84802    
4.42877    
3.04299    
2.76410    
2.49353    
3.46331    
3.48693    
3.21108    
4.21953    
3.04290    
5.15345    
2.51150    
3.75061    
2.03699    
2.55644    
2.30569    
2.28703    
2.80432    
4.24723    
3.98821    
2.01121    
2.25076    
2.07932    
1.53411    
3.67124    
2.28287    
3.50521    
2.98251    
3.24748    
3.28350    
3.70312    
2.81932    
2.28553    
4.38657    
2.80096    
3.75103    
3.27563    
1.60313    
3.05679    
3.42008    
4.47706    
2.97493    
1.84840    
3.49491    
2.77500    
4.43499    
3.71047    
3.70391    
5.11336    
2.26830    
3.69007    
3.75015    
2.28887    
2.03576    
4.01069    
3.28250    
2.05236    
2.76061    
3.02154    
2.30349    
3.53814    
3.04510    
3.01884    
4.19100    
2.28542    
2.07966    
3.51716    
2.80918    
3.46664    
2.99126    
3.70108    
3.48442    
3.01164    
1.60278    
2.99609    
5.10102    
3.94926    
4.19453    
4.46676    
2.27491    
2.51156    
3.22477    
1.82903    
3.54743    
2.02645    
2.79617    
3.73545    
4.19519    
2.04914    
3.52172    
3.73436    
2.06401    
3.74239    
2.33154    
3.23780    
2.31918    
4.92866    
2.32595    
1.79288    
3.93297    
2.60452    
3.47143    
3.42945    
3.25022    
2.26900    
2.05517    
3.26650    
3.26490    
2.54545    
4.69305    
2.79201    
3.47325    
2.00913    
4.00334    
3.05679    
3.76360    
3.04093    
3.70000    
2.76986    
3.53704    
2.75678    
3.50985    
2.75916    
3.23643    
2.29645    
1.58491    
3.47898    
1.53570    
3.97032    
3.08238    
2.04682    
2.11714    
2.73077    
3.99190    
1.61168    
2.30020    
4.25668    
2.78885    
3.98971    
3.30714    
3.04671    
2.28696    
1.56801    
2.27389    
4.93551    
2.57142    
3.22917    
2.04423    
3.70082    
2.52586    
2.77731    
2.32383    
3.47865    
3.01211    
3.02278    
4.19071    
2.95598    
2.29649    
3.69502    
3.90908    
4.25131    
2.81968    
2.54786    
3.98833    
2.75959    
3.93044    
2.55404    
4.68961    
4.94458    
4.22294    
3.49879    
4.92337    
5.14391    
2.99002    
3.51918    
3.26231    
4.69936    
2.33683    
3.94256    
4.18617    
2.56852    
3.72760    
3.49724    
2.97051    
4.49763    
3.51245    
2.77435    
3.02356    
2.04874    
3.75845    
3.20620    
3.52155    
3.26352    
2.75496    
3.54033    
2.52756    
2.28903    
2.31977    
2.97058    
3.49079    
4.17288    
2.50018    
4.23207    
2.32950    
2.78102    
3.44463    
5.91047    
3.24073    
3.95304    
4.02511    
3.95121    
1.82338    
3.00900    
3.50044    
4.89844    
3.98791    
2.28745    
3.50903    
2.53817    
2.77926    
2.99435    
2.28598    
4.49921    
1.80183    
3.76926    
1.87704    
3.46587    
3.01962    
3.46066    
2.81062    
2.56574    
5.17137    
3.46963    
4.17886    
2.77885    
3.26516    
2.72188    
3.26449    
2.74565    
3.75253    
4.19769    
5.21282    
2.28302    
4.94474    
2.51334    
2.11215    
3.96581    
1.85452    
2.08394    
3.77673    
4.44707    
4.93538    
3.50432    
3.94276    
3.74575    
2.77428    
4.21484    
3.45514    
4.70704    
4.23667    
2.79331    
3.96645    
3.24746    
1.85674    
3.50881    
2.28535    
3.78359    
2.01059    
3.00603    
4.01061    
3.28700    
2.73853    
2.28484    
4.47737    
3.05491    
2.28138    
3.04177    
3.24626    
2.77783    
2.56988    
3.23557    
2.49109    
3.30923    
2.31300    
4.00890    
1.80550    
2.98410    
3.72932    
3.46727    
5.12853    
3.48614    
3.98827    
2.31189    
2.25479    
1.89085    
3.73355    
2.06788    
3.46607    
4.20250    
2.02614    
3.50751    
3.71986    
2.77219    
3.67231    
4.69331    
2.26365    
2.95833    
4.72659    
3.20774    
3.49842    
2.75083    
3.03819    
3.25429    
2.83261    
3.46854    
4.67002    
2.76762    
4.21973    
3.72230    
2.84203    
3.47685    
1.82624    
3.23764    
2.69839    
3.01564    
2.01045    
4.91770    
3.51097    
4.20392    
2.04422    
1.99763    
2.27522    
3.53563    
3.24652    
4.19408    
3.02823    
2.03207    
2.31801    
4.18330    
1.80268    
4.18311    
2.05286    
3.27165    
2.23602    
3.01875    
2.04219    
3.98968    
3.97575    
3.00861    
2.79957    
2.55370    
4.24476    
4.20301    
3.02996    
2.28553    
2.51996    
3.50186    
5.41882    
1.82248    
4.66675    
2.73049    
3.29578    
3.68602    
3.43801    
3.20417    
2.52973    
2.98783    
3.74414    
2.53084    
2.77729    
2.99952    
3.50073    
3.01751    
4.48975    
1.85322    
4.23996    
2.98174    
4.51191    
2.78202    
2.75579    
3.52579    
2.25862    
3.01938    
3.00105    
4.18631    
3.22380    
3.97023    
3.76425    
3.49380    
4.92516    
1.58905    
3.51391    
3.02550    
2.76961    
2.78099    
2.99465    
2.71803    
1.54331    
4.01289    
2.28674    
3.48966    
2.53475    
3.21361    
2.50689    
2.99812    
3.94884    
2.52278    
4.19780    
3.20347    
3.45333    
2.51781    
3.27767    
2.78382    
3.27182    
2.77567    
2.55108    
0.60070    
3.04323    
2.49079    
3.00539    
2.32471    
2.74805    
3.03642    
4.44215    
3.26414    
3.02780    
2.54650    
3.73114    
1.58284    
3.97831    
3.45574    
3.49108    
2.55280    
2.78890    
3.78600    
3.73111    
4.18505    
2.96373    
2.56734    
4.64886    
3.46564    
2.81285    
2.79027    
2.52869    
3.27197    
3.24825    
3.03209    
3.44827    
4.16629    
3.96793    
4.21259    
2.71472    
2.76042    
3.48902    
2.97945    
3.72597    
4.66310    
3.77991    
2.75728    
4.21041    
4.44657    
2.80877    
2.50947    
3.95063    
3.25520    
3.52453    
3.00717    
3.99158    
3.76895    
2.29018    
3.20761    
2.06311    
3.25905    
3.48441    
2.78606    
3.41509    
2.59294    
3.72975    
2.26147    
3.04161    
2.75248    
2.78590    
2.96991    
3.70421    
2.53774    
2.25641    
3.49882    
3.69386    
4.21735    
3.23342    
2.80858    
4.19678    
2.32871    
3.26540    
3.50933    
3.01176    
2.47939    
3.06039    
2.56987    
3.93703    
4.00818    
2.28782    
2.80364    
2.52611    
3.00350    
3.20630    
2.30085    
3.73586    
4.68060    
3.67909    
2.07141    
2.77363    
2.32597    
2.55345    
2.74655    
4.65370    
3.28708    
2.53095    
3.02840    
2.81458    
3.71414    
3.26411    
3.21828    
3.25164    
3.69258    
2.74007    
1.82535    
3.69327    
3.28187    
3.20848    
3.28163    
3.65459    
2.52450    
5.67009    
3.48605    
3.05755    
3.24190    
4.40166    
3.24540    
3.97616    
4.21709    
3.73560    
3.49010    
3.26697    
3.98675    
3.22980    
3.05074    
2.02550    
3.02810    
3.99215    
3.98027    
4.43501    
3.93332    
2.26066    
2.77133    
3.74903    
3.53809    
2.08853    
2.79236    
3.03995    
4.02326    
3.02348    
3.77075    
3.95082    
2.76658    
2.33673    
2.07927    
2.54053    
3.02569    
5.18957    
3.95150    
3.76372    
4.19052    
2.55014    
4.21933    
3.24809    
3.02579    
2.54030    
2.26725    
3.04691    
4.42440    
3.27575    
3.74686    
2.58074    
1.60782    
2.79922    
4.19454    
1.60211    
3.99751    
2.75706    
3.51739    
3.98812    
3.51064    
2.32863    
4.92240    
5.38904    
3.47141    
4.46579    
4.46828    
3.74913    
4.00042    
2.53464    
3.26156    
3.05103    
2.54816    
3.01805    
3.19570    
2.97647    
3.28636    
4.67079    
2.56269    
3.96123    
3.25695    
3.25278    
3.75968    
2.99212    
2.53100    
3.25609    
3.03509    
5.64769    
2.30280    
2.51447    
3.49270    
1.82706    
3.22676    
2.98861    
1.56713    
3.97906    
3.45207    
4.44133    
3.95139    
2.79003    
4.45164    
2.29653    
5.40168    
2.36530    
2.34520    
3.02183    
3.73825    
3.22427    
3.00906    
2.76833    
2.06190    
3.48767    
3.52851    
3.96695    
3.46953    
2.08246    
1.84979    
3.03519    
3.52959    
2.03518    
2.73814    
1.59819    
3.24176    
3.97145    
3.76752    
3.00183    
4.69405    
1.56874    
3.00608    
4.82096    
3.53206    
2.97478    
4.22622    
2.73734    
3.45840    
3.72266    
3.24215    
4.68272    
1.81743    
3.47906    
2.04833    
3.73133    
3.49804    
3.48938    
2.97909    
2.51962    
3.01851    
3.47342    
2.76511    
5.65935    
2.78754    
2.00537    
3.43429    
3.05063    
1.34576    
3.93282    
3.47419    
2.27161    
2.55429    
3.76649    
2.49673    
3.93686    
3.27632    
2.76768    
5.34769    
0.16618    
2.77089    
3.00676    
2.53854    
2.77179    
3.99321    
2.80918    
3.06322    
2.57620    
3.44227    
3.47651    
4.18637    
2.95686    
3.50377    
2.76392    
3.04365    
2.05797    
3.73366    
3.94415    
3.74311    
3.98373    
3.45158    
3.98147    
3.28001    
2.47988    
3.02313    
3.92649    
4.23582    
2.77664    
4.65733    
2.80446    
3.75385    
3.29085    
4.20879    
2.60440    
2.57022    
3.69932    
3.24078    
3.73647    
3.48079    
2.97397    
3.47644    
3.95901    
3.69860    
2.78814    
1.60812    
1.77143    
3.69396    
4.20342    
2.79231    
2.03936    
3.23556    
4.26191    
2.72845    
1.11693    
3.48075    
3.01518    
1.33263    
1.33300    
3.42215    
3.96530    
2.50303    
3.30791    
3.22144    
3.00249    
3.52201    
3.46203    
2.31410    
3.99400    
3.43728    
4.71587    
2.77736    
3.23892    
3.90484    
3.73794    
3.01287    
3.73926    
3.94368    
2.83237    
2.78811    
2.56592    
3.24412    
3.70607    
3.02879    
4.21962    
2.97561    
3.50736    
3.50383    
2.29428    
4.48387    
3.27861    
4.44734    
4.39507    
2.51351    
3.73927    
3.22996    
3.78068    
3.24849    
3.50139    
3.96785    
2.26010    
2.03499    
4.46411    
2.77187    
3.00278    
2.82177    
2.76058    
3.49798    
2.79919    
3.22204    
3.26638    
2.53800    
4.15529    
2.04106    
2.74443    
4.22805    
5.85733    
1.65332    
2.28376    
3.69596    
4.46656    
2.03587    
3.96900    
4.40655    
1.79040    
2.27687    
3.22450    
3.01066    
2.33814    
4.42904    
3.69979    
3.95532    
3.94654    
3.48173    
3.02505    
2.51642    
3.99316    
3.49422    
2.82446    
2.97703    
4.22283    
3.53618    
3.47598    
1.60061    
2.52420    
4.96728    
3.71891    
1.76303    
3.74130    
3.03780    
5.13835    
3.51966    
2.30763    
2.29439    
2.78114    
4.68694    
3.71201    
3.47734    
3.98125    
4.28546    
4.69932    
3.97521    
3.02183    
3.51422    
3.48478    
2.99066    
1.89679    
2.54643    
2.53928    
3.25878    
2.72804    
4.21442    
2.75465    
2.96951    
4.72746    
3.72389    
3.52189    
3.76250    
3.51801    
2.99987    
3.23068    
2.56673    
3.97302    
4.14476    
2.51752    
3.50281    
2.54161    
3.00916    
3.03310    
3.76618    
3.74728    
2.78132    
3.21823    
2.52170    
2.26812    
2.97260    
3.99077    
3.48353    
3.77431    
3.44467    
4.00523    
3.26038    
4.20304    
2.54343    
2.29158    
3.04991    
4.50415    
2.77840    
4.48436    
3.72540    
4.42885    
3.97779    
4.42593    
3.03605    
2.55476    
3.50357    
2.54901    
2.58439    
2.25993    
2.78460    
1.58969    
3.76242    
2.75668    
3.46674    
2.97230    
1.85891    
2.94791    
3.99308    
1.79418    
3.26323    
3.17954    
3.01604    
3.95880    
4.00655    
4.16501    
3.74446    
4.42395    
3.26658    
2.07037    
2.81263    
2.79052    
5.14927    
2.07413    
3.00029    
3.47884    
2.50335    
1.85945    
3.95872    
4.43849    
4.69984    
2.76354    
3.02125    
3.41246    
3.50343    
2.77007    
2.29606    
3.23103    
2.79039    
3.76028    
2.98749    
3.99220    
2.74267    
3.19270    
3.47771    
2.77338    
2.26707    
4.71766    
2.72858    
3.00366    
3.27941    
2.55340    
3.97411    
4.00778    
3.26238    
1.79644    
4.93677    
3.03380    
2.51164    
1.79040    
1.62599    
2.74107    
6.12033    
3.26023    
2.82224    
3.01419    
4.18884    
2.81727    
3.54523    
4.20778    
3.94745    
3.25291    
3.06091    
3.23554    
4.19914    
2.77264    
3.97420    
2.51673    
3.22043    
2.24708    
3.22046    
4.39883    
3.50754    
4.20176    
2.56987    
3.92949    
3.25973    
3.27673    
3.97058    
4.71041    
2.99722    
3.23252    
4.38641    
2.31426    
3.71275    
4.25615    
4.00755    
3.29204    
3.73126    
4.48960    
3.26587    
2.77648    
2.72638    
2.98154    
4.17614    
1.34986    
3.21581    
2.31170    
2.54391    
2.97775    
3.23820    
2.77097    
2.08574    
3.70514    
3.78750    
4.94571    
3.23268    
3.22007    
2.57255    
3.71804    
3.75477    
4.93408    
3.98347    
2.29619    
3.48988    
2.05377    
4.19215    
4.64978    
2.25981    
2.27236    
2.80689    
2.49463    
3.27298    
2.28811    
1.56914    
2.45468    
2.76420    
3.80135    
3.48560    
2.06848    
3.30064    
2.33334    
3.97086    
4.23003    
4.98733    
2.48284    
2.06843    
2.51690    
3.92416    
2.30642    
2.48151    
2.33490    
3.53332    
1.42585    
3.48997    
4.68801    
2.78674    
2.31456    
1.84938    
2.04216    
3.02752    
2.74622    
4.47024    
3.95552    
4.45103    
1.58059    
4.67228    
3.73331    
3.95330    
2.75864    
2.55286    
3.20890    
3.89087    
2.76679    
2.26735    
2.07767    
1.83602    
5.18673    
1.80248    
4.21356    
2.99944    
3.00367    
2.77358    
4.24141    
1.57021    
2.09599    
2.53131    
3.20611    
4.46929    
3.46923    
4.92476    
2.49647    
5.38356    
3.49923    
2.80896    
3.50858    
3.71331    
2.31523    
3.97532    
2.75926    
4.18056    
3.48014    
3.26015    
2.03566    
1.82752    
1.80586    
3.22146    
2.55995    
4.47864    
1.37197    
3.48371    
3.71294    
4.20519    
3.02351    
2.74532    
3.49545    
2.74365    
2.78365    
3.23874    
3.70558    
2.54859    
2.27748    
3.96313    
3.45872    
2.81363    
3.75767    
2.98644    
3.05423    
3.25000    
4.45072    
2.04009    
2.26778    
2.35537    
2.95660    
2.98052    
4.66743    
3.27133    
3.25395    
2.76174    
2.74116    
2.58621    
3.45843    
3.98435    
3.00142    
3.26144    
3.23869    
3.02872    
3.25799    
2.98105    
3.45067    
3.26028    
2.56353    
4.67390    
4.90765    
3.02354    
5.15910    
3.75082    
2.30116    
1.54913    
3.96683    
2.74555    
2.99385    
3.25572    
1.78390    
3.25531    
3.07161    
3.51220    
4.21014    
3.47542    
1.80618    
2.73281    
3.26672    
2.80909    
1.84797    
4.46501    
4.21692    
3.05778    
3.72028    
2.79694    
4.46939    
2.29820    
4.19848    
3.26245    
4.22806    
3.94094    
2.99338    
3.50153    
3.05188    
1.59597    
3.20988    
2.83312    
3.30045    
3.46895    
2.79393    
3.01912    
3.46380    
4.46402    
3.94637    
4.91701    
4.45867    
3.28082    
2.31193    
1.06481    
3.95873    
2.57427    
2.99030    
2.72857    
2.31153    
3.01999    
3.72806    
3.51839    
4.49075    
1.33281    
4.92468    
4.19486    
3.94554    
2.77378    
2.53248    
3.24950    
2.59423    
3.26770    
3.00769    
3.28715    
3.94445    
2.74019    
3.47720    
3.05615    
4.02960    
2.77314    
2.97008    
2.78115    
3.26705    
3.47817    
3.22579    
2.98415    
3.46263    
5.37413    
2.33312    
3.02561    
3.01838    
3.49531    
3.21488    
3.45068    
5.12591    
2.76247    
4.02646    
2.98427    
4.19909    
1.61827    
3.44701    
3.21310    
4.24500    
3.45130    
3.47800    
2.79712    
4.00843    
3.24886    
3.26985    
3.74165    
5.18541    
4.68327    
3.25729    
2.69502    
3.23932    
3.95042    
3.75882    
2.55376    
4.66054    
3.48923    
4.66283    
3.24055    
3.72304    
4.20449    
4.44204    
2.26436    
2.74553    
3.94495    
2.54244    
3.96216    
5.87140    
4.68336    
3.00001    
3.25490    
4.39798    
2.30097    
3.97654    
2.32714    
3.03742    
2.32188    
3.76995    
3.48952    
3.22675    
3.42672    
4.41912    
3.72558    
2.49975    
1.55493    
3.22474    
2.31076    
4.46407    
4.19926    
3.01557    
4.41998    
3.02545    
2.99710    
2.32460    
2.35319    
3.27020    
2.76937    
3.50051    
4.69640    
3.28878    
2.07182    
3.49898    
2.55082    
3.23135    
5.15780    
3.70514    
2.27492    
3.49173    
3.47370    
3.52979    
2.50098    
4.22107    
4.96774    
4.93057    
2.78338    
2.00704    
2.28612    
2.54009    
3.24275    
4.18791    
5.42149    
3.95836    
4.42910    
3.53602    
3.22474    
3.28277    
2.98662    
2.24994    
2.98657    
3.00895    
3.44938    
2.97950    
2.79721    
2.54324    
3.00411    
3.71292    
3.94198    
2.58899    
2.51591    
3.00722    
2.29365    
3.22826    
3.07617    
3.02836    
3.98746    
3.73615    
3.68807    
3.51484    
3.71061    
3.25388    
2.30238    
4.69546    
3.76351    
3.70268    
3.51797    
2.32303    
5.22921    
3.53930    
2.76123    
2.06948    
2.50569    
0.81775    
3.01366    
3.69714    
4.22092    
2.54893    
3.93320    
4.21596    
4.42001    
2.96335    
4.01652    
3.51066    
3.05031    
3.75343    
2.03831    
2.28934    
4.48620    
2.29823    
3.75111    
3.94126    
3.98091    
1.78413    
3.22103    
2.82026    
4.20954    
1.57604    
2.32152    
2.98170    
2.99698    
3.96715    
4.69318    
3.46438    
4.18255    
2.97225    
3.27192    
1.57725    
4.43158    
4.70990    
3.02595    
1.79738    
4.95729    
2.06358    
3.49950    
2.00628    
1.55530    
1.79167    
3.44987    
4.16513    
3.46273    
3.50904    
3.70892    
2.55160    
2.08821    
2.34196    
4.20529    
4.22823    
2.78924    
3.47726    
2.26429    
2.28879    
2.06192    
2.28343    
2.07501    
3.75144    
3.49406    
2.78183    
4.22558    
3.72829    
3.27124    
2.99588    
3.98483    
2.27229    
1.78189    
3.69683    
4.73524    
2.04133    
3.51600    
2.56970    
3.96889    
2.76016    
3.23287    
2.76132    
2.97741    
1.55955    
3.48646    
1.57622    
2.79383    
3.02031    
2.31242    
2.74781    
3.54848    
4.96734    
2.77353    
3.27051    
2.33197    
3.97255    
1.87031    
2.29929    
3.49901    
4.25164    
2.77957    
3.25459    
4.22395    
2.04118    
2.29868    
3.68608    
4.71199    
2.58944    
2.28803    
3.01644    
1.04015    
2.30201    
3.48238    
2.52942    
3.47468    
4.90770    
2.58907    
3.45352    
4.23726    
3.73693    
2.96337    
3.27345    
3.17110    
4.18021    
3.04997    
4.19001    
2.53205    
3.50079    
3.50572    
3.99392    
3.26665    
2.28709    
2.80722    
2.75246    
3.70763    
2.31763    
3.25493    
2.06961    
3.04587    
3.03795    
3.26836    
4.16657    
3.24581    
4.93856    
1.34577    
3.23409    
3.47436    
2.48757    
2.74863    
2.75256    
2.99334    
3.53380    
2.28746    
1.57739    
2.77175    
0.83377    
3.50724    
3.00808    
3.26607    
3.02354    
2.99876    
4.69563    
2.54976    
3.48488    
3.92644    
1.81934    
3.49375    
3.26080    
3.26454    
3.26302    
3.01602    
2.34124    
3.41191    
1.79585    
3.49621    
4.00014    
2.99655    
4.00503    
3.93858    
3.72978    
2.81168    
3.00499    
2.97798    
4.49768    
3.93221    
3.73126    
3.49376    
3.70404    
3.48976    
3.29104    
3.96035    
3.05246    
3.48760    
3.72220    
3.51134    
3.77525    
2.50833    
3.02751    
4.46747    
2.34024    
4.68330    
3.48695    
2.76852    
4.20695    
4.17063    
4.38495    
2.80135    
2.99960    
3.28328    
3.06854    
4.16702    
4.92502    
3.01262    
2.79126    
3.26847    
3.00343    
2.53311    
3.25206    
2.94541    
2.28891    
2.22677    
2.75847    
3.00706    
3.03617    
4.68003    
4.00154    
3.52653    
3.55828    
2.78162    
3.72037    
3.72064    
3.28572    
3.48890    
2.76808    
3.47148    
2.91859    
3.25207    
3.94497    
5.41759    
2.99720    
2.77009    
3.52277    
4.20813    
2.99151    
1.58008    
2.77853    
2.48388    
3.26811    
3.93287    
3.27017    
4.25918    
4.22587    
1.54638    
4.44320    
3.04657    
3.18281    
4.21348    
4.70924    
3.22407    
4.20196    
3.23073    
3.52921    
3.46230    
3.47035    
4.47367    
2.30567    
3.23858    
4.21282    
3.55909    
2.04794    
3.95277    
2.26837    
3.27871    
3.96608    
2.28559    
3.01959    
3.55151    
2.30694    
3.21389    
2.50094    
2.54641    
2.77598    
1.80256    
1.56526    
3.94360    
2.28824    
3.04865    
4.00488    
4.20275    
1.55173    
4.50070    
2.32139    
3.49904    
2.76357    
4.18030    
2.77814    
3.99182    
3.25646    
2.77680    
1.82725    
3.68921    
2.31496    
2.75748    
3.47821    
4.91238    
1.78418    
3.47589    
3.50712    
1.78617    
2.82284    
2.54457    
4.19841    
4.45625    
4.22749    
3.72306    
2.99559    
3.06783    
3.23457    
4.43641    
3.47555    
2.74396    
3.68513    
3.44208    
4.44726    
3.97140    
2.77975    
3.00467    
2.99783    
3.75089    
4.21343    
3.25956    
2.79094    
3.73562    
4.22052    
4.42355    
4.22401    
2.97924    
3.27359    
3.49110    
3.01594    
3.19998    
2.55502    
4.65742    
2.49835    
4.19681    
3.73924    
2.52537    
3.72974    
4.16106    
3.28642    
2.77173    
3.27039    
2.09695    
2.97496    
2.49290    
3.02706    
2.76078    
2.99657    
4.97031    
4.69487    
3.99600    
3.66761    
2.75184    
4.93990    
4.22029    
2.55834    
4.68454    
3.23059    
3.98305    
3.71818    
2.77818    
2.30522    
2.78961    
2.78575    
3.03175    
1.79813    
3.74303    
2.76809    
2.99243    
4.44978    
4.20816    
2.76304    
3.55940    
2.56276    
3.71166    
4.18168    
3.00264    
3.23328    
2.77461    
2.33444    
2.79235    
3.72315    
3.95352    
2.07693    
3.51541    
1.81805    
4.41632    
3.98985    
4.16363    
3.95361    
3.68715    
3.98232    
4.22060    
3.92293    
4.19581    
1.57598    
2.98535    
2.99912    
2.76528    
3.01422    
3.53321    
4.21971    
4.45612    
3.20501    
4.22212    
1.33372    
4.69169    
4.41989    
2.75577    
2.50258    
3.22656    
3.76659    
3.23943    
3.01804    
3.77650    
2.29289    
3.03305    
2.98868    
2.06029    
3.23382    
3.94853    
3.22541    
1.82691    
2.78955    
4.47835    
3.71592    
2.73352    
3.45861    
4.48440    
2.55086    
2.97453    
4.86219    
3.51156    
2.59801    
3.24048    
2.80419    
3.25060    
3.95114    
5.19889    
3.95972    
1.33657    
4.21187    
1.83269    
1.56859    
3.93816    
2.53601    
2.98832    
3.55043    
1.38162    
2.51825    
2.76624    
3.50592    
4.19936    
4.44488    
3.77819    
1.81713    
3.73107    
3.48369    
3.44763    
3.99731    
3.69837    
3.73808    
4.88824    
1.85648    
2.02918    
4.51888    
3.21879    
2.98615    
3.02598    
3.03035    
3.03313    
2.04557    
4.49792    
3.52383    
2.53670    
3.54187    
4.22511    
3.47928    
2.79314    
3.04580    
2.59195    
3.76511    
2.78172    
3.24743    
2.25067    
2.74859    
3.94061    
4.44422    
4.24869    
3.54657    
1.85532    
3.49178    
3.01659    
3.28690    
3.24107    
3.98996    
4.20624    
0.85115    
3.92756    
3.50408    
2.06754    
2.56357    
3.50215    
3.07186    
3.73086    
4.90021    
2.28903    
4.68157    
4.23159    
4.45923    
3.97992    
2.33182    
2.99878    
2.95842    
3.72240    
2.55420    
1.81741    
1.37212    
2.75992    
3.76597    
2.96816    
3.52616    
4.01680    
2.99246    
3.50804    
2.49759    
3.29738    
3.50373    
2.27048    
2.69850    
2.79151    
2.98075    
3.24153    
2.79600    
3.22903    
3.47697    
4.22285    
3.29642    
4.93646    
4.47041    
2.51847    
3.23969    
1.37920    
1.07389    
2.77407    
3.47460    
3.23328    
4.22592    
2.03749    
4.40821    
3.45572    
3.32967    
3.42722    
2.03742    
3.22994    
3.04217    
3.75337    
1.85049    
2.97763    
2.28637    
3.27719    
5.67276    
2.52524    
3.29445    
3.72672    
4.46631    
2.26804    
2.56197    
2.07526    
3.72282    
3.01358    
2.76204    
4.69369    
4.18420    
3.24273    
3.72821    
3.46855    
3.33391    
4.22290    
2.52759    
4.43940    
2.97413    
3.71100    
2.03174    
4.02284    
3.99804    
4.21847    
3.01847    
3.21963    
4.68820    
2.53695    
5.14327    
3.76471    
5.18358    
3.72975    
1.60631    
3.71533    
3.73875    
3.24073    
2.54417    
5.85626    
3.97993    
3.47758    
2.28575    
4.17017    
2.96172    
1.56909    
3.99095    
3.69187    
4.19418    
2.99373    
2.77295    
2.78526    
2.72522    
4.26433    
2.73555    
3.72488    
3.03798    
2.05845    
3.50056    
3.03966    
3.48559    
3.53352    
3.00436    
3.29830    
1.10896    
3.95794    
2.98522    
3.25868    
2.76260    
4.42832    
3.49783    
4.27921    
1.81768    
3.22809    
3.48740    
4.47482    
3.72257    
4.38391    
3.51211    
3.04551    
2.96693    
3.50057    
3.78671    
3.94920    
3.23268    
3.47946    
3.98949    
3.97474    
3.22752    
2.08713    
3.93258    
3.74583    
3.23112    
2.78091    
3.55637    
2.75161    
1.34508    
2.81888    
3.95825    
2.51912    
3.25535    
4.21849    
2.30458    
2.31510    
3.73964    
2.77694    
2.80004    
2.75923    
3.23064    
3.75043    
3.24909    
3.73331    
3.72472    
3.21269    
2.51918    
3.28268    
3.24155    
2.53671    
2.78559    
3.49848    
3.72585    
4.45645    
2.54743    
3.53299    
4.41024    
4.70167    
4.21514    
2.37091    
2.31478    
3.24048    
3.26865    
3.23385    
2.57333    
1.82742    
3.26079    
2.52156    
3.47336    
3.49864    
1.83213    
4.47864    
3.26134    
2.27510    
3.89924    
3.47170    
1.80118    
2.05598    
2.05511    
2.73713    
2.74868    
3.02322    
4.67259    
3.56069    
2.34850    
3.47990    
3.53124    
4.71695    
2.76814    
3.77110    
2.47093    
1.78883    
3.67832    
3.07082    
2.55854    
3.23530    
3.48927    
1.80031    
3.67899    
2.99101    
1.77293    
3.21939    
2.33515    
3.25394    
4.95168    
4.21028    
3.51355    
2.24729    
2.76329    
4.44317    
2.06894    
4.47129    
3.67723    
4.43869    
4.67179    
2.97368    
2.28931    
3.51392    
3.07202    
3.28004    
3.47626    
3.30830    
3.26859    
3.45324    
2.97204    
3.29498    
1.37982    
3.98481    
4.44859    
3.22870    
3.70313    
3.71711    
2.80069    
4.93421    
2.29828    
3.24861    
3.25034    
2.80617    
2.79536    
4.19273    
3.51061    
3.02953    
3.74060    
3.49788    
4.18227    
3.23832    
2.98613    
2.06214    
4.69128    
3.23507    
3.28477    
4.20052    
3.48667    
4.17933    
3.47695    
3.00036    
3.27074    
2.52472    
3.29856    
4.43584    
4.01033    
3.03692    
2.75195    
2.78769    
3.71549    
3.99480    
3.27106    
4.73533    
2.41193    
3.50556    
2.81083    
2.77505    
3.71789    
3.25416    
3.22381    
2.78623    
4.21857    
3.53052    
2.55012    
2.77379    
4.66970    
3.03285    
3.27185    
4.23484    
3.99802    
2.80138    
3.71404    
3.00683    
2.78512    
3.74747    
3.72796    
2.79083    
3.96896    
2.29154    
3.28519    
3.73170    
2.77774    
4.52145    
1.55715    
3.32620    
3.95294    
3.95292    
3.03412    
3.94675    
3.01079    
3.29015    
3.72707    
4.25305    
3.97131    
4.45475    
3.00467    
3.00892    
3.73614    
2.31445    
4.24538    
2.04058    
2.05936    
5.18749    
3.89282    
3.27949    
2.06250    
4.69986    
1.10700    
3.25325    
2.98484    
1.82045    
2.32266    
4.46674    
4.23927    
2.77881    
2.75389    
3.24681    
2.78243    
3.47586    
4.75837    
2.06454    
4.48703    
3.76625    
5.43635    
2.08330    
2.54934    
2.49024    
3.02476    
3.19557    
3.01993    
2.99222    
2.54112    
3.00823    
4.64422    
4.43715    
3.92709    
3.48481    
2.97222    
3.51432    
3.20388    
3.75668    
3.73073    
3.22292    
2.84119    
2.78893    
4.64748    
3.71359    
4.14500    
5.36566    
2.06877    
3.26157    
3.75891    
3.70747    
0.54536    
2.79043    
2.77806    
4.91918    
3.05772    
4.22104    
2.10574    
2.54233    
2.76431    
3.96179    
2.96263    
2.74509    
1.57659    
5.20054    
2.75749    
2.29685    
2.99974    
2.56359    
3.26993    
3.02564    
4.93411    
5.44328    
3.97365    
3.04938    
4.43149    
4.46249    
3.43989    
2.05907    
3.75563    
2.78269    
3.72613    
3.24141    
2.08333    
3.02541    
3.99205    
3.01232    
3.93551    
3.73388    
2.99760    
4.23347    
2.75037    
4.21438    
2.47460    
4.42651    
2.29407    
2.82555    
2.72250    
3.94708    
3.52617    
2.06919    
1.10280    
3.94642    
2.99753    
3.28009    
3.72566    
4.21197    
3.53658    
4.43838    
2.05227    
2.95750    
3.25147    
3.90351    
3.78364    
3.02027    
3.21824    
0.85891    
2.27764    
4.44878    
4.68809    
4.68774    
5.12207    
1.78394    
2.78998    
2.06419    
2.96374    
3.92253    
2.54180    
4.90939    
2.96491    
4.39218    
2.78505    
3.02112    
2.51232    
2.06363    
3.98191    
4.70046    
3.52915    
2.54211    
4.21946    
4.26002    
3.44747    
3.25635    
1.81776    
3.90686    
2.81536    
2.06598    
3.30270    
2.74996    
2.59872    
3.95677    
2.81715    
3.50808    
3.70848    
4.21035    
2.07916    
3.91945    
4.20623    
4.14237    
3.43400    
3.06869    
2.77524    
3.94626    
1.35010    
3.78625    
3.02008    
1.82280    
3.04028    
4.43640    
3.51394    
3.29325    
3.96168    
2.32828    
2.99466    
2.54883    
3.50432    
3.93828    
3.98344    
3.09722    
2.99247    
3.74544    
3.23202    
3.74803    
3.24732    
4.01550    
4.91362    
2.97754    
4.26143    
3.01080    
3.18172    
3.26755    
2.54506    
3.51725    
3.75291    
3.71532    
3.75083    
3.22038    
2.54985    
3.48596    
3.45455    
3.94206    
3.29476    
2.52094    
1.83605    
2.32483    
2.76075    
3.01601    
3.47166    
2.53444    
3.51338    
2.25262    
2.30973    
3.52560    
4.22928    
3.27511    
1.84494    
2.96428    
2.07735    
3.01477    
3.50101    
4.46334    
4.46235    
3.26125    
3.51360    
3.75412    
2.75960    
2.27312    
3.01965    
1.78926    
1.59932    
2.77306    
3.72403    
3.27997    
3.00527    
3.23238    
3.75975    
4.20948    
2.95114    
2.75600    
3.53168    
2.72986    
3.74404    
2.78618    
3.42128    
1.82364    
3.48061    
4.70331    
3.50245    
2.81664    
4.20700    
2.72641    
3.03531    
2.57032    
3.47565    
3.24782    
4.92908    
2.80697    
3.44380    
3.22309    
1.84486    
2.78971    
4.72542    
3.26519    
3.51078    
3.22175    
4.00827    
4.20904    
3.26638    
4.25906    
3.69158    
2.98410    
4.23189    
2.04562    
3.03587    
1.83939    
1.78912    
4.24380    
2.99095    
2.77554    
3.01324    
4.20441    
3.71164    
4.19322    
4.12543    
3.30179    
4.20175    
3.01955    
3.27520    
3.92601    
3.93817    
2.97576    
3.95313    
1.83569    
2.48135    
4.48745    
3.68483    
3.28757    
2.50946    
1.79679    
4.92257    
2.58609    
4.88919    
2.54782    
5.88635    
4.03710    
3.48993    
4.90170    
2.59343    
4.03147    
3.48902    
3.31212    
1.80654    
3.49728    
2.45719    
2.77160    
1.33145    
4.20986    
2.55680    
3.98394    
3.01983    
2.29615    
2.74058    
2.30640    
3.26533    
3.22354    
3.74810    
3.71440    
5.17728    
3.95754    
2.77686    
2.73196    
3.96841    
3.70465    
3.91829    
3.96254    
3.07609    
4.94486    
4.92203    
3.72313    
3.25368    
3.74867    
4.45720    
3.74342    
1.12453    
1.80679    
3.04674    
4.00477    
4.42961    
4.20042    
2.81836    
3.22415    
3.52383    
3.51285    
2.73825    
2.81127    
3.75793    
2.95649    
3.02091    
3.76030    
4.41693    
1.59173    
2.05114    
3.03666    
3.73405    
3.48752    
2.75560    
2.56952    
3.06110    
2.76394    
3.71290    
2.54466    
2.31867    
4.01966    
2.28602    
2.76888    
3.50635    
3.05539    
2.07583    
3.27725    
3.52655    
1.82520    
4.72127    
3.98684    
3.74635    
4.68685    
3.96087    
3.44875    
3.97924    
3.54280    
3.96665    
3.25014    
2.09692    
3.80024    
2.74482    
3.26373    
3.25476    
4.24576    
3.97963    
2.80032    
3.74226    
2.52042    
3.99194    
4.18664    
4.01264    
2.99314    
2.98561    
4.23552    
3.24494    
2.74826    
1.60571    
2.51583    
2.03151    
4.66015    
3.93675    
2.99407    
3.50983    
3.46332    
3.45860    
3.73822    
3.93968    
4.17830    
2.98130    
2.81883    
3.66041    
5.65595    
7.09315    
4.64295    
2.05152    
2.28257    
4.49386    
3.24975    
3.71952    
2.77033    
2.58855    
3.22560    
3.01676    
4.24252    
2.31079    
3.22847    
3.25495    
3.48112    
2.94746    
3.47724    
2.78865    
4.46666    
2.30953    
3.75395    
3.53090    
5.14756    
2.72241    
4.66111    
2.53841    
5.13314    
2.75555    
3.75362    
4.18066    
2.81806    
1.58496    
3.94772    
3.72006    
2.98974    
2.52094    
2.04470    
2.78966    
2.52752    
4.20500    
1.80029    
2.99018    
3.20736    
2.79058    
4.19816    
3.69773    
3.77666    
3.25260    
3.48217    
3.52325    
3.72118    
3.97495    
3.78385    
3.46669    
2.52675    
2.51949    
2.01733    
2.30081    
3.00417    
2.31837    
4.69669    
3.24749    
3.51061    
3.48446    
3.24777    
3.52551    
2.51370    
3.98349    
4.19980    
3.69606    
4.01580    
3.48815    
3.68333    
2.31832    
3.00718    
4.45072    
3.95416    
3.98085    
4.00494    
3.53203    
3.50992    
2.52196    
4.48250    
4.15161    
3.54506    
3.27352    
2.50570    
3.51247    
3.50751    
2.27574    
3.46617    
2.27993    
3.25243    
2.05706    
2.09908    
2.54798    
3.73464    
3.23665    
3.45802    
3.98887    
3.47585    
4.19736    
2.02612    
3.46924    
2.29491    
2.09543    
3.00241    
4.64783    
1.56756    
2.80488    
4.41522    
4.02129    
3.94800    
2.80059    
1.60813    
2.81871    
4.67733    
2.29614    
3.45427    
2.35022    
2.04283    
3.97473    
3.73841    
3.02711    
3.21933    
2.07519    
4.22836    
3.42150    
3.00999    
2.75078    
2.49787    
3.27992    
3.73494    
3.90547    
5.65012    
3.75244    
3.73746    
2.75621    
2.81534    
2.78584    
3.68907    
2.98053    
2.49666    
3.23207    
3.23387    
2.78910    
4.44623    
2.98267    
4.01167    
4.92924    
2.30854    
3.19577    
1.81136    
2.06135    
4.72314    
2.82495    
2.74930    
3.26638    
2.54272    
3.50065    
3.47783    
3.02205    
2.31094    
4.23338    
3.96633    
1.81854    
3.44581    
2.31283    
2.05807    
2.28533    
2.02484    
4.00062    
3.03477    
3.52482    
4.24949    
2.71580    
3.95194    
2.32490    
3.25367    
3.68499    
3.95426    
5.20056    
2.79239    
2.98643    
3.69792    
2.52955    
3.00080    
3.94806    
2.77644    
4.42508    
3.03233    
2.25667    
2.79176    
4.45609    
3.02742    
3.95115    
2.53019    
3.01160    
1.60389    
3.25882    
3.53710    
3.98032    
3.50052    
2.09374    
2.05863    
3.93016    
3.93531    
2.09952    
2.47939    
4.38120    
3.97678    
3.26588    
2.37146    
4.22169    
3.48705    
4.45407    
1.59306    
4.21966    
3.71962    
3.02404    
2.30265    
3.74155    
3.01818    
4.20891    
3.26725    
2.07703    
4.19904    
3.71227    
1.07981    
2.29693    
2.80501    
3.05758    
3.49518    
4.20817    
2.01568    
3.71830    
2.29966    
4.69327    
3.98659    
2.74533    
2.99687    
2.76617    
4.24251    
2.59580    
3.26420    
3.22680    
2.50836    
2.29565    
4.17368    
2.76741    
2.28233    
2.53589    
3.28800    
5.43257    
2.55715    
4.62400    
3.24788    
2.56218    
5.17496    
3.03376    
3.46330    
3.75875    
2.59274    
3.28985    
3.31205    
2.07409    
4.69922    
3.96356    
3.40504    
2.57659    
4.21232    
3.19376    
2.96566    
3.04021    
5.13755    
5.42403    
2.75438    
3.02585    
4.90379    
2.56203    
4.44467    
4.02269    
3.74361    
2.74085    
3.02040    
4.42104    
3.25661    
2.81669    
3.73040    
4.47570    
4.67117    
1.10472    
3.28060    
4.48157    
2.78874    
1.79792    
2.79785    
1.60584    
4.16695    
3.31271    
3.77444    
3.76205    
3.00476    
3.96577    
2.26387    
3.47252    
3.00631    
4.90466    
4.76388    
3.27926    
2.78785    
4.20456    
3.45934    
4.90338    
4.71390    
2.72787    
3.04563    
1.31523    
3.46027    
3.28510    
4.49871    
1.08557    
4.42104    
4.22506    
3.94988    
3.75229    
2.61460    
2.80309    
3.24406    
2.03088    
3.24007    
3.52049    
4.68588    
2.77700    
3.00255    
3.98906    
3.25738    
4.00446    
3.99859    
3.96433    
2.54752    
1.09705    
2.13859    
3.51958    
2.05073    
4.67835    
4.18538    
3.50873    
2.98035    
3.45901    
2.33636    
1.82801    
5.44104    
2.80729    
2.78880    
3.01298    
3.73715    
3.48573    
3.00201    
4.20198    
3.67294    
2.54217    
2.77051    
3.27886    
3.00606    
3.48155    
2.98461    
4.40777    
2.76670    
3.96317    
2.58620    
4.42789    
4.44119    
5.12701    
2.98791    
2.26455    
4.18571    
2.77979    
2.08757    
2.97499    
4.40856    
2.28288    
3.52252    
3.74483    
2.77811    
3.23436    
2.80752    
2.54599    
2.28897    
4.02100    
3.41502    
3.03905    
3.70960    
2.53597    
3.73169    
3.25236    
3.50005    
4.42802    
4.95682    
2.97247    
3.00678    
2.76321    
4.16149    
2.02491    
2.02144    
4.37165    
2.54637    
3.45826    
2.79942    
3.45915    
2.99993    
3.46326    
3.50744    
3.70316    
3.24404    
2.56943    
2.02022    
3.98792    
3.48191    
3.49709    
3.73968    
3.02355    
2.70664    
3.03335    
0.87590    
1.82399    
2.27671    
2.47578    
1.82376    
1.81715    
2.49766    
3.72283    
4.46238    
3.74629    
2.56360    
3.54700    
2.50256    
2.82014    
2.04689    
2.27846    
2.77889    
2.29969    
3.53580    
2.50757    
2.76338    
4.93887    
4.22948    
2.30816    
4.16165    
2.77490    
3.02682    
3.70463    
2.76473    
3.23330    
3.76418    
3.75936    
3.20638    
1.34570    
3.04446    
3.29725    
3.52313    
0.89269    
2.32529    
3.68779    
2.03697    
2.54100    
3.02638    
3.51641    
3.71512    
4.64514    
2.74295    
3.24119    
2.78014    
2.77690    
4.47720    
3.74534    
3.71376    
3.29763    
3.26751    
2.76606    
2.78200    
4.42226    
1.81108    
3.72813    
3.00994    
3.21843    
4.21118    
2.57531    
5.34652    
2.51612    
2.78124    
4.27456    
3.72074    
1.57744    
4.70423    
3.98615    
2.98452    
2.51816    
2.79730    
1.07917    
2.56750    
4.40431    
3.26373    
3.00510    
4.42755    
3.74376    
3.74490    
2.23072    
3.04700    
3.23652    
3.51941    
1.80278    
3.04627    
2.99122    
2.30182    
3.49006    
5.16458    
3.74862    
2.79445    
4.22314    
2.73204    
2.71833    
4.18734    
3.49664    
3.29064    
3.96340    
3.29479    
3.98268    
3.98022    
2.04518    
3.22983    
2.55728    
3.71272    
3.00206    
2.29574    
3.94415    
1.78358    
3.00750    
2.75781    
3.04481    
2.31495    
2.20485    
3.22315    
2.52398    
1.80432    
2.33082    
2.79905    
3.91413    
2.79333    
4.91839    
2.27636    
3.50508    
4.68072    
3.71453    
3.70511    
3.02893    
3.07343    
4.43116    
3.04044    
2.98832    
5.14529    
2.78808    
2.78968    
4.97224    
4.71291    
4.46635    
1.77533    
2.53401    
2.81177    
2.53815    
2.30688    
2.52770    
3.00529    
2.05399    
3.27180    
4.89407    
2.50807    
2.30930    
2.08187    
3.25684    
3.51322    
3.24543    
2.06877    
2.52476    
3.05594    
2.10329    
2.52081    
3.26276    
3.24896    
5.43930    
0.84816    
3.49007    
3.70010    
3.74872    
3.01588    
1.52452    
4.72068    
3.26046    
2.31672    
2.52318    
3.74441    
3.68280    
2.32899    
3.45643    
3.95739    
2.80044    
3.52522    
2.74070    
2.57593    
4.46808    
2.48370    
3.54075    
4.23584    
2.07426    
2.30178    
2.72135    
4.24404    
2.28947    
4.20742    
2.79679    
2.48509    
3.71575    
1.57477    
3.76528    
2.51885    
4.44883    
3.30844    
3.21386    
4.17604    
3.52327    
3.43451    
4.90494    
1.82937    
4.00287    
3.72549    
2.08828    
2.76783    
3.28250    
2.50974    
4.00231    
3.43524    
3.46402    
2.78108    
3.75769    
3.71432    
2.49881    
1.82713    
2.81119    
3.26514    
3.74826    
0.89745    
3.94479    
2.75070    
2.57503    
3.74655    
4.21547    
5.16357    
3.99451    
3.98343    
3.67387    
2.31715    
2.74403    
3.23664    
2.55601    
3.71111    
3.77202    
2.74965    
3.27035    
3.23985    
1.35154    
4.21240    
3.02356    
2.55164    
2.50566    
2.56070    
2.49918    
3.51107    
3.26492    
3.70574    
2.06036    
2.75932    
2.97256    
3.47348    
3.04922    
4.91092    
3.04924    
4.00044    
4.41745    
4.92905    
3.50968    
2.99332    
2.97503    
3.25393    
3.49521    
3.96140    
3.48485    
3.95225    
3.52480    
2.02550    
2.53594    
4.20339    
3.48371    
4.45988    
3.72608    
3.74561    
3.50449    
2.58461    
3.50415    
3.64769    
2.53247    
3.96663    
3.89340    
4.00006    
3.72072    
2.25227    
3.00298    
2.28900    
3.26647    
2.55236    
3.04198    
2.58147    
2.53561    
3.23111    
3.49178    
3.22813    
2.30525    
5.67414    
3.74363    
2.77417    
3.26301    
1.82399    
3.77090    
2.31192    
3.52897    
2.55537    
2.30374    
4.19216    
3.50516    
3.47999    
2.56233    
3.42996    
4.41510    
4.42538    
3.71116    
2.79304    
2.51810    
4.46847    
3.73516    
2.11765    
2.28997    
3.49063    
3.23058    
4.65393    
4.69826    
3.00518    
0.84691    
2.74612    
3.98743    
3.05663    
2.08394    
4.47800    
3.51112    
3.21688    
2.75494    
3.46301    
3.26859    
3.28423    
2.04342    
2.78208    
2.55213    
3.96400    
3.00707    
4.15658    
3.27849    
1.85413    
2.33218    
4.68007    
3.47585    
1.78781    
3.27235    
2.74692    
3.24293    
3.19680    
1.31658    
3.98786    
2.03974    
3.71814    
3.97667    
1.31615    
3.93111    
3.02353    
2.75463    
3.76619    
2.49724    
2.27040    
3.73032    
3.47351    
3.07068    
1.87021    
1.78182    
2.97856    
3.95851    
3.98190    
3.71058    
3.79238    
4.98270    
2.53455    
3.95659    
2.30662    
3.01980    
3.01830    
3.74354    
2.28719    
3.21949    
3.71145    
2.79137    
3.97484    
3.01056    
3.03281    
3.02960    
3.48290    
2.32432    
2.26636    
2.75686    
3.28106    
2.32073    
3.01992    
1.58312    
3.23505    
4.43450    
3.05632    
2.99224    
3.47866    
4.71122    
2.31883    
4.24498    
3.26686    
3.03623    
3.25129    
3.24060    
3.94486    
2.51899    
4.65057    
2.50432    
3.04140    
3.73512    
2.48862    
3.72533    
3.99565    
3.53200    
2.98340    
3.24771    
2.30611    
4.47043    
3.01238    
3.06808    
4.67419    
3.96132    
2.83092    
3.25876    
2.30045    
4.21535    
2.77149    
3.78158    
3.27729    
3.26065    
3.93425    
3.47963    
3.48542    
3.00978    
2.54363    
2.31572    
2.06123    
2.07444    
3.95939    
2.52072    
2.76585    
3.23036    
4.23144    
1.57303    
3.21914    
2.78647    
1.60938    
2.05880    
3.25490    
4.68575    
2.77278    
2.75995    
3.00917    
2.55967    
3.31967    
3.78270    
4.72553    
4.15390    
2.06015    
3.74309    
3.05524    
3.90509    
2.99648    
2.03910    
3.70401    
3.73322    
3.50607    
3.71056    
2.75677    
4.47352    
5.45082    
2.26760    
3.26469    
2.49323    
3.04229    
1.06462    
3.45128    
3.72982    
2.74874    
3.74844    
4.45706    
3.02498    
2.53770    
3.52354    
3.00300    
3.01324    
2.07332    
3.97577    
4.21170    
3.03558    
3.50931    
4.89827    
3.02202    
2.74325    
1.32563    
3.73336    
2.56016    
2.77949    
3.04418    
2.52108    
2.08796    
5.41158    
2.76182    
2.76288    
3.43299    
2.98372    
4.21860    
1.60794    
2.26329    
3.48030    
3.75625    
4.43542    
2.76996    
1.59411    
2.53751    
3.23147    
3.30103    
2.73864    
3.72920    
3.49416    
4.94699    
1.56095    
4.26800    
3.47531    
3.03738    
4.41578    
3.03975    
3.02215    
2.27087    
3.51382    
3.93540    
3.20412    
2.52832    
2.54985    
3.72140    
3.97707    
4.44781    
3.72615    
4.45849    
4.00646    
3.45970    
2.74907    
3.29686    
2.29277    
2.27729    
2.31111    
3.02238    
4.22362    
2.07110    
3.24989    
4.42361    
2.51515    
3.05561    
3.46979    
3.41292    
3.50509    
1.78069    
3.96147    
4.22110    
2.72763    
3.25291    
3.96333    
2.81654    
3.75466    
2.50925    
3.97039    
3.97210    
2.75734    
3.25655    
3.28618    
4.44068    
2.95284    
2.72379    
5.16519    
3.46450    
2.31952    
2.97363    
3.27553    
2.52084    
3.94433    
2.99103    
5.39352    
2.74012    
3.50027    
3.22530    
3.47173    
3.51742    
2.27133    
3.51159    
3.06222    
3.21079    
2.78408    
3.07333    
4.17891    
3.75429    
3.99240    
3.51495    
4.25241    
3.78458    
3.22451    
1.32855    
2.29790    
3.69465    
4.92556    
3.79882    
3.47141    
4.24830    
3.75794    
3.73170    
4.19714    
2.76885    
3.50466    
1.83454    
4.45246    
2.73871    
4.47022    
4.66815    
3.44319    
4.41229    
3.69169    
3.49450    
4.20167    
2.53606    
2.26010    
3.50010    
3.97416    
3.44872    
2.78065    
3.50810    
2.99732    
3.75281    
3.00435    
3.49316    
3.95206    
4.00032    
3.96367    
1.84987    
3.25795    
2.79781    
3.52400    
3.03594    
2.78685    
3.21943    
3.76796    
2.51302    
3.02065    
2.51896    
3.53586    
2.55984    
3.98535    
3.70516    
3.96016    
5.18192    
4.00427    
2.78893    
2.54527    
2.99544    
3.23880    
2.57459    
2.78443    
4.72990    
3.23323    
3.53375    
3.49470    
2.73951    
2.75398    
3.97627    
1.82443    
3.51538    
4.95302    
4.39616    
2.30941    
2.77993    
3.25395    
2.79021    
3.70383    
2.98423    
3.01189    
4.71142    
2.29558    
3.99671    
4.91707    
4.93449    
3.73629    
3.48961    
4.61459    
2.04246    
3.23952    
4.01490    
3.50244    
3.53358    
4.18913    
3.25707    
1.81992    
3.54341    
3.73165    
3.49409    
2.55566    
3.98812    
3.56939    
4.43885    
3.98619    
2.77770    
2.53368    
3.96902    
5.16279    
2.04866    
3.29448    
3.01842    
3.21050    
2.53207    
2.31065    
3.50788    
2.50794    
2.98559    
3.20716    
4.21944    
2.32311    
2.76942    
1.80128    
4.24651    
1.75988    
2.52697    
3.96070    
3.93064    
1.85271    
4.37742    
3.01273    
2.75401    
4.70096    
3.66622    
3.47774    
3.44738    
3.05013    
2.28691    
1.84661    
3.47465    
2.81004    
3.29759    
2.78891    
4.14416    
2.98238    
2.73916    
3.27110    
4.48428    
1.80145    
3.98770    
2.53757    
3.47758    
3.26755    
3.71488    
2.75146    
2.78626    
3.75844    
3.70311    
2.50078    
3.48790    
4.20916    
1.11667    
3.51688    
4.90498    
3.27399    
2.75473    
2.55676    
4.22660    
3.95523    
3.46573    
3.18858    
3.70998    
2.79006    
3.74710    
3.29185    
4.45272    
1.79565    
3.25389    
3.73330    
3.21366    
4.21373    
3.26777    
2.31760    
2.51134    
3.25645    
2.49771    
4.46005    
4.95264    
3.47980    
4.24602    
1.81352    
3.72034    
3.21815    
2.09224    
3.46730    
2.52853    
4.89776    
4.30260    
2.24294    
2.33166    
2.76202    
5.91450    
2.54242    
3.51511    
3.47096    
4.75647    
2.33701    
3.98097    
3.49368    
5.10780    
3.50605    
2.53172    
2.26015    
4.41028    
4.87685    
2.08967    
3.66633    
1.85223    
2.28225    
2.54811    
3.20300    
2.25157    
3.44745    
3.49780    
3.73973    
5.15063    
2.55190    
3.49950    
3.25167    
2.29585    
2.98701    
3.28472    
3.02376    
3.68692    
4.44232    
3.98129    
2.58787    
3.46343    
3.75992    
3.04119    
4.45213    
3.70958    
2.80192    
4.43171    
1.81144    
3.01854    
4.45264    
2.94484    
4.99338    
2.50896    
2.49853    
2.73894    
1.59729    
3.26271    
4.01640    
3.73518    
3.74409    
3.04650    
2.13263    
2.48498    
3.69729    
3.94068    
4.91204    
2.77560    
3.24345    
2.77504    
1.80000    
2.99095    
4.20286    
3.24957    
2.79816    
2.04496    
2.75557    
2.50596    
3.03994    
4.21108    
3.98680    
3.72260    
2.06631    
3.23025    
3.27634    
2.33012    
1.56868    
3.01519    
3.22219    
2.29515    
2.31748    
3.47418    
3.46822    
2.52074    
2.71617    
3.76112    
4.02187    
2.48186    
3.24947    
3.01549    
3.03599    
4.90575    
2.52317    
3.26902    
3.04410    
3.75776    
4.94032    
3.51652    
3.49789    
2.02894    
3.20908    
3.16741    
2.31608    
1.33586    
2.73817    
3.45719    
3.53913    
2.78771    
2.47584    
2.82594    
2.77283    
3.23283    
3.24715    
2.57486    
2.50896    
2.31780    
4.90784    
5.44027    
5.21700    
3.23424    
2.75901    
3.23931    
3.45571    
2.79746    
2.77820    
3.96275    
2.55985    
2.30969    
4.22274    
3.74662    
